Iter     SteadyRMS     UnsteadyRMS
     1   0.242357       0.238631E-01
     2   0.822316E-01   0.169907E-01
     3   0.279011E-01   0.907977E-02
     4   0.946684E-02   0.431623E-02
     5   0.321210E-02   0.192496E-02
     6   0.108986E-02   0.824760E-03
     7   0.369790E-03   0.343805E-03
     8   0.125470E-03   0.140493E-03
     9   0.425718E-04   0.565545E-04
    10   0.144446E-04   0.225006E-04
    11   0.490104E-05   0.886870E-05
    12   0.166292E-05   0.346917E-05
    13   0.564228E-06   0.134854E-05
    14   0.191442E-06   0.521462E-06
    15   0.649563E-07   0.200749E-06
