Iter     SteadyRMS     UnsteadyRMS
     1   0.711727       0.157277E-04
     2   0.707366       0.312622E-04
     3   0.703031       0.466055E-04
     4   0.698723       0.617592E-04
     5   0.694442       0.767251E-04
     6   0.690187       0.915049E-04
     7   0.685958       0.106100E-03
     8   0.681754       0.120513E-03
     9   0.677577       0.134745E-03
    10   0.673425       0.148798E-03
    11   0.669298       0.162673E-03
    12   0.665197       0.176372E-03
    13   0.661121       0.189897E-03
    14   0.657070       0.203249E-03
    15   0.653044       0.216430E-03
    16   0.649042       0.229441E-03
    17   0.645065       0.242285E-03
    18   0.641113       0.254962E-03
    19   0.637184       0.267475E-03
    20   0.633280       0.279824E-03
    21   0.629399       0.292012E-03
    22   0.625543       0.304039E-03
    23   0.621710       0.315908E-03
    24   0.617900       0.327619E-03
    25   0.614114       0.339175E-03
    26   0.610351       0.350577E-03
    27   0.606611       0.361826E-03
    28   0.602894       0.372924E-03
    29   0.599200       0.383871E-03
    30   0.595528       0.394671E-03
    31   0.591879       0.405323E-03
    32   0.588252       0.415830E-03
    33   0.584648       0.426192E-03
    34   0.581065       0.436411E-03
    35   0.577505       0.446489E-03
    36   0.573966       0.456427E-03
    37   0.570449       0.466226E-03
    38   0.566953       0.475887E-03
    39   0.563479       0.485412E-03
    40   0.560027       0.494803E-03
    41   0.556595       0.504060E-03
    42   0.553185       0.513184E-03
    43   0.549795       0.522177E-03
    44   0.546426       0.531041E-03
    45   0.543078       0.539776E-03
    46   0.539750       0.548384E-03
    47   0.536443       0.556866E-03
    48   0.533156       0.565223E-03
    49   0.529889       0.573457E-03
    50   0.526642       0.581568E-03
    51   0.523415       0.589558E-03
    52   0.520207       0.597428E-03
    53   0.517020       0.605179E-03
    54   0.513852       0.612813E-03
    55   0.510703       0.620330E-03
    56   0.507574       0.627731E-03
    57   0.504464       0.635019E-03
    58   0.501372       0.642193E-03
    59   0.498300       0.649255E-03
    60   0.495247       0.656206E-03
    61   0.492212       0.663048E-03
    62   0.489196       0.669781E-03
    63   0.486199       0.676406E-03
    64   0.483219       0.682924E-03
    65   0.480258       0.689337E-03
    66   0.477316       0.695646E-03
    67   0.474391       0.701851E-03
    68   0.471484       0.707954E-03
    69   0.468595       0.713955E-03
    70   0.465724       0.719856E-03
    71   0.462870       0.725658E-03
    72   0.460034       0.731361E-03
    73   0.457215       0.736967E-03
    74   0.454413       0.742477E-03
    75   0.451629       0.747891E-03
    76   0.448861       0.753211E-03
    77   0.446111       0.758437E-03
    78   0.443377       0.763571E-03
    79   0.440660       0.768613E-03
    80   0.437960       0.773564E-03
    81   0.435277       0.778426E-03
    82   0.432609       0.783198E-03
    83   0.429959       0.787883E-03
    84   0.427324       0.792481E-03
    85   0.424706       0.796993E-03
    86   0.422103       0.801419E-03
    87   0.419517       0.805761E-03
    88   0.416946       0.810020E-03
    89   0.414391       0.814196E-03
    90   0.411852       0.818290E-03
    91   0.409328       0.822303E-03
    92   0.406820       0.826236E-03
    93   0.404327       0.830090E-03
    94   0.401850       0.833866E-03
    95   0.399388       0.837563E-03
    96   0.396940       0.841184E-03
    97   0.394508       0.844729E-03
    98   0.392091       0.848199E-03
    99   0.389688       0.851594E-03
   100   0.387300       0.854916E-03
   101   0.384927       0.858165E-03
   102   0.382568       0.861341E-03
   103   0.380224       0.864446E-03
   104   0.377894       0.867481E-03
   105   0.375579       0.870446E-03
   106   0.373277       0.873342E-03
   107   0.370990       0.876169E-03
   108   0.368717       0.878929E-03
   109   0.366457       0.881622E-03
   110   0.364212       0.884249E-03
   111   0.361980       0.886810E-03
   112   0.359762       0.889307E-03
   113   0.357558       0.891739E-03
   114   0.355367       0.894108E-03
   115   0.353189       0.896415E-03
   116   0.351025       0.898659E-03
   117   0.348874       0.900842E-03
   118   0.346736       0.902965E-03
   119   0.344612       0.905027E-03
   120   0.342500       0.907030E-03
   121   0.340401       0.908974E-03
   122   0.338316       0.910861E-03
   123   0.336243       0.912690E-03
   124   0.334182       0.914462E-03
   125   0.332135       0.916178E-03
   126   0.330099       0.917838E-03
   127   0.328077       0.919444E-03
   128   0.326066       0.920995E-03
   129   0.324068       0.922492E-03
   130   0.322083       0.923937E-03
   131   0.320109       0.925329E-03
   132   0.318148       0.926669E-03
   133   0.316198       0.927958E-03
   134   0.314261       0.929196E-03
   135   0.312335       0.930383E-03
   136   0.310421       0.931522E-03
   137   0.308519       0.932611E-03
   138   0.306628       0.933652E-03
   139   0.304750       0.934644E-03
   140   0.302882       0.935590E-03
   141   0.301026       0.936489E-03
   142   0.299182       0.937341E-03
   143   0.297348       0.938147E-03
   144   0.295526       0.938909E-03
   145   0.293716       0.939625E-03
   146   0.291916       0.940298E-03
   147   0.290127       0.940927E-03
   148   0.288349       0.941512E-03
   149   0.286582       0.942055E-03
   150   0.284826       0.942556E-03
   151   0.283081       0.943015E-03
   152   0.281347       0.943434E-03
   153   0.279623       0.943811E-03
   154   0.277909       0.944148E-03
   155   0.276206       0.944446E-03
   156   0.274514       0.944704E-03
   157   0.272832       0.944924E-03
   158   0.271160       0.945105E-03
   159   0.269498       0.945248E-03
   160   0.267847       0.945354E-03
   161   0.266206       0.945423E-03
   162   0.264575       0.945456E-03
   163   0.262953       0.945453E-03
   164   0.261342       0.945414E-03
   165   0.259741       0.945339E-03
   166   0.258149       0.945231E-03
   167   0.256567       0.945088E-03
   168   0.254995       0.944911E-03
   169   0.253433       0.944700E-03
   170   0.251880       0.944457E-03
   171   0.250336       0.944181E-03
   172   0.248802       0.943872E-03
   173   0.247278       0.943532E-03
   174   0.245763       0.943161E-03
   175   0.244257       0.942758E-03
   176   0.242760       0.942325E-03
   177   0.241272       0.941862E-03
   178   0.239794       0.941369E-03
   179   0.238325       0.940847E-03
   180   0.236864       0.940295E-03
   181   0.235413       0.939715E-03
   182   0.233970       0.939106E-03
   183   0.232537       0.938470E-03
   184   0.231112       0.937806E-03
   185   0.229696       0.937115E-03
   186   0.228288       0.936396E-03
   187   0.226889       0.935652E-03
   188   0.225499       0.934881E-03
   189   0.224117       0.934085E-03
   190   0.222744       0.933263E-03
   191   0.221379       0.932415E-03
   192   0.220023       0.931544E-03
   193   0.218675       0.930647E-03
   194   0.217335       0.929727E-03
   195   0.216003       0.928783E-03
   196   0.214679       0.927815E-03
   197   0.213364       0.926824E-03
   198   0.212056       0.925811E-03
   199   0.210757       0.924775E-03
   200   0.209466       0.923717E-03
   201   0.208182       0.922637E-03
   202   0.206906       0.921535E-03
   203   0.205639       0.920412E-03
   204   0.204379       0.919268E-03
   205   0.203126       0.918104E-03
   206   0.201882       0.916919E-03
   207   0.200645       0.915715E-03
   208   0.199415       0.914490E-03
   209   0.198193       0.913246E-03
   210   0.196979       0.911983E-03
   211   0.195772       0.910701E-03
   212   0.194572       0.909400E-03
   213   0.193380       0.908081E-03
   214   0.192195       0.906744E-03
   215   0.191017       0.905389E-03
   216   0.189847       0.904016E-03
   217   0.188683       0.902626E-03
   218   0.187527       0.901220E-03
   219   0.186378       0.899796E-03
   220   0.185236       0.898356E-03
   221   0.184101       0.896900E-03
   222   0.182973       0.895428E-03
   223   0.181852       0.893940E-03
   224   0.180738       0.892437E-03
   225   0.179630       0.890918E-03
   226   0.178529       0.889384E-03
   227   0.177435       0.887836E-03
   228   0.176348       0.886273E-03
   229   0.175268       0.884696E-03
   230   0.174194       0.883105E-03
   231   0.173126       0.881500E-03
   232   0.172065       0.879881E-03
   233   0.171011       0.878250E-03
   234   0.169963       0.876605E-03
   235   0.168922       0.874947E-03
   236   0.167887       0.873276E-03
   237   0.166858       0.871593E-03
   238   0.165835       0.869898E-03
   239   0.164819       0.868191E-03
   240   0.163809       0.866471E-03
   241   0.162806       0.864741E-03
   242   0.161808       0.862999E-03
   243   0.160817       0.861245E-03
   244   0.159831       0.859481E-03
   245   0.158852       0.857706E-03
   246   0.157878       0.855920E-03
   247   0.156911       0.854124E-03
   248   0.155950       0.852318E-03
   249   0.154994       0.850501E-03
   250   0.154044       0.848675E-03
   251   0.153100       0.846840E-03
   252   0.152162       0.844994E-03
   253   0.151230       0.843140E-03
   254   0.150303       0.841276E-03
   255   0.149382       0.839404E-03
   256   0.148467       0.837523E-03
   257   0.147557       0.835633E-03
   258   0.146653       0.833735E-03
   259   0.145754       0.831829E-03
   260   0.144861       0.829915E-03
   261   0.143973       0.827993E-03
   262   0.143091       0.826063E-03
   263   0.142214       0.824126E-03
   264   0.141343       0.822181E-03
   265   0.140477       0.820229E-03
   266   0.139616       0.818271E-03
   267   0.138761       0.816305E-03
   268   0.137910       0.814333E-03
   269   0.137065       0.812354E-03
   270   0.136225       0.810368E-03
   271   0.135391       0.808377E-03
   272   0.134561       0.806379E-03
   273   0.133737       0.804376E-03
   274   0.132917       0.802366E-03
   275   0.132103       0.800351E-03
   276   0.131293       0.798331E-03
   277   0.130489       0.796305E-03
   278   0.129689       0.794274E-03
   279   0.128894       0.792238E-03
   280   0.128105       0.790197E-03
   281   0.127320       0.788151E-03
   282   0.126539       0.786101E-03
   283   0.125764       0.784045E-03
   284   0.124993       0.781986E-03
   285   0.124228       0.779922E-03
   286   0.123466       0.777855E-03
   287   0.122710       0.775783E-03
   288   0.121958       0.773707E-03
   289   0.121211       0.771628E-03
   290   0.120468       0.769545E-03
   291   0.119730       0.767458E-03
   292   0.118996       0.765368E-03
   293   0.118267       0.763275E-03
   294   0.117542       0.761179E-03
   295   0.116822       0.759079E-03
   296   0.116106       0.756977E-03
   297   0.115395       0.754872E-03
   298   0.114688       0.752764E-03
   299   0.113985       0.750654E-03
   300   0.113286       0.748541E-03
   301   0.112592       0.746426E-03
   302   0.111902       0.744309E-03
   303   0.111217       0.742189E-03
   304   0.110535       0.740068E-03
   305   0.109858       0.737944E-03
   306   0.109185       0.735819E-03
   307   0.108516       0.733692E-03
   308   0.107851       0.731563E-03
   309   0.107190       0.729433E-03
   310   0.106533       0.727302E-03
   311   0.105880       0.725169E-03
   312   0.105231       0.723035E-03
   313   0.104587       0.720900E-03
   314   0.103946       0.718764E-03
   315   0.103309       0.716626E-03
   316   0.102676       0.714488E-03
   317   0.102047       0.712350E-03
   318   0.101421       0.710210E-03
   319   0.100800       0.708070E-03
   320   0.100182       0.705930E-03
   321   0.995684E-01   0.703789E-03
   322   0.989583E-01   0.701648E-03
   323   0.983519E-01   0.699506E-03
   324   0.977492E-01   0.697365E-03
   325   0.971503E-01   0.695223E-03
   326   0.965550E-01   0.693081E-03
   327   0.959633E-01   0.690940E-03
   328   0.953753E-01   0.688799E-03
   329   0.947909E-01   0.686657E-03
   330   0.942101E-01   0.684517E-03
   331   0.936328E-01   0.682376E-03
   332   0.930591E-01   0.680236E-03
   333   0.924888E-01   0.678097E-03
   334   0.919221E-01   0.675958E-03
   335   0.913588E-01   0.673820E-03
   336   0.907990E-01   0.671683E-03
   337   0.902427E-01   0.669547E-03
   338   0.896897E-01   0.667411E-03
   339   0.891401E-01   0.665277E-03
   340   0.885939E-01   0.663144E-03
   341   0.880510E-01   0.661011E-03
   342   0.875115E-01   0.658880E-03
   343   0.869753E-01   0.656750E-03
   344   0.864423E-01   0.654622E-03
   345   0.859126E-01   0.652495E-03
   346   0.853862E-01   0.650369E-03
   347   0.848630E-01   0.648245E-03
   348   0.843430E-01   0.646122E-03
   349   0.838262E-01   0.644001E-03
   350   0.833125E-01   0.641882E-03
   351   0.828020E-01   0.639765E-03
   352   0.822947E-01   0.637649E-03
   353   0.817904E-01   0.635535E-03
   354   0.812892E-01   0.633423E-03
   355   0.807911E-01   0.631313E-03
   356   0.802961E-01   0.629205E-03
   357   0.798040E-01   0.627100E-03
   358   0.793150E-01   0.624996E-03
   359   0.788290E-01   0.622894E-03
   360   0.783460E-01   0.620795E-03
   361   0.778659E-01   0.618698E-03
   362   0.773888E-01   0.616604E-03
   363   0.769146E-01   0.614512E-03
   364   0.764433E-01   0.612422E-03
   365   0.759749E-01   0.610335E-03
   366   0.755094E-01   0.608250E-03
   367   0.750467E-01   0.606168E-03
   368   0.745868E-01   0.604088E-03
   369   0.741298E-01   0.602012E-03
   370   0.736755E-01   0.599938E-03
   371   0.732241E-01   0.597866E-03
   372   0.727754E-01   0.595798E-03
   373   0.723295E-01   0.593733E-03
   374   0.718863E-01   0.591670E-03
   375   0.714458E-01   0.589610E-03
   376   0.710080E-01   0.587554E-03
   377   0.705729E-01   0.585500E-03
   378   0.701404E-01   0.583449E-03
   379   0.697107E-01   0.581402E-03
   380   0.692835E-01   0.579357E-03
   381   0.688590E-01   0.577316E-03
   382   0.684370E-01   0.575278E-03
   383   0.680177E-01   0.573244E-03
   384   0.676009E-01   0.571212E-03
   385   0.671867E-01   0.569184E-03
   386   0.667750E-01   0.567160E-03
   387   0.663658E-01   0.565139E-03
   388   0.659591E-01   0.563121E-03
   389   0.655550E-01   0.561107E-03
   390   0.651533E-01   0.559096E-03
   391   0.647541E-01   0.557089E-03
   392   0.643573E-01   0.555085E-03
   393   0.639629E-01   0.553085E-03
   394   0.635710E-01   0.551088E-03
   395   0.631815E-01   0.549096E-03
   396   0.627943E-01   0.547107E-03
   397   0.624095E-01   0.545121E-03
   398   0.620271E-01   0.543140E-03
   399   0.616470E-01   0.541162E-03
   400   0.612693E-01   0.539188E-03
   401   0.608939E-01   0.537218E-03
   402   0.605207E-01   0.535252E-03
   403   0.601499E-01   0.533289E-03
   404   0.597813E-01   0.531331E-03
   405   0.594150E-01   0.529376E-03
   406   0.590509E-01   0.527426E-03
   407   0.586891E-01   0.525479E-03
   408   0.583295E-01   0.523537E-03
   409   0.579721E-01   0.521598E-03
   410   0.576168E-01   0.519664E-03
   411   0.572638E-01   0.517734E-03
   412   0.569129E-01   0.515808E-03
   413   0.565642E-01   0.513886E-03
   414   0.562176E-01   0.511968E-03
   415   0.558731E-01   0.510054E-03
   416   0.555307E-01   0.508145E-03
   417   0.551904E-01   0.506239E-03
   418   0.548523E-01   0.504338E-03
   419   0.545162E-01   0.502442E-03
   420   0.541821E-01   0.500549E-03
   421   0.538501E-01   0.498661E-03
   422   0.535201E-01   0.496777E-03
   423   0.531922E-01   0.494898E-03
   424   0.528662E-01   0.493022E-03
   425   0.525423E-01   0.491152E-03
   426   0.522203E-01   0.489285E-03
   427   0.519004E-01   0.487423E-03
   428   0.515823E-01   0.485566E-03
   429   0.512663E-01   0.483713E-03
   430   0.509521E-01   0.481864E-03
   431   0.506399E-01   0.480020E-03
   432   0.503296E-01   0.478180E-03
   433   0.500212E-01   0.476345E-03
   434   0.497147E-01   0.474514E-03
   435   0.494101E-01   0.472688E-03
   436   0.491073E-01   0.470866E-03
   437   0.488064E-01   0.469049E-03
   438   0.485074E-01   0.467237E-03
   439   0.482101E-01   0.465429E-03
   440   0.479147E-01   0.463625E-03
   441   0.476211E-01   0.461827E-03
   442   0.473293E-01   0.460033E-03
   443   0.470393E-01   0.458243E-03
   444   0.467511E-01   0.456458E-03
   445   0.464646E-01   0.454678E-03
   446   0.461799E-01   0.452902E-03
   447   0.458969E-01   0.451131E-03
   448   0.456157E-01   0.449365E-03
   449   0.453362E-01   0.447604E-03
   450   0.450584E-01   0.445847E-03
   451   0.447823E-01   0.444095E-03
   452   0.445079E-01   0.442347E-03
   453   0.442351E-01   0.440605E-03
   454   0.439641E-01   0.438867E-03
   455   0.436947E-01   0.437133E-03
   456   0.434269E-01   0.435405E-03
   457   0.431608E-01   0.433681E-03
   458   0.428964E-01   0.431962E-03
   459   0.426335E-01   0.430248E-03
   460   0.423723E-01   0.428538E-03
   461   0.421126E-01   0.426834E-03
   462   0.418546E-01   0.425134E-03
   463   0.415981E-01   0.423438E-03
   464   0.413432E-01   0.421748E-03
   465   0.410899E-01   0.420063E-03
   466   0.408381E-01   0.418382E-03
   467   0.405879E-01   0.416706E-03
   468   0.403392E-01   0.415035E-03
   469   0.400920E-01   0.413368E-03
   470   0.398463E-01   0.411707E-03
   471   0.396022E-01   0.410050E-03
   472   0.393595E-01   0.408398E-03
   473   0.391183E-01   0.406751E-03
   474   0.388786E-01   0.405109E-03
   475   0.386404E-01   0.403472E-03
   476   0.384036E-01   0.401839E-03
   477   0.381683E-01   0.400212E-03
   478   0.379344E-01   0.398589E-03
   479   0.377020E-01   0.396971E-03
   480   0.374710E-01   0.395358E-03
   481   0.372414E-01   0.393749E-03
   482   0.370132E-01   0.392146E-03
   483   0.367864E-01   0.390547E-03
   484   0.365610E-01   0.388954E-03
   485   0.363369E-01   0.387365E-03
   486   0.361143E-01   0.385781E-03
   487   0.358930E-01   0.384201E-03
   488   0.356730E-01   0.382627E-03
   489   0.354544E-01   0.381058E-03
   490   0.352372E-01   0.379493E-03
   491   0.350213E-01   0.377933E-03
   492   0.348067E-01   0.376378E-03
   493   0.345934E-01   0.374828E-03
   494   0.343814E-01   0.373283E-03
   495   0.341708E-01   0.371742E-03
   496   0.339614E-01   0.370207E-03
   497   0.337533E-01   0.368676E-03
   498   0.335465E-01   0.367150E-03
   499   0.333409E-01   0.365629E-03
   500   0.331366E-01   0.364113E-03
   501   0.329335E-01   0.362602E-03
   502   0.327317E-01   0.361095E-03
   503   0.325312E-01   0.359593E-03
   504   0.323318E-01   0.358097E-03
   505   0.321337E-01   0.356605E-03
   506   0.319368E-01   0.355117E-03
   507   0.317411E-01   0.353635E-03
   508   0.315466E-01   0.352157E-03
   509   0.313533E-01   0.350685E-03
   510   0.311612E-01   0.349217E-03
   511   0.309703E-01   0.347754E-03
   512   0.307805E-01   0.346295E-03
   513   0.305919E-01   0.344842E-03
   514   0.304044E-01   0.343393E-03
   515   0.302181E-01   0.341949E-03
   516   0.300330E-01   0.340510E-03
   517   0.298489E-01   0.339075E-03
   518   0.296660E-01   0.337646E-03
   519   0.294843E-01   0.336221E-03
   520   0.293036E-01   0.334801E-03
   521   0.291240E-01   0.333386E-03
   522   0.289456E-01   0.331975E-03
   523   0.287682E-01   0.330569E-03
   524   0.285919E-01   0.329168E-03
   525   0.284167E-01   0.327772E-03
   526   0.282426E-01   0.326381E-03
   527   0.280695E-01   0.324994E-03
   528   0.278976E-01   0.323612E-03
   529   0.277266E-01   0.322234E-03
   530   0.275567E-01   0.320862E-03
   531   0.273879E-01   0.319494E-03
   532   0.272200E-01   0.318131E-03
   533   0.270532E-01   0.316772E-03
   534   0.268875E-01   0.315418E-03
   535   0.267227E-01   0.314069E-03
   536   0.265590E-01   0.312725E-03
   537   0.263962E-01   0.311385E-03
   538   0.262345E-01   0.310050E-03
   539   0.260737E-01   0.308719E-03
   540   0.259140E-01   0.307393E-03
   541   0.257552E-01   0.306072E-03
   542   0.255974E-01   0.304756E-03
   543   0.254405E-01   0.303444E-03
   544   0.252846E-01   0.302136E-03
   545   0.251297E-01   0.300834E-03
   546   0.249757E-01   0.299536E-03
   547   0.248227E-01   0.298242E-03
   548   0.246706E-01   0.296953E-03
   549   0.245194E-01   0.295669E-03
   550   0.243692E-01   0.294389E-03
   551   0.242198E-01   0.293114E-03
   552   0.240714E-01   0.291844E-03
   553   0.239239E-01   0.290577E-03
   554   0.237773E-01   0.289316E-03
   555   0.236316E-01   0.288059E-03
   556   0.234868E-01   0.286807E-03
   557   0.233429E-01   0.285559E-03
   558   0.231999E-01   0.284315E-03
   559   0.230577E-01   0.283076E-03
   560   0.229164E-01   0.281842E-03
   561   0.227760E-01   0.280612E-03
   562   0.226364E-01   0.279387E-03
   563   0.224977E-01   0.278166E-03
   564   0.223599E-01   0.276949E-03
   565   0.222229E-01   0.275737E-03
   566   0.220867E-01   0.274530E-03
   567   0.219514E-01   0.273327E-03
   568   0.218169E-01   0.272128E-03
   569   0.216832E-01   0.270934E-03
   570   0.215503E-01   0.269744E-03
   571   0.214183E-01   0.268558E-03
   572   0.212870E-01   0.267377E-03
   573   0.211566E-01   0.266200E-03
   574   0.210269E-01   0.265028E-03
   575   0.208981E-01   0.263860E-03
   576   0.207700E-01   0.262696E-03
   577   0.206428E-01   0.261537E-03
   578   0.205163E-01   0.260382E-03
   579   0.203906E-01   0.259232E-03
   580   0.202656E-01   0.258085E-03
   581   0.201414E-01   0.256943E-03
   582   0.200180E-01   0.255805E-03
   583   0.198954E-01   0.254672E-03
   584   0.197735E-01   0.253543E-03
   585   0.196523E-01   0.252418E-03
   586   0.195319E-01   0.251297E-03
   587   0.194122E-01   0.250181E-03
   588   0.192932E-01   0.249069E-03
   589   0.191750E-01   0.247961E-03
   590   0.190575E-01   0.246857E-03
   591   0.189407E-01   0.245758E-03
   592   0.188247E-01   0.244662E-03
   593   0.187093E-01   0.243571E-03
   594   0.185947E-01   0.242484E-03
   595   0.184808E-01   0.241402E-03
   596   0.183675E-01   0.240323E-03
   597   0.182550E-01   0.239248E-03
   598   0.181431E-01   0.238178E-03
   599   0.180319E-01   0.237112E-03
   600   0.179214E-01   0.236050E-03
   601   0.178116E-01   0.234992E-03
   602   0.177025E-01   0.233938E-03
   603   0.175940E-01   0.232888E-03
   604   0.174862E-01   0.231842E-03
   605   0.173791E-01   0.230801E-03
   606   0.172726E-01   0.229763E-03
   607   0.171667E-01   0.228729E-03
   608   0.170615E-01   0.227700E-03
   609   0.169570E-01   0.226674E-03
   610   0.168531E-01   0.225653E-03
   611   0.167498E-01   0.224635E-03
   612   0.166472E-01   0.223622E-03
   613   0.165452E-01   0.222612E-03
   614   0.164438E-01   0.221607E-03
   615   0.163430E-01   0.220605E-03
   616   0.162429E-01   0.219607E-03
   617   0.161434E-01   0.218614E-03
   618   0.160444E-01   0.217624E-03
   619   0.159461E-01   0.216638E-03
   620   0.158484E-01   0.215656E-03
   621   0.157513E-01   0.214678E-03
   622   0.156548E-01   0.213704E-03
   623   0.155589E-01   0.212733E-03
   624   0.154635E-01   0.211767E-03
   625   0.153688E-01   0.210804E-03
   626   0.152746E-01   0.209845E-03
   627   0.151810E-01   0.208890E-03
   628   0.150880E-01   0.207939E-03
   629   0.149955E-01   0.206992E-03
   630   0.149036E-01   0.206048E-03
   631   0.148123E-01   0.205108E-03
   632   0.147216E-01   0.204172E-03
   633   0.146313E-01   0.203240E-03
   634   0.145417E-01   0.202312E-03
   635   0.144526E-01   0.201387E-03
   636   0.143640E-01   0.200466E-03
   637   0.142760E-01   0.199549E-03
   638   0.141885E-01   0.198635E-03
   639   0.141016E-01   0.197725E-03
   640   0.140152E-01   0.196819E-03
   641   0.139293E-01   0.195916E-03
   642   0.138440E-01   0.195018E-03
   643   0.137591E-01   0.194122E-03
   644   0.136748E-01   0.193231E-03
   645   0.135910E-01   0.192343E-03
   646   0.135077E-01   0.191458E-03
   647   0.134250E-01   0.190578E-03
   648   0.133427E-01   0.189701E-03
   649   0.132610E-01   0.188827E-03
   650   0.131797E-01   0.187957E-03
   651   0.130989E-01   0.187091E-03
   652   0.130187E-01   0.186228E-03
   653   0.129389E-01   0.185369E-03
   654   0.128596E-01   0.184513E-03
   655   0.127808E-01   0.183661E-03
   656   0.127025E-01   0.182812E-03
   657   0.126247E-01   0.181967E-03
   658   0.125473E-01   0.181125E-03
   659   0.124704E-01   0.180287E-03
   660   0.123940E-01   0.179452E-03
   661   0.123181E-01   0.178621E-03
   662   0.122426E-01   0.177793E-03
   663   0.121676E-01   0.176968E-03
   664   0.120930E-01   0.176147E-03
   665   0.120189E-01   0.175330E-03
   666   0.119453E-01   0.174515E-03
   667   0.118721E-01   0.173704E-03
   668   0.117993E-01   0.172897E-03
   669   0.117270E-01   0.172093E-03
   670   0.116552E-01   0.171292E-03
   671   0.115837E-01   0.170495E-03
   672   0.115128E-01   0.169701E-03
   673   0.114422E-01   0.168910E-03
   674   0.113721E-01   0.168123E-03
   675   0.113024E-01   0.167338E-03
   676   0.112332E-01   0.166558E-03
   677   0.111643E-01   0.165780E-03
   678   0.110959E-01   0.165006E-03
   679   0.110279E-01   0.164235E-03
   680   0.109604E-01   0.163467E-03
   681   0.108932E-01   0.162703E-03
   682   0.108265E-01   0.161941E-03
   683   0.107601E-01   0.161183E-03
   684   0.106942E-01   0.160428E-03
   685   0.106287E-01   0.159677E-03
   686   0.105635E-01   0.158928E-03
   687   0.104988E-01   0.158183E-03
   688   0.104345E-01   0.157441E-03
   689   0.103705E-01   0.156702E-03
   690   0.103070E-01   0.155966E-03
   691   0.102438E-01   0.155233E-03
   692   0.101811E-01   0.154503E-03
   693   0.101187E-01   0.153777E-03
   694   0.100567E-01   0.153053E-03
   695   0.999504E-02   0.152333E-03
   696   0.993380E-02   0.151616E-03
   697   0.987293E-02   0.150902E-03
   698   0.981243E-02   0.150190E-03
   699   0.975231E-02   0.149482E-03
   700   0.969255E-02   0.148777E-03
   701   0.963316E-02   0.148075E-03
   702   0.957413E-02   0.147376E-03
   703   0.951546E-02   0.146680E-03
   704   0.945716E-02   0.145987E-03
   705   0.939921E-02   0.145297E-03
   706   0.934161E-02   0.144610E-03
   707   0.928437E-02   0.143926E-03
   708   0.922748E-02   0.143245E-03
   709   0.917094E-02   0.142567E-03
   710   0.911474E-02   0.141891E-03
   711   0.905889E-02   0.141219E-03
   712   0.900338E-02   0.140549E-03
   713   0.894822E-02   0.139883E-03
   714   0.889338E-02   0.139219E-03
   715   0.883889E-02   0.138558E-03
   716   0.878473E-02   0.137900E-03
   717   0.873090E-02   0.137245E-03
   718   0.867740E-02   0.136593E-03
   719   0.862423E-02   0.135944E-03
   720   0.857138E-02   0.135297E-03
   721   0.851886E-02   0.134653E-03
   722   0.846666E-02   0.134012E-03
   723   0.841478E-02   0.133374E-03
   724   0.836322E-02   0.132739E-03
   725   0.831197E-02   0.132106E-03
   726   0.826104E-02   0.131476E-03
   727   0.821042E-02   0.130849E-03
   728   0.816011E-02   0.130225E-03
   729   0.811011E-02   0.129603E-03
   730   0.806042E-02   0.128984E-03
   731   0.801103E-02   0.128368E-03
   732   0.796194E-02   0.127755E-03
   733   0.791315E-02   0.127144E-03
   734   0.786466E-02   0.126536E-03
   735   0.781647E-02   0.125931E-03
   736   0.776858E-02   0.125328E-03
   737   0.772097E-02   0.124728E-03
   738   0.767366E-02   0.124130E-03
   739   0.762664E-02   0.123536E-03
   740   0.757991E-02   0.122943E-03
   741   0.753346E-02   0.122354E-03
   742   0.748730E-02   0.121767E-03
   743   0.744142E-02   0.121182E-03
   744   0.739582E-02   0.120601E-03
   745   0.735051E-02   0.120021E-03
   746   0.730547E-02   0.119445E-03
   747   0.726070E-02   0.118871E-03
   748   0.721621E-02   0.118299E-03
   749   0.717199E-02   0.117730E-03
   750   0.712805E-02   0.117164E-03
   751   0.708437E-02   0.116600E-03
   752   0.704096E-02   0.116038E-03
   753   0.699781E-02   0.115479E-03
   754   0.695494E-02   0.114923E-03
   755   0.691232E-02   0.114369E-03
   756   0.686996E-02   0.113817E-03
   757   0.682787E-02   0.113268E-03
   758   0.678603E-02   0.112722E-03
   759   0.674445E-02   0.112178E-03
   760   0.670312E-02   0.111636E-03
   761   0.666205E-02   0.111097E-03
   762   0.662122E-02   0.110560E-03
   763   0.658065E-02   0.110025E-03
   764   0.654033E-02   0.109493E-03
   765   0.650025E-02   0.108964E-03
   766   0.646042E-02   0.108436E-03
   767   0.642084E-02   0.107911E-03
   768   0.638149E-02   0.107389E-03
   769   0.634239E-02   0.106868E-03
   770   0.630353E-02   0.106351E-03
   771   0.626490E-02   0.105835E-03
   772   0.622651E-02   0.105322E-03
   773   0.618836E-02   0.104811E-03
   774   0.615044E-02   0.104302E-03
   775   0.611275E-02   0.103796E-03
   776   0.607530E-02   0.103292E-03
   777   0.603807E-02   0.102790E-03
   778   0.600107E-02   0.102291E-03
   779   0.596430E-02   0.101793E-03
   780   0.592775E-02   0.101298E-03
   781   0.589143E-02   0.100806E-03
   782   0.585533E-02   0.100315E-03
   783   0.581945E-02   0.998268E-04
   784   0.578379E-02   0.993407E-04
   785   0.574835E-02   0.988569E-04
   786   0.571313E-02   0.983752E-04
   787   0.567812E-02   0.978957E-04
   788   0.564333E-02   0.974184E-04
   789   0.560875E-02   0.969433E-04
   790   0.557438E-02   0.964703E-04
   791   0.554022E-02   0.959995E-04
   792   0.550627E-02   0.955308E-04
   793   0.547253E-02   0.950643E-04
   794   0.543900E-02   0.945999E-04
   795   0.540567E-02   0.941376E-04
   796   0.537255E-02   0.936774E-04
   797   0.533963E-02   0.932193E-04
   798   0.530691E-02   0.927633E-04
   799   0.527439E-02   0.923094E-04
   800   0.524207E-02   0.918576E-04
   801   0.520995E-02   0.914079E-04
   802   0.517803E-02   0.909602E-04
   803   0.514630E-02   0.905145E-04
   804   0.511476E-02   0.900709E-04
   805   0.508342E-02   0.896294E-04
   806   0.505227E-02   0.891898E-04
   807   0.502132E-02   0.887523E-04
   808   0.499055E-02   0.883168E-04
   809   0.495997E-02   0.878833E-04
   810   0.492958E-02   0.874518E-04
   811   0.489937E-02   0.870223E-04
   812   0.486935E-02   0.865948E-04
   813   0.483951E-02   0.861692E-04
   814   0.480986E-02   0.857456E-04
   815   0.478038E-02   0.853239E-04
   816   0.475109E-02   0.849042E-04
   817   0.472198E-02   0.844864E-04
   818   0.469304E-02   0.840706E-04
   819   0.466429E-02   0.836567E-04
   820   0.463571E-02   0.832447E-04
   821   0.460730E-02   0.828346E-04
   822   0.457907E-02   0.824263E-04
   823   0.455101E-02   0.820200E-04
   824   0.452313E-02   0.816156E-04
   825   0.449541E-02   0.812130E-04
   826   0.446786E-02   0.808124E-04
   827   0.444049E-02   0.804135E-04
   828   0.441328E-02   0.800165E-04
   829   0.438623E-02   0.796214E-04
   830   0.435936E-02   0.792281E-04
   831   0.433265E-02   0.788366E-04
   832   0.430610E-02   0.784470E-04
   833   0.427971E-02   0.780591E-04
   834   0.425349E-02   0.776731E-04
   835   0.422742E-02   0.772889E-04
   836   0.420152E-02   0.769064E-04
   837   0.417577E-02   0.765258E-04
   838   0.415019E-02   0.761469E-04
   839   0.412476E-02   0.757698E-04
   840   0.409948E-02   0.753944E-04
   841   0.407436E-02   0.750208E-04
   842   0.404940E-02   0.746489E-04
   843   0.402458E-02   0.742788E-04
   844   0.399992E-02   0.739104E-04
   845   0.397541E-02   0.735438E-04
   846   0.395105E-02   0.731788E-04
   847   0.392684E-02   0.728156E-04
   848   0.390278E-02   0.724540E-04
   849   0.387887E-02   0.720942E-04
   850   0.385510E-02   0.717360E-04
   851   0.383148E-02   0.713796E-04
   852   0.380800E-02   0.710248E-04
   853   0.378467E-02   0.706716E-04
   854   0.376147E-02   0.703202E-04
   855   0.373843E-02   0.699703E-04
   856   0.371552E-02   0.696222E-04
   857   0.369275E-02   0.692756E-04
   858   0.367012E-02   0.689307E-04
   859   0.364764E-02   0.685874E-04
   860   0.362528E-02   0.682458E-04
   861   0.360307E-02   0.679057E-04
   862   0.358099E-02   0.675672E-04
   863   0.355905E-02   0.672304E-04
   864   0.353724E-02   0.668951E-04
   865   0.351557E-02   0.665614E-04
   866   0.349402E-02   0.662293E-04
   867   0.347261E-02   0.658988E-04
   868   0.345134E-02   0.655698E-04
   869   0.343019E-02   0.652424E-04
   870   0.340917E-02   0.649165E-04
   871   0.338828E-02   0.645922E-04
   872   0.336752E-02   0.642694E-04
   873   0.334688E-02   0.639481E-04
   874   0.332637E-02   0.636284E-04
   875   0.330599E-02   0.633101E-04
   876   0.328573E-02   0.629934E-04
   877   0.326560E-02   0.626782E-04
   878   0.324559E-02   0.623645E-04
   879   0.322570E-02   0.620522E-04
   880   0.320594E-02   0.617415E-04
   881   0.318629E-02   0.614322E-04
   882   0.316677E-02   0.611244E-04
   883   0.314736E-02   0.608181E-04
   884   0.312808E-02   0.605132E-04
   885   0.310891E-02   0.602098E-04
   886   0.308986E-02   0.599078E-04
   887   0.307093E-02   0.596073E-04
   888   0.305211E-02   0.593082E-04
   889   0.303341E-02   0.590105E-04
   890   0.301482E-02   0.587142E-04
   891   0.299635E-02   0.584194E-04
   892   0.297799E-02   0.581259E-04
   893   0.295974E-02   0.578339E-04
   894   0.294160E-02   0.575432E-04
   895   0.292358E-02   0.572540E-04
   896   0.290566E-02   0.569661E-04
   897   0.288786E-02   0.566796E-04
   898   0.287016E-02   0.563945E-04
   899   0.285258E-02   0.561107E-04
   900   0.283510E-02   0.558283E-04
   901   0.281773E-02   0.555472E-04
   902   0.280046E-02   0.552675E-04
   903   0.278330E-02   0.549892E-04
   904   0.276625E-02   0.547121E-04
   905   0.274929E-02   0.544364E-04
   906   0.273245E-02   0.541621E-04
   907   0.271571E-02   0.538890E-04
   908   0.269906E-02   0.536173E-04
   909   0.268253E-02   0.533468E-04
   910   0.266609E-02   0.530777E-04
   911   0.264975E-02   0.528098E-04
   912   0.263352E-02   0.525433E-04
   913   0.261738E-02   0.522780E-04
   914   0.260134E-02   0.520140E-04
   915   0.258540E-02   0.517513E-04
   916   0.256956E-02   0.514898E-04
   917   0.255381E-02   0.512296E-04
   918   0.253816E-02   0.509706E-04
   919   0.252261E-02   0.507129E-04
   920   0.250715E-02   0.504565E-04
   921   0.249179E-02   0.502013E-04
   922   0.247652E-02   0.499473E-04
   923   0.246135E-02   0.496945E-04
   924   0.244627E-02   0.494430E-04
   925   0.243128E-02   0.491927E-04
   926   0.241638E-02   0.489435E-04
   927   0.240157E-02   0.486956E-04
   928   0.238686E-02   0.484489E-04
   929   0.237223E-02   0.482034E-04
   930   0.235769E-02   0.479591E-04
   931   0.234325E-02   0.477159E-04
   932   0.232889E-02   0.474740E-04
   933   0.231462E-02   0.472332E-04
   934   0.230044E-02   0.469936E-04
   935   0.228634E-02   0.467551E-04
   936   0.227233E-02   0.465178E-04
   937   0.225841E-02   0.462816E-04
   938   0.224457E-02   0.460466E-04
   939   0.223081E-02   0.458127E-04
   940   0.221714E-02   0.455800E-04
   941   0.220356E-02   0.453484E-04
   942   0.219006E-02   0.451179E-04
   943   0.217664E-02   0.448886E-04
   944   0.216330E-02   0.446603E-04
   945   0.215004E-02   0.444332E-04
   946   0.213687E-02   0.442072E-04
   947   0.212378E-02   0.439823E-04
   948   0.211076E-02   0.437584E-04
   949   0.209783E-02   0.435357E-04
   950   0.208497E-02   0.433141E-04
   951   0.207220E-02   0.430935E-04
   952   0.205950E-02   0.428740E-04
   953   0.204688E-02   0.426556E-04
   954   0.203434E-02   0.424382E-04
   955   0.202187E-02   0.422219E-04
   956   0.200948E-02   0.420067E-04
   957   0.199717E-02   0.417925E-04
   958   0.198493E-02   0.415794E-04
   959   0.197277E-02   0.413673E-04
   960   0.196068E-02   0.411562E-04
   961   0.194867E-02   0.409462E-04
   962   0.193673E-02   0.407372E-04
   963   0.192486E-02   0.405292E-04
   964   0.191306E-02   0.403222E-04
   965   0.190134E-02   0.401163E-04
   966   0.188969E-02   0.399113E-04
   967   0.187811E-02   0.397074E-04
   968   0.186660E-02   0.395045E-04
   969   0.185517E-02   0.393025E-04
   970   0.184380E-02   0.391016E-04
   971   0.183250E-02   0.389016E-04
   972   0.182127E-02   0.387026E-04
   973   0.181011E-02   0.385046E-04
   974   0.179902E-02   0.383076E-04
   975   0.178800E-02   0.381115E-04
   976   0.177704E-02   0.379165E-04
   977   0.176615E-02   0.377223E-04
   978   0.175533E-02   0.375291E-04
   979   0.174457E-02   0.373369E-04
   980   0.173388E-02   0.371456E-04
   981   0.172326E-02   0.369553E-04
   982   0.171270E-02   0.367658E-04
   983   0.170221E-02   0.365774E-04
   984   0.169178E-02   0.363898E-04
   985   0.168141E-02   0.362032E-04
   986   0.167111E-02   0.360175E-04
   987   0.166087E-02   0.358327E-04
   988   0.165069E-02   0.356488E-04
   989   0.164057E-02   0.354659E-04
   990   0.163052E-02   0.352838E-04
   991   0.162053E-02   0.351026E-04
   992   0.161060E-02   0.349223E-04
   993   0.160073E-02   0.347430E-04
   994   0.159092E-02   0.345645E-04
   995   0.158117E-02   0.343869E-04
   996   0.157149E-02   0.342101E-04
   997   0.156186E-02   0.340343E-04
   998   0.155229E-02   0.338593E-04
   999   0.154277E-02   0.336851E-04
  1000   0.153332E-02   0.335119E-04
  1001   0.152393E-02   0.333395E-04
  1002   0.151459E-02   0.331679E-04
  1003   0.150531E-02   0.329972E-04
  1004   0.149608E-02   0.328274E-04
  1005   0.148692E-02   0.326583E-04
  1006   0.147780E-02   0.324902E-04
  1007   0.146875E-02   0.323228E-04
  1008   0.145975E-02   0.321563E-04
  1009   0.145080E-02   0.319906E-04
  1010   0.144191E-02   0.318258E-04
  1011   0.143308E-02   0.316617E-04
  1012   0.142430E-02   0.314985E-04
  1013   0.141557E-02   0.313361E-04
  1014   0.140690E-02   0.311745E-04
  1015   0.139828E-02   0.310136E-04
  1016   0.138971E-02   0.308536E-04
  1017   0.138119E-02   0.306944E-04
  1018   0.137273E-02   0.305360E-04
  1019   0.136432E-02   0.303784E-04
  1020   0.135596E-02   0.302215E-04
  1021   0.134765E-02   0.300655E-04
  1022   0.133939E-02   0.299102E-04
  1023   0.133118E-02   0.297556E-04
  1024   0.132303E-02   0.296019E-04
  1025   0.131492E-02   0.294489E-04
  1026   0.130686E-02   0.292967E-04
  1027   0.129885E-02   0.291452E-04
  1028   0.129090E-02   0.289945E-04
  1029   0.128299E-02   0.288446E-04
  1030   0.127512E-02   0.286954E-04
  1031   0.126731E-02   0.285469E-04
  1032   0.125955E-02   0.283992E-04
  1033   0.125183E-02   0.282522E-04
  1034   0.124416E-02   0.281060E-04
  1035   0.123653E-02   0.279605E-04
  1036   0.122896E-02   0.278157E-04
  1037   0.122143E-02   0.276716E-04
  1038   0.121394E-02   0.275283E-04
  1039   0.120650E-02   0.273857E-04
  1040   0.119911E-02   0.272437E-04
  1041   0.119176E-02   0.271025E-04
  1042   0.118446E-02   0.269621E-04
  1043   0.117720E-02   0.268223E-04
  1044   0.116999E-02   0.266832E-04
  1045   0.116282E-02   0.265448E-04
  1046   0.115569E-02   0.264071E-04
  1047   0.114861E-02   0.262701E-04
  1048   0.114157E-02   0.261338E-04
  1049   0.113458E-02   0.259981E-04
  1050   0.112763E-02   0.258632E-04
  1051   0.112072E-02   0.257289E-04
  1052   0.111385E-02   0.255953E-04
  1053   0.110703E-02   0.254623E-04
  1054   0.110024E-02   0.253301E-04
  1055   0.109350E-02   0.251985E-04
  1056   0.108680E-02   0.250675E-04
  1057   0.108014E-02   0.249372E-04
  1058   0.107352E-02   0.248076E-04
  1059   0.106694E-02   0.246786E-04
  1060   0.106041E-02   0.245503E-04
  1061   0.105391E-02   0.244226E-04
  1062   0.104745E-02   0.242956E-04
  1063   0.104103E-02   0.241692E-04
  1064   0.103465E-02   0.240434E-04
  1065   0.102831E-02   0.239183E-04
  1066   0.102201E-02   0.237938E-04
  1067   0.101575E-02   0.236699E-04
  1068   0.100953E-02   0.235467E-04
  1069   0.100334E-02   0.234240E-04
  1070   0.997192E-03   0.233020E-04
  1071   0.991081E-03   0.231806E-04
  1072   0.985008E-03   0.230598E-04
  1073   0.978973E-03   0.229397E-04
  1074   0.972974E-03   0.228201E-04
  1075   0.967012E-03   0.227011E-04
  1076   0.961087E-03   0.225828E-04
  1077   0.955197E-03   0.224650E-04
  1078   0.949344E-03   0.223478E-04
  1079   0.943527E-03   0.222313E-04
  1080   0.937746E-03   0.221153E-04
  1081   0.932000E-03   0.219999E-04
  1082   0.926289E-03   0.218850E-04
  1083   0.920613E-03   0.217708E-04
  1084   0.914972E-03   0.216571E-04
  1085   0.909365E-03   0.215441E-04
  1086   0.903793E-03   0.214315E-04
  1087   0.898255E-03   0.213196E-04
  1088   0.892751E-03   0.212082E-04
  1089   0.887281E-03   0.210974E-04
  1090   0.881844E-03   0.209872E-04
  1091   0.876440E-03   0.208775E-04
  1092   0.871070E-03   0.207683E-04
  1093   0.865732E-03   0.206597E-04
  1094   0.860427E-03   0.205517E-04
  1095   0.855155E-03   0.204442E-04
  1096   0.849915E-03   0.203373E-04
  1097   0.844707E-03   0.202309E-04
  1098   0.839531E-03   0.201250E-04
  1099   0.834387E-03   0.200197E-04
  1100   0.829274E-03   0.199149E-04
  1101   0.824193E-03   0.198107E-04
  1102   0.819142E-03   0.197069E-04
  1103   0.814123E-03   0.196037E-04
  1104   0.809135E-03   0.195011E-04
  1105   0.804176E-03   0.193989E-04
  1106   0.799249E-03   0.192973E-04
  1107   0.794351E-03   0.191962E-04
  1108   0.789484E-03   0.190956E-04
  1109   0.784646E-03   0.189955E-04
  1110   0.779838E-03   0.188959E-04
  1111   0.775060E-03   0.187968E-04
  1112   0.770311E-03   0.186983E-04
  1113   0.765591E-03   0.186002E-04
  1114   0.760899E-03   0.185026E-04
  1115   0.756237E-03   0.184055E-04
  1116   0.751603E-03   0.183090E-04
  1117   0.746998E-03   0.182129E-04
  1118   0.742420E-03   0.181173E-04
  1119   0.737871E-03   0.180222E-04
  1120   0.733350E-03   0.179276E-04
  1121   0.728856E-03   0.178334E-04
  1122   0.724390E-03   0.177398E-04
  1123   0.719951E-03   0.176466E-04
  1124   0.715540E-03   0.175539E-04
  1125   0.711155E-03   0.174616E-04
  1126   0.706798E-03   0.173699E-04
  1127   0.702467E-03   0.172786E-04
  1128   0.698162E-03   0.171878E-04
  1129   0.693884E-03   0.170974E-04
  1130   0.689632E-03   0.170075E-04
  1131   0.685407E-03   0.169181E-04
  1132   0.681207E-03   0.168291E-04
  1133   0.677033E-03   0.167405E-04
  1134   0.672884E-03   0.166525E-04
  1135   0.668761E-03   0.165648E-04
  1136   0.664663E-03   0.164777E-04
  1137   0.660590E-03   0.163909E-04
  1138   0.656542E-03   0.163046E-04
  1139   0.652519E-03   0.162188E-04
  1140   0.648521E-03   0.161334E-04
  1141   0.644547E-03   0.160484E-04
  1142   0.640598E-03   0.159639E-04
  1143   0.636672E-03   0.158798E-04
  1144   0.632771E-03   0.157961E-04
  1145   0.628894E-03   0.157129E-04
  1146   0.625040E-03   0.156301E-04
  1147   0.621210E-03   0.155477E-04
  1148   0.617404E-03   0.154657E-04
  1149   0.613621E-03   0.153842E-04
  1150   0.609861E-03   0.153030E-04
  1151   0.606124E-03   0.152223E-04
  1152   0.602410E-03   0.151420E-04
  1153   0.598718E-03   0.150621E-04
  1154   0.595050E-03   0.149827E-04
  1155   0.591403E-03   0.149036E-04
  1156   0.587780E-03   0.148249E-04
  1157   0.584178E-03   0.147467E-04
  1158   0.580598E-03   0.146688E-04
  1159   0.577041E-03   0.145914E-04
  1160   0.573505E-03   0.145143E-04
  1161   0.569991E-03   0.144376E-04
  1162   0.566498E-03   0.143614E-04
  1163   0.563027E-03   0.142855E-04
  1164   0.559577E-03   0.142100E-04
  1165   0.556148E-03   0.141349E-04
  1166   0.552740E-03   0.140602E-04
  1167   0.549353E-03   0.139859E-04
  1168   0.545987E-03   0.139119E-04
  1169   0.542641E-03   0.138384E-04
  1170   0.539316E-03   0.137652E-04
  1171   0.536012E-03   0.136924E-04
  1172   0.532727E-03   0.136200E-04
  1173   0.529463E-03   0.135479E-04
  1174   0.526219E-03   0.134762E-04
  1175   0.522994E-03   0.134049E-04
  1176   0.519790E-03   0.133340E-04
  1177   0.516605E-03   0.132634E-04
  1178   0.513439E-03   0.131932E-04
  1179   0.510293E-03   0.131233E-04
  1180   0.507166E-03   0.130538E-04
  1181   0.504058E-03   0.129847E-04
  1182   0.500970E-03   0.129159E-04
  1183   0.497900E-03   0.128475E-04
  1184   0.494849E-03   0.127794E-04
  1185   0.491817E-03   0.127117E-04
  1186   0.488803E-03   0.126443E-04
  1187   0.485808E-03   0.125773E-04
  1188   0.482831E-03   0.125106E-04
  1189   0.479873E-03   0.124443E-04
  1190   0.476932E-03   0.123783E-04
  1191   0.474010E-03   0.123127E-04
  1192   0.471105E-03   0.122474E-04
  1193   0.468219E-03   0.121824E-04
  1194   0.465350E-03   0.121178E-04
  1195   0.462498E-03   0.120535E-04
  1196   0.459664E-03   0.119895E-04
  1197   0.456847E-03   0.119259E-04
  1198   0.454048E-03   0.118626E-04
  1199   0.451266E-03   0.117996E-04
  1200   0.448501E-03   0.117369E-04
  1201   0.445753E-03   0.116746E-04
  1202   0.443021E-03   0.116126E-04
  1203   0.440307E-03   0.115509E-04
  1204   0.437609E-03   0.114895E-04
  1205   0.434927E-03   0.114285E-04
  1206   0.432262E-03   0.113678E-04
  1207   0.429613E-03   0.113074E-04
  1208   0.426981E-03   0.112473E-04
  1209   0.424364E-03   0.111875E-04
  1210   0.421764E-03   0.111280E-04
  1211   0.419180E-03   0.110688E-04
  1212   0.416611E-03   0.110100E-04
  1213   0.414058E-03   0.109514E-04
  1214   0.411521E-03   0.108932E-04
  1215   0.409000E-03   0.108352E-04
  1216   0.406493E-03   0.107776E-04
  1217   0.404003E-03   0.107202E-04
  1218   0.401527E-03   0.106632E-04
  1219   0.399067E-03   0.106064E-04
  1220   0.396621E-03   0.105499E-04
  1221   0.394191E-03   0.104938E-04
  1222   0.391776E-03   0.104379E-04
  1223   0.389375E-03   0.103823E-04
  1224   0.386989E-03   0.103270E-04
  1225   0.384618E-03   0.102720E-04
  1226   0.382261E-03   0.102173E-04
  1227   0.379919E-03   0.101629E-04
  1228   0.377591E-03   0.101087E-04
  1229   0.375277E-03   0.100548E-04
  1230   0.372978E-03   0.100013E-04
  1231   0.370692E-03   0.994794E-05
  1232   0.368421E-03   0.989491E-05
  1233   0.366163E-03   0.984215E-05
  1234   0.363919E-03   0.978967E-05
  1235   0.361690E-03   0.973746E-05
  1236   0.359473E-03   0.968552E-05
  1237   0.357271E-03   0.963385E-05
  1238   0.355081E-03   0.958246E-05
  1239   0.352906E-03   0.953133E-05
  1240   0.350743E-03   0.948046E-05
  1241   0.348594E-03   0.942987E-05
  1242   0.346458E-03   0.937953E-05
  1243   0.344335E-03   0.932946E-05
  1244   0.342225E-03   0.927965E-05
  1245   0.340128E-03   0.923010E-05
  1246   0.338044E-03   0.918081E-05
  1247   0.335972E-03   0.913178E-05
  1248   0.333914E-03   0.908300E-05
  1249   0.331868E-03   0.903448E-05
  1250   0.329834E-03   0.898621E-05
  1251   0.327813E-03   0.893820E-05
  1252   0.325804E-03   0.889043E-05
  1253   0.323808E-03   0.884291E-05
  1254   0.321824E-03   0.879564E-05
  1255   0.319852E-03   0.874862E-05
  1256   0.317892E-03   0.870185E-05
  1257   0.315944E-03   0.865532E-05
  1258   0.314008E-03   0.860903E-05
  1259   0.312084E-03   0.856299E-05
  1260   0.310172E-03   0.851718E-05
  1261   0.308271E-03   0.847162E-05
  1262   0.306382E-03   0.842629E-05
  1263   0.304505E-03   0.838120E-05
  1264   0.302639E-03   0.833635E-05
  1265   0.300784E-03   0.829173E-05
  1266   0.298941E-03   0.824735E-05
  1267   0.297110E-03   0.820320E-05
  1268   0.295289E-03   0.815928E-05
  1269   0.293480E-03   0.811559E-05
  1270   0.291681E-03   0.807212E-05
  1271   0.289894E-03   0.802889E-05
  1272   0.288118E-03   0.798588E-05
  1273   0.286352E-03   0.794310E-05
  1274   0.284598E-03   0.790055E-05
  1275   0.282854E-03   0.785821E-05
  1276   0.281121E-03   0.781610E-05
  1277   0.279398E-03   0.777421E-05
  1278   0.277686E-03   0.773254E-05
  1279   0.275984E-03   0.769108E-05
  1280   0.274293E-03   0.764985E-05
  1281   0.272613E-03   0.760883E-05
  1282   0.270942E-03   0.756803E-05
  1283   0.269282E-03   0.752744E-05
  1284   0.267632E-03   0.748706E-05
  1285   0.265992E-03   0.744690E-05
  1286   0.264362E-03   0.740694E-05
  1287   0.262742E-03   0.736720E-05
  1288   0.261132E-03   0.732767E-05
  1289   0.259532E-03   0.728834E-05
  1290   0.257942E-03   0.724922E-05
  1291   0.256361E-03   0.721031E-05
  1292   0.254790E-03   0.717160E-05
  1293   0.253229E-03   0.713309E-05
  1294   0.251677E-03   0.709479E-05
  1295   0.250135E-03   0.705669E-05
  1296   0.248603E-03   0.701878E-05
  1297   0.247079E-03   0.698108E-05
  1298   0.245565E-03   0.694358E-05
  1299   0.244061E-03   0.690627E-05
  1300   0.242565E-03   0.686916E-05
  1301   0.241079E-03   0.683225E-05
  1302   0.239601E-03   0.679553E-05
  1303   0.238133E-03   0.675900E-05
  1304   0.236674E-03   0.672266E-05
  1305   0.235224E-03   0.668652E-05
  1306   0.233783E-03   0.665057E-05
  1307   0.232350E-03   0.661481E-05
  1308   0.230926E-03   0.657923E-05
  1309   0.229511E-03   0.654384E-05
  1310   0.228105E-03   0.650864E-05
  1311   0.226707E-03   0.647363E-05
  1312   0.225318E-03   0.643880E-05
  1313   0.223937E-03   0.640415E-05
  1314   0.222565E-03   0.636969E-05
  1315   0.221201E-03   0.633540E-05
  1316   0.219846E-03   0.630130E-05
  1317   0.218499E-03   0.626738E-05
  1318   0.217160E-03   0.623364E-05
  1319   0.215829E-03   0.620007E-05
  1320   0.214507E-03   0.616669E-05
  1321   0.213192E-03   0.613347E-05
  1322   0.211886E-03   0.610044E-05
  1323   0.210588E-03   0.606758E-05
  1324   0.209297E-03   0.603489E-05
  1325   0.208015E-03   0.600238E-05
  1326   0.206740E-03   0.597003E-05
  1327   0.205473E-03   0.593786E-05
  1328   0.204214E-03   0.590586E-05
  1329   0.202963E-03   0.587402E-05
  1330   0.201719E-03   0.584236E-05
  1331   0.200483E-03   0.581086E-05
  1332   0.199255E-03   0.577953E-05
  1333   0.198034E-03   0.574837E-05
  1334   0.196820E-03   0.571737E-05
  1335   0.195614E-03   0.568653E-05
  1336   0.194416E-03   0.565586E-05
  1337   0.193225E-03   0.562535E-05
  1338   0.192041E-03   0.559500E-05
  1339   0.190864E-03   0.556481E-05
  1340   0.189694E-03   0.553478E-05
  1341   0.188532E-03   0.550491E-05
  1342   0.187377E-03   0.547520E-05
  1343   0.186229E-03   0.544564E-05
  1344   0.185087E-03   0.541624E-05
  1345   0.183953E-03   0.538700E-05
  1346   0.182826E-03   0.535791E-05
  1347   0.181706E-03   0.532898E-05
  1348   0.180592E-03   0.530020E-05
  1349   0.179486E-03   0.527157E-05
  1350   0.178386E-03   0.524310E-05
  1351   0.177293E-03   0.521477E-05
  1352   0.176207E-03   0.518660E-05
  1353   0.175127E-03   0.515857E-05
  1354   0.174054E-03   0.513070E-05
  1355   0.172987E-03   0.510297E-05
  1356   0.171927E-03   0.507539E-05
  1357   0.170874E-03   0.504795E-05
  1358   0.169827E-03   0.502066E-05
  1359   0.168786E-03   0.499352E-05
  1360   0.167752E-03   0.496652E-05
  1361   0.166724E-03   0.493966E-05
  1362   0.165702E-03   0.491294E-05
  1363   0.164687E-03   0.488637E-05
  1364   0.163678E-03   0.485994E-05
  1365   0.162675E-03   0.483365E-05
  1366   0.161678E-03   0.480750E-05
  1367   0.160687E-03   0.478148E-05
  1368   0.159703E-03   0.475561E-05
  1369   0.158724E-03   0.472987E-05
  1370   0.157752E-03   0.470427E-05
  1371   0.156785E-03   0.467881E-05
  1372   0.155824E-03   0.465348E-05
  1373   0.154869E-03   0.462828E-05
  1374   0.153920E-03   0.460322E-05
  1375   0.152977E-03   0.457829E-05
  1376   0.152040E-03   0.455350E-05
  1377   0.151108E-03   0.452884E-05
  1378   0.150182E-03   0.450431E-05
  1379   0.149262E-03   0.447991E-05
  1380   0.148347E-03   0.445563E-05
  1381   0.147438E-03   0.443149E-05
  1382   0.146535E-03   0.440748E-05
  1383   0.145637E-03   0.438359E-05
  1384   0.144745E-03   0.435983E-05
  1385   0.143858E-03   0.433620E-05
  1386   0.142976E-03   0.431270E-05
  1387   0.142100E-03   0.428932E-05
  1388   0.141230E-03   0.426606E-05
  1389   0.140364E-03   0.424293E-05
  1390   0.139504E-03   0.421992E-05
  1391   0.138649E-03   0.419703E-05
  1392   0.137800E-03   0.417427E-05
  1393   0.136955E-03   0.415162E-05
  1394   0.136116E-03   0.412910E-05
  1395   0.135282E-03   0.410670E-05
  1396   0.134453E-03   0.408441E-05
  1397   0.133629E-03   0.406225E-05
  1398   0.132810E-03   0.404020E-05
  1399   0.131997E-03   0.401828E-05
  1400   0.131188E-03   0.399646E-05
  1401   0.130384E-03   0.397477E-05
  1402   0.129585E-03   0.395319E-05
  1403   0.128791E-03   0.393173E-05
  1404   0.128002E-03   0.391038E-05
  1405   0.127217E-03   0.388914E-05
  1406   0.126438E-03   0.386802E-05
  1407   0.125663E-03   0.384701E-05
  1408   0.124893E-03   0.382611E-05
  1409   0.124128E-03   0.380533E-05
  1410   0.123367E-03   0.378465E-05
  1411   0.122611E-03   0.376409E-05
  1412   0.121860E-03   0.374363E-05
  1413   0.121113E-03   0.372329E-05
  1414   0.120371E-03   0.370305E-05
  1415   0.119634E-03   0.368292E-05
  1416   0.118900E-03   0.366290E-05
  1417   0.118172E-03   0.364299E-05
  1418   0.117448E-03   0.362318E-05
  1419   0.116728E-03   0.360348E-05
  1420   0.116013E-03   0.358388E-05
  1421   0.115302E-03   0.356439E-05
  1422   0.114595E-03   0.354500E-05
  1423   0.113893E-03   0.352572E-05
  1424   0.113195E-03   0.350654E-05
  1425   0.112502E-03   0.348746E-05
  1426   0.111812E-03   0.346849E-05
  1427   0.111127E-03   0.344961E-05
  1428   0.110446E-03   0.343084E-05
  1429   0.109770E-03   0.341217E-05
  1430   0.109097E-03   0.339360E-05
  1431   0.108428E-03   0.337512E-05
  1432   0.107764E-03   0.335675E-05
  1433   0.107104E-03   0.333847E-05
  1434   0.106447E-03   0.332030E-05
  1435   0.105795E-03   0.330222E-05
  1436   0.105147E-03   0.328423E-05
  1437   0.104503E-03   0.326635E-05
  1438   0.103862E-03   0.324855E-05
  1439   0.103226E-03   0.323086E-05
  1440   0.102593E-03   0.321326E-05
  1441   0.101965E-03   0.319575E-05
  1442   0.101340E-03   0.317834E-05
  1443   0.100719E-03   0.316102E-05
  1444   0.100102E-03   0.314379E-05
  1445   0.994884E-04   0.312666E-05
  1446   0.988788E-04   0.310961E-05
  1447   0.982729E-04   0.309266E-05
  1448   0.976707E-04   0.307580E-05
  1449   0.970723E-04   0.305903E-05
  1450   0.964774E-04   0.304235E-05
  1451   0.958863E-04   0.302576E-05
  1452   0.952987E-04   0.300926E-05
  1453   0.947148E-04   0.299285E-05
  1454   0.941344E-04   0.297653E-05
  1455   0.935576E-04   0.296029E-05
  1456   0.929843E-04   0.294414E-05
  1457   0.924145E-04   0.292808E-05
  1458   0.918483E-04   0.291210E-05
  1459   0.912855E-04   0.289621E-05
  1460   0.907261E-04   0.288040E-05
  1461   0.901702E-04   0.286468E-05
  1462   0.896177E-04   0.284905E-05
  1463   0.890685E-04   0.283350E-05
  1464   0.885227E-04   0.281803E-05
  1465   0.879803E-04   0.280264E-05
  1466   0.874412E-04   0.278734E-05
  1467   0.869054E-04   0.277212E-05
  1468   0.863729E-04   0.275698E-05
  1469   0.858436E-04   0.274192E-05
  1470   0.853176E-04   0.272695E-05
  1471   0.847948E-04   0.271205E-05
  1472   0.842753E-04   0.269724E-05
  1473   0.837589E-04   0.268250E-05
  1474   0.832456E-04   0.266784E-05
  1475   0.827355E-04   0.265327E-05
  1476   0.822286E-04   0.263877E-05
  1477   0.817247E-04   0.262435E-05
  1478   0.812239E-04   0.261000E-05
  1479   0.807262E-04   0.259574E-05
  1480   0.802316E-04   0.258155E-05
  1481   0.797399E-04   0.256743E-05
  1482   0.792513E-04   0.255340E-05
  1483   0.787657E-04   0.253943E-05
  1484   0.782831E-04   0.252555E-05
  1485   0.778034E-04   0.251174E-05
  1486   0.773266E-04   0.249800E-05
  1487   0.768528E-04   0.248434E-05
  1488   0.763819E-04   0.247075E-05
  1489   0.759139E-04   0.245723E-05
  1490   0.754487E-04   0.244379E-05
  1491   0.749864E-04   0.243041E-05
  1492   0.745269E-04   0.241712E-05
  1493   0.740702E-04   0.240389E-05
  1494   0.736164E-04   0.239073E-05
  1495   0.731653E-04   0.237765E-05
  1496   0.727170E-04   0.236463E-05
  1497   0.722714E-04   0.235169E-05
  1498   0.718285E-04   0.233881E-05
  1499   0.713884E-04   0.232601E-05
  1500   0.709510E-04   0.231327E-05
  1501   0.705162E-04   0.230061E-05
  1502   0.700841E-04   0.228801E-05
  1503   0.696547E-04   0.227548E-05
  1504   0.692279E-04   0.226301E-05
  1505   0.688037E-04   0.225062E-05
  1506   0.683821E-04   0.223829E-05
  1507   0.679630E-04   0.222603E-05
  1508   0.675466E-04   0.221383E-05
  1509   0.671327E-04   0.220170E-05
  1510   0.667213E-04   0.218963E-05
  1511   0.663125E-04   0.217763E-05
  1512   0.659062E-04   0.216570E-05
  1513   0.655023E-04   0.215383E-05
  1514   0.651010E-04   0.214202E-05
  1515   0.647020E-04   0.213028E-05
  1516   0.643056E-04   0.211860E-05
  1517   0.639115E-04   0.210698E-05
  1518   0.635199E-04   0.209543E-05
  1519   0.631307E-04   0.208394E-05
  1520   0.627439E-04   0.207251E-05
  1521   0.623594E-04   0.206114E-05
  1522   0.619773E-04   0.204984E-05
  1523   0.615975E-04   0.203859E-05
  1524   0.612201E-04   0.202741E-05
  1525   0.608449E-04   0.201629E-05
  1526   0.604721E-04   0.200522E-05
  1527   0.601016E-04   0.199422E-05
  1528   0.597333E-04   0.198328E-05
  1529   0.593673E-04   0.197239E-05
  1530   0.590035E-04   0.196157E-05
  1531   0.586420E-04   0.195080E-05
  1532   0.582826E-04   0.194009E-05
  1533   0.579255E-04   0.192944E-05
  1534   0.575706E-04   0.191885E-05
  1535   0.572178E-04   0.190831E-05
  1536   0.568672E-04   0.189784E-05
  1537   0.565187E-04   0.188741E-05
  1538   0.561724E-04   0.187705E-05
  1539   0.558282E-04   0.186674E-05
  1540   0.554861E-04   0.185649E-05
  1541   0.551461E-04   0.184629E-05
  1542   0.548082E-04   0.183614E-05
  1543   0.544724E-04   0.182606E-05
  1544   0.541386E-04   0.181602E-05
  1545   0.538068E-04   0.180605E-05
  1546   0.534771E-04   0.179612E-05
  1547   0.531495E-04   0.178625E-05
  1548   0.528238E-04   0.177643E-05
  1549   0.525001E-04   0.176667E-05
  1550   0.521784E-04   0.175696E-05
  1551   0.518587E-04   0.174730E-05
  1552   0.515409E-04   0.173769E-05
  1553   0.512251E-04   0.172814E-05
  1554   0.509112E-04   0.171864E-05
  1555   0.505992E-04   0.170919E-05
  1556   0.502892E-04   0.169979E-05
  1557   0.499810E-04   0.169044E-05
  1558   0.496748E-04   0.168114E-05
  1559   0.493704E-04   0.167189E-05
  1560   0.490679E-04   0.166270E-05
  1561   0.487672E-04   0.165355E-05
  1562   0.484684E-04   0.164445E-05
  1563   0.481714E-04   0.163540E-05
  1564   0.478762E-04   0.162640E-05
  1565   0.475829E-04   0.161745E-05
  1566   0.472913E-04   0.160855E-05
  1567   0.470015E-04   0.159970E-05
  1568   0.467135E-04   0.159090E-05
  1569   0.464273E-04   0.158214E-05
  1570   0.461428E-04   0.157343E-05
  1571   0.458600E-04   0.156477E-05
  1572   0.455790E-04   0.155615E-05
  1573   0.452997E-04   0.154758E-05
  1574   0.450222E-04   0.153906E-05
  1575   0.447463E-04   0.153058E-05
  1576   0.444721E-04   0.152215E-05
  1577   0.441996E-04   0.151377E-05
  1578   0.439288E-04   0.150543E-05
  1579   0.436596E-04   0.149714E-05
  1580   0.433921E-04   0.148889E-05
  1581   0.431262E-04   0.148069E-05
  1582   0.428619E-04   0.147253E-05
  1583   0.425993E-04   0.146442E-05
  1584   0.423383E-04   0.145635E-05
  1585   0.420788E-04   0.144832E-05
  1586   0.418210E-04   0.144034E-05
  1587   0.415647E-04   0.143240E-05
  1588   0.413100E-04   0.142450E-05
  1589   0.410569E-04   0.141665E-05
  1590   0.408053E-04   0.140884E-05
  1591   0.405553E-04   0.140107E-05
  1592   0.403068E-04   0.139335E-05
  1593   0.400598E-04   0.138566E-05
  1594   0.398143E-04   0.137802E-05
  1595   0.395704E-04   0.137042E-05
  1596   0.393279E-04   0.136287E-05
  1597   0.390869E-04   0.135535E-05
  1598   0.388474E-04   0.134787E-05
  1599   0.386094E-04   0.134044E-05
  1600   0.383728E-04   0.133304E-05
  1601   0.381377E-04   0.132569E-05
  1602   0.379040E-04   0.131837E-05
  1603   0.376717E-04   0.131110E-05
  1604   0.374409E-04   0.130386E-05
  1605   0.372114E-04   0.129667E-05
  1606   0.369834E-04   0.128951E-05
  1607   0.367568E-04   0.128239E-05
  1608   0.365316E-04   0.127531E-05
  1609   0.363077E-04   0.126827E-05
  1610   0.360853E-04   0.126127E-05
  1611   0.358641E-04   0.125431E-05
  1612   0.356444E-04   0.124738E-05
  1613   0.354260E-04   0.124049E-05
  1614   0.352089E-04   0.123364E-05
  1615   0.349932E-04   0.122683E-05
  1616   0.347787E-04   0.122005E-05
  1617   0.345656E-04   0.121332E-05
  1618   0.343538E-04   0.120661E-05
  1619   0.341433E-04   0.119995E-05
  1620   0.339341E-04   0.119332E-05
  1621   0.337262E-04   0.118673E-05
  1622   0.335195E-04   0.118017E-05
  1623   0.333141E-04   0.117365E-05
  1624   0.331100E-04   0.116716E-05
  1625   0.329071E-04   0.116071E-05
  1626   0.327055E-04   0.115430E-05
  1627   0.325051E-04   0.114792E-05
  1628   0.323059E-04   0.114157E-05
  1629   0.321079E-04   0.113526E-05
  1630   0.319112E-04   0.112898E-05
  1631   0.317156E-04   0.112274E-05
  1632   0.315213E-04   0.111653E-05
  1633   0.313282E-04   0.111036E-05
  1634   0.311362E-04   0.110422E-05
  1635   0.309454E-04   0.109811E-05
  1636   0.307558E-04   0.109204E-05
  1637   0.305673E-04   0.108600E-05
  1638   0.303800E-04   0.107999E-05
  1639   0.301939E-04   0.107402E-05
  1640   0.300088E-04   0.106808E-05
  1641   0.298250E-04   0.106217E-05
  1642   0.296422E-04   0.105629E-05
  1643   0.294606E-04   0.105045E-05
  1644   0.292801E-04   0.104463E-05
  1645   0.291006E-04   0.103885E-05
  1646   0.289223E-04   0.103310E-05
  1647   0.287451E-04   0.102739E-05
  1648   0.285690E-04   0.102170E-05
  1649   0.283939E-04   0.101604E-05
  1650   0.282199E-04   0.101042E-05
  1651   0.280470E-04   0.100483E-05
  1652   0.278751E-04   0.999262E-06
  1653   0.277043E-04   0.993729E-06
  1654   0.275346E-04   0.988227E-06
  1655   0.273659E-04   0.982755E-06
  1656   0.271982E-04   0.977312E-06
  1657   0.270315E-04   0.971899E-06
  1658   0.268659E-04   0.966516E-06
  1659   0.267013E-04   0.961163E-06
  1660   0.265376E-04   0.955839E-06
  1661   0.263750E-04   0.950543E-06
  1662   0.262134E-04   0.945277E-06
  1663   0.260528E-04   0.940040E-06
  1664   0.258932E-04   0.934831E-06
  1665   0.257345E-04   0.929651E-06
  1666   0.255768E-04   0.924500E-06
  1667   0.254201E-04   0.919376E-06
  1668   0.252643E-04   0.914281E-06
  1669   0.251095E-04   0.909213E-06
  1670   0.249556E-04   0.904173E-06
  1671   0.248027E-04   0.899161E-06
  1672   0.246508E-04   0.894177E-06
  1673   0.244997E-04   0.889219E-06
  1674   0.243496E-04   0.884289E-06
  1675   0.242004E-04   0.879386E-06
  1676   0.240521E-04   0.874510E-06
  1677   0.239047E-04   0.869660E-06
  1678   0.237582E-04   0.864837E-06
  1679   0.236126E-04   0.860040E-06
  1680   0.234680E-04   0.855270E-06
  1681   0.233242E-04   0.850526E-06
  1682   0.231812E-04   0.845808E-06
  1683   0.230392E-04   0.841116E-06
  1684   0.228980E-04   0.836449E-06
  1685   0.227577E-04   0.831809E-06
  1686   0.226183E-04   0.827193E-06
  1687   0.224797E-04   0.822603E-06
  1688   0.223419E-04   0.818038E-06
  1689   0.222050E-04   0.813498E-06
  1690   0.220690E-04   0.808983E-06
  1691   0.219337E-04   0.804493E-06
  1692   0.217993E-04   0.800028E-06
  1693   0.216658E-04   0.795587E-06
  1694   0.215330E-04   0.791170E-06
  1695   0.214011E-04   0.786778E-06
  1696   0.212699E-04   0.782409E-06
  1697   0.211396E-04   0.778065E-06
  1698   0.210100E-04   0.773745E-06
  1699   0.208813E-04   0.769448E-06
  1700   0.207534E-04   0.765175E-06
  1701   0.206262E-04   0.760925E-06
  1702   0.204998E-04   0.756699E-06
  1703   0.203742E-04   0.752496E-06
  1704   0.202493E-04   0.748316E-06
  1705   0.201253E-04   0.744159E-06
  1706   0.200019E-04   0.740024E-06
  1707   0.198794E-04   0.735913E-06
  1708   0.197576E-04   0.731824E-06
  1709   0.196365E-04   0.727758E-06
  1710   0.195162E-04   0.723713E-06
  1711   0.193966E-04   0.719692E-06
  1712   0.192777E-04   0.715692E-06
  1713   0.191596E-04   0.711714E-06
  1714   0.190422E-04   0.707758E-06
  1715   0.189255E-04   0.703824E-06
  1716   0.188096E-04   0.699911E-06
  1717   0.186943E-04   0.696020E-06
  1718   0.185798E-04   0.692151E-06
  1719   0.184659E-04   0.688303E-06
  1720   0.183528E-04   0.684475E-06
  1721   0.182403E-04   0.680669E-06
  1722   0.181285E-04   0.676884E-06
  1723   0.180174E-04   0.673120E-06
  1724   0.179070E-04   0.669376E-06
  1725   0.177973E-04   0.665653E-06
  1726   0.176883E-04   0.661950E-06
  1727   0.175799E-04   0.658268E-06
  1728   0.174722E-04   0.654606E-06
  1729   0.173651E-04   0.650964E-06
  1730   0.172587E-04   0.647343E-06
  1731   0.171529E-04   0.643741E-06
  1732   0.170478E-04   0.640159E-06
  1733   0.169434E-04   0.636597E-06
  1734   0.168395E-04   0.633054E-06
  1735   0.167364E-04   0.629531E-06
  1736   0.166338E-04   0.626027E-06
  1737   0.165319E-04   0.622543E-06
  1738   0.164306E-04   0.619077E-06
  1739   0.163299E-04   0.615631E-06
  1740   0.162298E-04   0.612204E-06
  1741   0.161304E-04   0.608796E-06
  1742   0.160316E-04   0.605406E-06
  1743   0.159333E-04   0.602035E-06
  1744   0.158357E-04   0.598683E-06
  1745   0.157387E-04   0.595349E-06
  1746   0.156422E-04   0.592034E-06
  1747   0.155464E-04   0.588737E-06
  1748   0.154511E-04   0.585458E-06
  1749   0.153564E-04   0.582197E-06
  1750   0.152623E-04   0.578954E-06
  1751   0.151688E-04   0.575729E-06
  1752   0.150759E-04   0.572521E-06
  1753   0.149835E-04   0.569332E-06
  1754   0.148917E-04   0.566160E-06
  1755   0.148004E-04   0.563005E-06
  1756   0.147097E-04   0.559868E-06
  1757   0.146196E-04   0.556748E-06
  1758   0.145300E-04   0.553645E-06
  1759   0.144410E-04   0.550560E-06
  1760   0.143525E-04   0.547491E-06
  1761   0.142645E-04   0.544440E-06
  1762   0.141771E-04   0.541405E-06
  1763   0.140903E-04   0.538387E-06
  1764   0.140039E-04   0.535386E-06
  1765   0.139181E-04   0.532401E-06
  1766   0.138328E-04   0.529433E-06
  1767   0.137481E-04   0.526481E-06
  1768   0.136638E-04   0.523545E-06
  1769   0.135801E-04   0.520626E-06
  1770   0.134969E-04   0.517722E-06
  1771   0.134142E-04   0.514835E-06
  1772   0.133320E-04   0.511963E-06
  1773   0.132503E-04   0.509108E-06
  1774   0.131691E-04   0.506268E-06
  1775   0.130884E-04   0.503444E-06
  1776   0.130082E-04   0.500636E-06
  1777   0.129285E-04   0.497843E-06
  1778   0.128493E-04   0.495065E-06
  1779   0.127706E-04   0.492303E-06
  1780   0.126923E-04   0.489556E-06
  1781   0.126145E-04   0.486824E-06
  1782   0.125372E-04   0.484107E-06
  1783   0.124604E-04   0.481406E-06
  1784   0.123841E-04   0.478719E-06
  1785   0.123082E-04   0.476047E-06
  1786   0.122328E-04   0.473390E-06
  1787   0.121578E-04   0.470748E-06
  1788   0.120833E-04   0.468120E-06
  1789   0.120093E-04   0.465506E-06
  1790   0.119357E-04   0.462907E-06
  1791   0.118625E-04   0.460323E-06
  1792   0.117898E-04   0.457753E-06
  1793   0.117176E-04   0.455197E-06
  1794   0.116458E-04   0.452655E-06
  1795   0.115744E-04   0.450127E-06
  1796   0.115035E-04   0.447613E-06
  1797   0.114330E-04   0.445113E-06
  1798   0.113630E-04   0.442627E-06
  1799   0.112933E-04   0.440155E-06
  1800   0.112241E-04   0.437696E-06
  1801   0.111554E-04   0.435251E-06
  1802   0.110870E-04   0.432819E-06
  1803   0.110191E-04   0.430401E-06
  1804   0.109516E-04   0.427996E-06
  1805   0.108845E-04   0.425605E-06
  1806   0.108178E-04   0.423227E-06
  1807   0.107515E-04   0.420862E-06
  1808   0.106856E-04   0.418510E-06
  1809   0.106201E-04   0.416171E-06
  1810   0.105550E-04   0.413845E-06
  1811   0.104904E-04   0.411532E-06
  1812   0.104261E-04   0.409231E-06
  1813   0.103622E-04   0.406944E-06
  1814   0.102987E-04   0.404669E-06
  1815   0.102356E-04   0.402406E-06
  1816   0.101729E-04   0.400157E-06
  1817   0.101105E-04   0.397919E-06
  1818   0.100486E-04   0.395694E-06
  1819   0.998702E-05   0.393482E-06
  1820   0.992582E-05   0.391281E-06
  1821   0.986500E-05   0.389093E-06
  1822   0.980455E-05   0.386917E-06
  1823   0.974447E-05   0.384753E-06
  1824   0.968476E-05   0.382601E-06
  1825   0.962542E-05   0.380461E-06
  1826   0.956644E-05   0.378333E-06
  1827   0.950782E-05   0.376216E-06
  1828   0.944956E-05   0.374111E-06
  1829   0.939166E-05   0.372018E-06
  1830   0.933411E-05   0.369937E-06
  1831   0.927691E-05   0.367867E-06
  1832   0.922007E-05   0.365808E-06
  1833   0.916357E-05   0.363761E-06
  1834   0.910742E-05   0.361726E-06
  1835   0.905162E-05   0.359701E-06
  1836   0.899615E-05   0.357688E-06
  1837   0.894103E-05   0.355686E-06
  1838   0.888624E-05   0.353695E-06
  1839   0.883179E-05   0.351715E-06
  1840   0.877767E-05   0.349746E-06
  1841   0.872389E-05   0.347788E-06
  1842   0.867043E-05   0.345841E-06
  1843   0.861730E-05   0.343905E-06
  1844   0.856450E-05   0.341979E-06
  1845   0.851202E-05   0.340064E-06
  1846   0.845986E-05   0.338160E-06
  1847   0.840802E-05   0.336266E-06
  1848   0.835650E-05   0.334383E-06
  1849   0.830530E-05   0.332510E-06
  1850   0.825441E-05   0.330648E-06
  1851   0.820383E-05   0.328796E-06
  1852   0.815356E-05   0.326954E-06
  1853   0.810360E-05   0.325123E-06
  1854   0.805394E-05   0.323301E-06
  1855   0.800459E-05   0.321490E-06
  1856   0.795554E-05   0.319689E-06
  1857   0.790679E-05   0.317898E-06
  1858   0.785835E-05   0.316116E-06
  1859   0.781019E-05   0.314345E-06
  1860   0.776234E-05   0.312583E-06
  1861   0.771477E-05   0.310832E-06
  1862   0.766750E-05   0.309090E-06
  1863   0.762052E-05   0.307357E-06
  1864   0.757382E-05   0.305635E-06
  1865   0.752741E-05   0.303921E-06
  1866   0.748129E-05   0.302218E-06
  1867   0.743544E-05   0.300524E-06
  1868   0.738988E-05   0.298839E-06
  1869   0.734460E-05   0.297163E-06
  1870   0.729960E-05   0.295497E-06
  1871   0.725487E-05   0.293840E-06
  1872   0.721041E-05   0.292193E-06
  1873   0.716623E-05   0.290554E-06
  1874   0.712232E-05   0.288925E-06
  1875   0.707868E-05   0.287305E-06
  1876   0.703530E-05   0.285693E-06
  1877   0.699219E-05   0.284091E-06
  1878   0.694935E-05   0.282497E-06
  1879   0.690677E-05   0.280913E-06
  1880   0.686444E-05   0.279337E-06
  1881   0.682238E-05   0.277770E-06
  1882   0.678058E-05   0.276212E-06
  1883   0.673903E-05   0.274662E-06
  1884   0.669774E-05   0.273121E-06
  1885   0.665670E-05   0.271589E-06
  1886   0.661591E-05   0.270065E-06
  1887   0.657537E-05   0.268549E-06
  1888   0.653508E-05   0.267042E-06
  1889   0.649503E-05   0.265543E-06
  1890   0.645523E-05   0.264053E-06
  1891   0.641568E-05   0.262571E-06
  1892   0.637637E-05   0.261097E-06
  1893   0.633729E-05   0.259632E-06
  1894   0.629846E-05   0.258174E-06
  1895   0.625987E-05   0.256725E-06
  1896   0.622151E-05   0.255284E-06
  1897   0.618339E-05   0.253851E-06
  1898   0.614550E-05   0.252425E-06
  1899   0.610784E-05   0.251008E-06
  1900   0.607042E-05   0.249599E-06
  1901   0.603322E-05   0.248197E-06
  1902   0.599625E-05   0.246803E-06
  1903   0.595951E-05   0.245417E-06
  1904   0.592299E-05   0.244039E-06
  1905   0.588670E-05   0.242668E-06
  1906   0.585063E-05   0.241305E-06
  1907   0.581478E-05   0.239950E-06
  1908   0.577915E-05   0.238602E-06
  1909   0.574373E-05   0.237262E-06
  1910   0.570854E-05   0.235929E-06
  1911   0.567356E-05   0.234603E-06
  1912   0.563879E-05   0.233285E-06
  1913   0.560424E-05   0.231974E-06
  1914   0.556990E-05   0.230671E-06
  1915   0.553577E-05   0.229375E-06
  1916   0.550185E-05   0.228086E-06
  1917   0.546814E-05   0.226804E-06
  1918   0.543463E-05   0.225529E-06
  1919   0.540133E-05   0.224262E-06
  1920   0.536823E-05   0.223001E-06
  1921   0.533534E-05   0.221748E-06
  1922   0.530265E-05   0.220501E-06
  1923   0.527015E-05   0.219262E-06
  1924   0.523786E-05   0.218029E-06
  1925   0.520577E-05   0.216804E-06
  1926   0.517387E-05   0.215585E-06
  1927   0.514216E-05   0.214373E-06
  1928   0.511066E-05   0.213167E-06
  1929   0.507934E-05   0.211969E-06
  1930   0.504822E-05   0.210777E-06
  1931   0.501728E-05   0.209591E-06
  1932   0.498654E-05   0.208413E-06
  1933   0.495598E-05   0.207240E-06
  1934   0.492562E-05   0.206075E-06
  1935   0.489543E-05   0.204916E-06
  1936   0.486544E-05   0.203763E-06
  1937   0.483562E-05   0.202617E-06
  1938   0.480599E-05   0.201477E-06
  1939   0.477654E-05   0.200344E-06
  1940   0.474728E-05   0.199217E-06
  1941   0.471819E-05   0.198096E-06
  1942   0.468928E-05   0.196981E-06
  1943   0.466054E-05   0.195873E-06
  1944   0.463198E-05   0.194771E-06
  1945   0.460360E-05   0.193675E-06
  1946   0.457539E-05   0.192585E-06
  1947   0.454736E-05   0.191501E-06
  1948   0.451949E-05   0.190423E-06
  1949   0.449180E-05   0.189351E-06
  1950   0.446428E-05   0.188286E-06
  1951   0.443692E-05   0.187226E-06
  1952   0.440973E-05   0.186172E-06
  1953   0.438271E-05   0.185124E-06
  1954   0.435586E-05   0.184082E-06
  1955   0.432917E-05   0.183045E-06
  1956   0.430264E-05   0.182015E-06
  1957   0.427627E-05   0.180990E-06
  1958   0.425007E-05   0.179971E-06
  1959   0.422403E-05   0.178958E-06
  1960   0.419815E-05   0.177950E-06
  1961   0.417242E-05   0.176948E-06
  1962   0.414685E-05   0.175951E-06
  1963   0.412144E-05   0.174960E-06
  1964   0.409619E-05   0.173975E-06
  1965   0.407109E-05   0.172995E-06
  1966   0.404614E-05   0.172021E-06
  1967   0.402135E-05   0.171052E-06
  1968   0.399671E-05   0.170088E-06
  1969   0.397222E-05   0.169130E-06
  1970   0.394788E-05   0.168177E-06
  1971   0.392369E-05   0.167230E-06
  1972   0.389965E-05   0.166287E-06
  1973   0.387575E-05   0.165350E-06
  1974   0.385200E-05   0.164419E-06
  1975   0.382840E-05   0.163492E-06
  1976   0.380494E-05   0.162571E-06
  1977   0.378163E-05   0.161655E-06
  1978   0.375845E-05   0.160744E-06
  1979   0.373542E-05   0.159838E-06
  1980   0.371253E-05   0.158937E-06
  1981   0.368979E-05   0.158041E-06
  1982   0.366718E-05   0.157150E-06
  1983   0.364471E-05   0.156264E-06
  1984   0.362237E-05   0.155383E-06
  1985   0.360018E-05   0.154507E-06
  1986   0.357812E-05   0.153636E-06
  1987   0.355619E-05   0.152770E-06
  1988   0.353440E-05   0.151909E-06
  1989   0.351274E-05   0.151052E-06
  1990   0.349122E-05   0.150200E-06
  1991   0.346983E-05   0.149353E-06
  1992   0.344856E-05   0.148511E-06
  1993   0.342743E-05   0.147674E-06
  1994   0.340643E-05   0.146841E-06
  1995   0.338556E-05   0.146013E-06
  1996   0.336481E-05   0.145189E-06
  1997   0.334419E-05   0.144370E-06
  1998   0.332370E-05   0.143556E-06
  1999   0.330334E-05   0.142746E-06
  2000   0.328310E-05   0.141941E-06
  2001   0.326298E-05   0.141140E-06
  2002   0.324298E-05   0.140344E-06
  2003   0.322311E-05   0.139552E-06
  2004   0.320336E-05   0.138764E-06
  2005   0.318373E-05   0.137982E-06
  2006   0.316423E-05   0.137203E-06
  2007   0.314484E-05   0.136429E-06
  2008   0.312557E-05   0.135659E-06
  2009   0.310641E-05   0.134893E-06
  2010   0.308738E-05   0.134132E-06
  2011   0.306846E-05   0.133375E-06
  2012   0.304966E-05   0.132622E-06
  2013   0.303097E-05   0.131873E-06
  2014   0.301240E-05   0.131129E-06
  2015   0.299394E-05   0.130389E-06
  2016   0.297560E-05   0.129653E-06
  2017   0.295736E-05   0.128921E-06
  2018   0.293924E-05   0.128193E-06
  2019   0.292123E-05   0.127469E-06
  2020   0.290333E-05   0.126749E-06
  2021   0.288554E-05   0.126034E-06
  2022   0.286786E-05   0.125322E-06
  2023   0.285029E-05   0.124614E-06
  2024   0.283282E-05   0.123911E-06
  2025   0.281546E-05   0.123211E-06
  2026   0.279821E-05   0.122515E-06
  2027   0.278106E-05   0.121823E-06
  2028   0.276402E-05   0.121135E-06
  2029   0.274709E-05   0.120451E-06
  2030   0.273025E-05   0.119770E-06
  2031   0.271352E-05   0.119094E-06
  2032   0.269690E-05   0.118421E-06
  2033   0.268037E-05   0.117752E-06
  2034   0.266395E-05   0.117087E-06
  2035   0.264762E-05   0.116425E-06
  2036   0.263140E-05   0.115768E-06
  2037   0.261528E-05   0.115113E-06
  2038   0.259925E-05   0.114463E-06
  2039   0.258332E-05   0.113816E-06
  2040   0.256749E-05   0.113173E-06
  2041   0.255176E-05   0.112533E-06
  2042   0.253613E-05   0.111897E-06
  2043   0.252059E-05   0.111265E-06
  2044   0.250514E-05   0.110636E-06
  2045   0.248979E-05   0.110011E-06
  2046   0.247453E-05   0.109389E-06
  2047   0.245937E-05   0.108771E-06
  2048   0.244430E-05   0.108156E-06
  2049   0.242932E-05   0.107544E-06
  2050   0.241444E-05   0.106936E-06
  2051   0.239964E-05   0.106332E-06
  2052   0.238494E-05   0.105731E-06
  2053   0.237033E-05   0.105133E-06
  2054   0.235580E-05   0.104538E-06
  2055   0.234137E-05   0.103947E-06
  2056   0.232702E-05   0.103359E-06
  2057   0.231276E-05   0.102775E-06
  2058   0.229859E-05   0.102194E-06
  2059   0.228450E-05   0.101616E-06
  2060   0.227051E-05   0.101041E-06
  2061   0.225659E-05   0.100469E-06
  2062   0.224277E-05   0.999012E-07
  2063   0.222902E-05   0.993361E-07
  2064   0.221536E-05   0.987742E-07
  2065   0.220179E-05   0.982155E-07
  2066   0.218830E-05   0.976598E-07
  2067   0.217489E-05   0.971073E-07
  2068   0.216156E-05   0.965579E-07
  2069   0.214832E-05   0.960116E-07
  2070   0.213515E-05   0.954684E-07
  2071   0.212207E-05   0.949282E-07
  2072   0.210907E-05   0.943910E-07
  2073   0.209614E-05   0.938569E-07
  2074   0.208330E-05   0.933258E-07
  2075   0.207053E-05   0.927976E-07
  2076   0.205785E-05   0.922724E-07
  2077   0.204524E-05   0.917502E-07
  2078   0.203270E-05   0.912309E-07
  2079   0.202025E-05   0.907145E-07
  2080   0.200787E-05   0.902010E-07
  2081   0.199557E-05   0.896904E-07
  2082   0.198334E-05   0.891827E-07
  2083   0.197119E-05   0.886778E-07
  2084   0.195911E-05   0.881758E-07
  2085   0.194710E-05   0.876766E-07
  2086   0.193517E-05   0.871802E-07
  2087   0.192331E-05   0.866866E-07
  2088   0.191153E-05   0.861957E-07
  2089   0.189982E-05   0.857076E-07
  2090   0.188817E-05   0.852223E-07
  2091   0.187660E-05   0.847397E-07
  2092   0.186511E-05   0.842598E-07
  2093   0.185368E-05   0.837826E-07
  2094   0.184232E-05   0.833081E-07
  2095   0.183103E-05   0.828363E-07
  2096   0.181981E-05   0.823671E-07
  2097   0.180866E-05   0.819005E-07
  2098   0.179758E-05   0.814366E-07
  2099   0.178656E-05   0.809753E-07
  2100   0.177561E-05   0.805166E-07
  2101   0.176473E-05   0.800604E-07
  2102   0.175392E-05   0.796068E-07
  2103   0.174317E-05   0.791558E-07
  2104   0.173249E-05   0.787073E-07
  2105   0.172188E-05   0.782614E-07
  2106   0.171132E-05   0.778179E-07
  2107   0.170084E-05   0.773770E-07
  2108   0.169042E-05   0.769385E-07
  2109   0.168006E-05   0.765025E-07
  2110   0.166976E-05   0.760689E-07
  2111   0.165953E-05   0.756378E-07
  2112   0.164936E-05   0.752091E-07
  2113   0.163926E-05   0.747828E-07
  2114   0.162921E-05   0.743590E-07
  2115   0.161923E-05   0.739375E-07
  2116   0.160931E-05   0.735184E-07
  2117   0.159945E-05   0.731016E-07
  2118   0.158965E-05   0.726872E-07
  2119   0.157990E-05   0.722751E-07
  2120   0.157022E-05   0.718653E-07
  2121   0.156060E-05   0.714579E-07
  2122   0.155104E-05   0.710527E-07
  2123   0.154154E-05   0.706499E-07
  2124   0.153209E-05   0.702493E-07
  2125   0.152270E-05   0.698509E-07
  2126   0.151337E-05   0.694548E-07
  2127   0.150410E-05   0.690609E-07
  2128   0.149488E-05   0.686693E-07
  2129   0.148572E-05   0.682798E-07
  2130   0.147662E-05   0.678926E-07
  2131   0.146757E-05   0.675075E-07
  2132   0.145858E-05   0.671246E-07
  2133   0.144964E-05   0.667438E-07
  2134   0.144076E-05   0.663652E-07
  2135   0.143193E-05   0.659887E-07
  2136   0.142315E-05   0.656144E-07
  2137   0.141443E-05   0.652422E-07
  2138   0.140577E-05   0.648720E-07
  2139   0.139715E-05   0.645040E-07
  2140   0.138859E-05   0.641380E-07
  2141   0.138008E-05   0.637741E-07
  2142   0.137163E-05   0.634122E-07
  2143   0.136322E-05   0.630524E-07
  2144   0.135487E-05   0.626946E-07
  2145   0.134657E-05   0.623388E-07
  2146   0.133832E-05   0.619850E-07
  2147   0.133011E-05   0.616332E-07
  2148   0.132196E-05   0.612834E-07
  2149   0.131386E-05   0.609356E-07
  2150   0.130581E-05   0.605897E-07
  2151   0.129781E-05   0.602458E-07
  2152   0.128986E-05   0.599038E-07
  2153   0.128196E-05   0.595638E-07
  2154   0.127410E-05   0.592256E-07
  2155   0.126629E-05   0.588894E-07
  2156   0.125853E-05   0.585551E-07
  2157   0.125082E-05   0.582226E-07
  2158   0.124316E-05   0.578920E-07
  2159   0.123554E-05   0.575633E-07
  2160   0.122797E-05   0.572365E-07
  2161   0.122044E-05   0.569115E-07
  2162   0.121297E-05   0.565883E-07
  2163   0.120553E-05   0.562670E-07
  2164   0.119815E-05   0.559474E-07
  2165   0.119081E-05   0.556297E-07
  2166   0.118351E-05   0.553137E-07
  2167   0.117626E-05   0.549996E-07
  2168   0.116905E-05   0.546872E-07
  2169   0.116189E-05   0.543766E-07
  2170   0.115477E-05   0.540677E-07
  2171   0.114769E-05   0.537606E-07
  2172   0.114066E-05   0.534552E-07
  2173   0.113367E-05   0.531515E-07
  2174   0.112672E-05   0.528495E-07
  2175   0.111982E-05   0.525493E-07
  2176   0.111296E-05   0.522507E-07
  2177   0.110614E-05   0.519539E-07
  2178   0.109936E-05   0.516587E-07
  2179   0.109262E-05   0.513651E-07
  2180   0.108593E-05   0.510733E-07
  2181   0.107927E-05   0.507830E-07
  2182   0.107266E-05   0.504944E-07
  2183   0.106609E-05   0.502075E-07
  2184   0.105955E-05   0.499221E-07
  2185   0.105306E-05   0.496384E-07
  2186   0.104661E-05   0.493563E-07
  2187   0.104020E-05   0.490758E-07
  2188   0.103382E-05   0.487968E-07
  2189   0.102749E-05   0.485194E-07
  2190   0.102119E-05   0.482436E-07
  2191   0.101493E-05   0.479694E-07
  2192   0.100871E-05   0.476967E-07
  2193   0.100253E-05   0.474255E-07
  2194   0.996391E-06   0.471559E-07
  2195   0.990285E-06   0.468878E-07
  2196   0.984217E-06   0.466212E-07
  2197   0.978186E-06   0.463561E-07
  2198   0.972192E-06   0.460926E-07
  2199   0.966235E-06   0.458305E-07
  2200   0.960315E-06   0.455698E-07
  2201   0.954430E-06   0.453107E-07
  2202   0.948582E-06   0.450530E-07
  2203   0.942769E-06   0.447968E-07
  2204   0.936993E-06   0.445420E-07
  2205   0.931251E-06   0.442887E-07
  2206   0.925545E-06   0.440368E-07
  2207   0.919873E-06   0.437863E-07
  2208   0.914237E-06   0.435373E-07
  2209   0.908635E-06   0.432896E-07
  2210   0.903067E-06   0.430433E-07
  2211   0.897534E-06   0.427985E-07
  2212   0.892034E-06   0.425550E-07
  2213   0.886568E-06   0.423129E-07
  2214   0.881135E-06   0.420722E-07
  2215   0.875736E-06   0.418328E-07
  2216   0.870370E-06   0.415948E-07
  2217   0.865037E-06   0.413581E-07
  2218   0.859736E-06   0.411228E-07
  2219   0.854468E-06   0.408888E-07
  2220   0.849232E-06   0.406561E-07
  2221   0.844029E-06   0.404247E-07
  2222   0.838857E-06   0.401947E-07
  2223   0.833717E-06   0.399659E-07
  2224   0.828608E-06   0.397385E-07
  2225   0.823531E-06   0.395123E-07
  2226   0.818484E-06   0.392874E-07
  2227   0.813469E-06   0.390638E-07
  2228   0.808485E-06   0.388414E-07
  2229   0.803531E-06   0.386203E-07
  2230   0.798607E-06   0.384005E-07
  2231   0.793713E-06   0.381819E-07
  2232   0.788850E-06   0.379645E-07
  2233   0.784016E-06   0.377484E-07
  2234   0.779212E-06   0.375334E-07
  2235   0.774437E-06   0.373197E-07
  2236   0.769692E-06   0.371072E-07
  2237   0.764976E-06   0.368960E-07
  2238   0.760288E-06   0.366859E-07
  2239   0.755630E-06   0.364770E-07
  2240   0.750999E-06   0.362692E-07
  2241   0.746398E-06   0.360627E-07
  2242   0.741824E-06   0.358573E-07
  2243   0.737278E-06   0.356531E-07
  2244   0.732761E-06   0.354501E-07
  2245   0.728271E-06   0.352481E-07
  2246   0.723808E-06   0.350474E-07
  2247   0.719373E-06   0.348478E-07
  2248   0.714965E-06   0.346493E-07
  2249   0.710584E-06   0.344519E-07
  2250   0.706230E-06   0.342556E-07
  2251   0.701902E-06   0.340605E-07
  2252   0.697601E-06   0.338664E-07
  2253   0.693327E-06   0.336735E-07
  2254   0.689078E-06   0.334817E-07
  2255   0.684856E-06   0.332909E-07
  2256   0.680660E-06   0.331012E-07
  2257   0.676489E-06   0.329126E-07
  2258   0.672344E-06   0.327251E-07
  2259   0.668224E-06   0.325386E-07
  2260   0.664129E-06   0.323532E-07
  2261   0.660060E-06   0.321688E-07
  2262   0.656015E-06   0.319855E-07
  2263   0.651995E-06   0.318032E-07
  2264   0.648000E-06   0.316219E-07
  2265   0.644030E-06   0.314417E-07
  2266   0.640083E-06   0.312625E-07
  2267   0.636161E-06   0.310843E-07
  2268   0.632263E-06   0.309071E-07
  2269   0.628389E-06   0.307309E-07
  2270   0.624538E-06   0.305558E-07
  2271   0.620711E-06   0.303816E-07
  2272   0.616908E-06   0.302084E-07
  2273   0.613128E-06   0.300362E-07
  2274   0.609371E-06   0.298649E-07
  2275   0.605637E-06   0.296946E-07
  2276   0.601926E-06   0.295253E-07
  2277   0.598237E-06   0.293570E-07
  2278   0.594572E-06   0.291896E-07
  2279   0.590928E-06   0.290232E-07
  2280   0.587308E-06   0.288577E-07
  2281   0.583709E-06   0.286931E-07
  2282   0.580132E-06   0.285295E-07
  2283   0.576577E-06   0.283668E-07
  2284   0.573044E-06   0.282050E-07
  2285   0.569533E-06   0.280441E-07
  2286   0.566043E-06   0.278842E-07
  2287   0.562575E-06   0.277251E-07
  2288   0.559127E-06   0.275670E-07
  2289   0.555701E-06   0.274097E-07
  2290   0.552296E-06   0.272534E-07
  2291   0.548912E-06   0.270979E-07
  2292   0.545549E-06   0.269433E-07
  2293   0.542206E-06   0.267896E-07
  2294   0.538883E-06   0.266368E-07
  2295   0.535581E-06   0.264848E-07
  2296   0.532299E-06   0.263337E-07
  2297   0.529038E-06   0.261835E-07
  2298   0.525796E-06   0.260341E-07
  2299   0.522574E-06   0.258855E-07
  2300   0.519372E-06   0.257378E-07
  2301   0.516190E-06   0.255910E-07
  2302   0.513027E-06   0.254449E-07
  2303   0.509883E-06   0.252997E-07
  2304   0.506759E-06   0.251553E-07
  2305   0.503653E-06   0.250118E-07
  2306   0.500567E-06   0.248690E-07
  2307   0.497500E-06   0.247271E-07
  2308   0.494452E-06   0.245859E-07
  2309   0.491422E-06   0.244456E-07
  2310   0.488411E-06   0.243061E-07
  2311   0.485418E-06   0.241673E-07
  2312   0.482443E-06   0.240294E-07
  2313   0.479487E-06   0.238922E-07
  2314   0.476549E-06   0.237558E-07
  2315   0.473629E-06   0.236202E-07
  2316   0.470727E-06   0.234853E-07
  2317   0.467842E-06   0.233513E-07
  2318   0.464976E-06   0.232179E-07
  2319   0.462127E-06   0.230854E-07
  2320   0.459295E-06   0.229536E-07
  2321   0.456481E-06   0.228225E-07
  2322   0.453683E-06   0.226922E-07
  2323   0.450903E-06   0.225626E-07
  2324   0.448140E-06   0.224337E-07
  2325   0.445394E-06   0.223056E-07
  2326   0.442665E-06   0.221782E-07
  2327   0.439953E-06   0.220516E-07
  2328   0.437257E-06   0.219256E-07
  2329   0.434578E-06   0.218004E-07
  2330   0.431915E-06   0.216759E-07
  2331   0.429268E-06   0.215521E-07
  2332   0.426638E-06   0.214290E-07
  2333   0.424024E-06   0.213066E-07
  2334   0.421425E-06   0.211848E-07
  2335   0.418843E-06   0.210638E-07
  2336   0.416277E-06   0.209435E-07
  2337   0.413726E-06   0.208238E-07
  2338   0.411191E-06   0.207049E-07
  2339   0.408671E-06   0.205866E-07
  2340   0.406167E-06   0.204690E-07
  2341   0.403678E-06   0.203520E-07
  2342   0.401205E-06   0.202357E-07
  2343   0.398746E-06   0.201201E-07
  2344   0.396303E-06   0.200051E-07
  2345   0.393874E-06   0.198908E-07
  2346   0.391461E-06   0.197771E-07
  2347   0.389062E-06   0.196641E-07
  2348   0.386678E-06   0.195517E-07
  2349   0.384309E-06   0.194400E-07
  2350   0.381954E-06   0.193289E-07
  2351   0.379614E-06   0.192184E-07
  2352   0.377287E-06   0.191086E-07
  2353   0.374976E-06   0.189993E-07
  2354   0.372678E-06   0.188907E-07
  2355   0.370394E-06   0.187827E-07
  2356   0.368125E-06   0.186754E-07
  2357   0.365869E-06   0.185686E-07
  2358   0.363627E-06   0.184625E-07
  2359   0.361399E-06   0.183569E-07
  2360   0.359185E-06   0.182520E-07
  2361   0.356984E-06   0.181476E-07
  2362   0.354796E-06   0.180439E-07
  2363   0.352622E-06   0.179407E-07
  2364   0.350461E-06   0.178381E-07
  2365   0.348314E-06   0.177361E-07
  2366   0.346180E-06   0.176347E-07
  2367   0.344058E-06   0.175338E-07
  2368   0.341950E-06   0.174336E-07
  2369   0.339855E-06   0.173339E-07
  2370   0.337772E-06   0.172347E-07
  2371   0.335703E-06   0.171362E-07
  2372   0.333646E-06   0.170382E-07
  2373   0.331601E-06   0.169407E-07
  2374   0.329569E-06   0.168438E-07
  2375   0.327550E-06   0.167475E-07
  2376   0.325543E-06   0.166517E-07
  2377   0.323548E-06   0.165564E-07
  2378   0.321565E-06   0.164617E-07
  2379   0.319595E-06   0.163676E-07
  2380   0.317637E-06   0.162739E-07
  2381   0.315690E-06   0.161808E-07
  2382   0.313756E-06   0.160883E-07
  2383   0.311833E-06   0.159962E-07
  2384   0.309923E-06   0.159047E-07
  2385   0.308024E-06   0.158137E-07
  2386   0.306136E-06   0.157232E-07
  2387   0.304260E-06   0.156332E-07
  2388   0.302396E-06   0.155438E-07
  2389   0.300543E-06   0.154548E-07
  2390   0.298701E-06   0.153664E-07
  2391   0.296871E-06   0.152785E-07
  2392   0.295052E-06   0.151910E-07
  2393   0.293244E-06   0.151041E-07
  2394   0.291447E-06   0.150177E-07
  2395   0.289661E-06   0.149317E-07
  2396   0.287886E-06   0.148462E-07
  2397   0.286122E-06   0.147613E-07
  2398   0.284369E-06   0.146768E-07
  2399   0.282627E-06   0.145928E-07
  2400   0.280895E-06   0.145092E-07
  2401   0.279174E-06   0.144262E-07
  2402   0.277463E-06   0.143436E-07
  2403   0.275763E-06   0.142615E-07
  2404   0.274073E-06   0.141798E-07
  2405   0.272394E-06   0.140987E-07
  2406   0.270724E-06   0.140179E-07
  2407   0.269066E-06   0.139377E-07
  2408   0.267417E-06   0.138579E-07
  2409   0.265778E-06   0.137785E-07
  2410   0.264150E-06   0.136996E-07
  2411   0.262531E-06   0.136212E-07
  2412   0.260922E-06   0.135432E-07
  2413   0.259324E-06   0.134657E-07
  2414   0.257735E-06   0.133885E-07
  2415   0.256155E-06   0.133119E-07
  2416   0.254586E-06   0.132356E-07
  2417   0.253026E-06   0.131598E-07
  2418   0.251475E-06   0.130845E-07
  2419   0.249934E-06   0.130095E-07
  2420   0.248403E-06   0.129350E-07
  2421   0.246881E-06   0.128609E-07
  2422   0.245368E-06   0.127873E-07
  2423   0.243864E-06   0.127140E-07
  2424   0.242370E-06   0.126412E-07
  2425   0.240885E-06   0.125688E-07
  2426   0.239409E-06   0.124968E-07
  2427   0.237942E-06   0.124252E-07
  2428   0.236484E-06   0.123540E-07
  2429   0.235035E-06   0.122832E-07
  2430   0.233595E-06   0.122128E-07
  2431   0.232163E-06   0.121429E-07
  2432   0.230741E-06   0.120733E-07
  2433   0.229327E-06   0.120041E-07
  2434   0.227922E-06   0.119353E-07
  2435   0.226525E-06   0.118669E-07
  2436   0.225137E-06   0.117989E-07
  2437   0.223758E-06   0.117313E-07
  2438   0.222386E-06   0.116641E-07
  2439   0.221024E-06   0.115973E-07
  2440   0.219669E-06   0.115308E-07
  2441   0.218323E-06   0.114647E-07
  2442   0.216986E-06   0.113990E-07
  2443   0.215656E-06   0.113337E-07
  2444   0.214335E-06   0.112687E-07
  2445   0.213021E-06   0.112041E-07
  2446   0.211716E-06   0.111399E-07
  2447   0.210419E-06   0.110760E-07
  2448   0.209129E-06   0.110125E-07
  2449   0.207848E-06   0.109494E-07
  2450   0.206574E-06   0.108866E-07
  2451   0.205308E-06   0.108242E-07
  2452   0.204050E-06   0.107622E-07
  2453   0.202800E-06   0.107005E-07
  2454   0.201557E-06   0.106391E-07
  2455   0.200322E-06   0.105781E-07
  2456   0.199095E-06   0.105175E-07
  2457   0.197875E-06   0.104572E-07
  2458   0.196662E-06   0.103972E-07
  2459   0.195457E-06   0.103376E-07
  2460   0.194260E-06   0.102783E-07
  2461   0.193069E-06   0.102194E-07
  2462   0.191886E-06   0.101608E-07
  2463   0.190710E-06   0.101025E-07
  2464   0.189542E-06   0.100446E-07
  2465   0.188380E-06   0.998696E-08
  2466   0.187226E-06   0.992969E-08
  2467   0.186079E-06   0.987274E-08
  2468   0.184939E-06   0.981611E-08
  2469   0.183805E-06   0.975981E-08
  2470   0.182679E-06   0.970383E-08
  2471   0.181560E-06   0.964816E-08
  2472   0.180447E-06   0.959282E-08
  2473   0.179342E-06   0.953779E-08
  2474   0.178243E-06   0.948308E-08
  2475   0.177151E-06   0.942868E-08
  2476   0.176065E-06   0.937459E-08
  2477   0.174986E-06   0.932080E-08
  2478   0.173914E-06   0.926733E-08
  2479   0.172848E-06   0.921416E-08
  2480   0.171789E-06   0.916129E-08
  2481   0.170736E-06   0.910873E-08
  2482   0.169690E-06   0.905646E-08
  2483   0.168650E-06   0.900450E-08
  2484   0.167617E-06   0.895283E-08
  2485   0.166590E-06   0.890145E-08
  2486   0.165569E-06   0.885037E-08
  2487   0.164555E-06   0.879958E-08
  2488   0.163546E-06   0.874908E-08
  2489   0.162544E-06   0.869887E-08
  2490   0.161548E-06   0.864895E-08
  2491   0.160558E-06   0.859931E-08
  2492   0.159574E-06   0.854995E-08
  2493   0.158597E-06   0.850088E-08
  2494   0.157625E-06   0.845209E-08
  2495   0.156659E-06   0.840357E-08
  2496   0.155699E-06   0.835534E-08
  2497   0.154745E-06   0.830737E-08
  2498   0.153797E-06   0.825969E-08
  2499   0.152854E-06   0.821227E-08
  2500   0.151918E-06   0.816513E-08
  2501   0.150987E-06   0.811825E-08
  2502   0.150062E-06   0.807164E-08
  2503   0.149142E-06   0.802530E-08
  2504   0.148228E-06   0.797923E-08
  2505   0.147320E-06   0.793341E-08
  2506   0.146417E-06   0.788786E-08
  2507   0.145520E-06   0.784257E-08
  2508   0.144628E-06   0.779754E-08
  2509   0.143742E-06   0.775277E-08
  2510   0.142861E-06   0.770825E-08
  2511   0.141986E-06   0.766398E-08
  2512   0.141116E-06   0.761997E-08
  2513   0.140251E-06   0.757621E-08
  2514   0.139392E-06   0.753270E-08
  2515   0.138538E-06   0.748944E-08
  2516   0.137689E-06   0.744643E-08
  2517   0.136845E-06   0.740366E-08
  2518   0.136007E-06   0.736114E-08
  2519   0.135173E-06   0.731885E-08
  2520   0.134345E-06   0.727682E-08
  2521   0.133522E-06   0.723502E-08
  2522   0.132704E-06   0.719346E-08
  2523   0.131891E-06   0.715214E-08
  2524   0.131082E-06   0.711105E-08
  2525   0.130279E-06   0.707020E-08
  2526   0.129481E-06   0.702958E-08
  2527   0.128687E-06   0.698920E-08
  2528   0.127899E-06   0.694904E-08
  2529   0.127115E-06   0.690912E-08
  2530   0.126336E-06   0.686942E-08
  2531   0.125562E-06   0.682996E-08
  2532   0.124793E-06   0.679071E-08
  2533   0.124028E-06   0.675169E-08
  2534   0.123268E-06   0.671290E-08
  2535   0.122513E-06   0.667432E-08
  2536   0.121762E-06   0.663597E-08
  2537   0.121016E-06   0.659784E-08
  2538   0.120274E-06   0.655992E-08
  2539   0.119537E-06   0.652222E-08
  2540   0.118805E-06   0.648474E-08
  2541   0.118077E-06   0.644747E-08
  2542   0.117353E-06   0.641041E-08
  2543   0.116634E-06   0.637357E-08
  2544   0.115920E-06   0.633694E-08
  2545   0.115209E-06   0.630052E-08
  2546   0.114503E-06   0.626430E-08
  2547   0.113802E-06   0.622829E-08
  2548   0.113104E-06   0.619249E-08
  2549   0.112411E-06   0.615689E-08
  2550   0.111723E-06   0.612150E-08
  2551   0.111038E-06   0.608631E-08
  2552   0.110358E-06   0.605132E-08
  2553   0.109681E-06   0.601653E-08
  2554   0.109009E-06   0.598194E-08
  2555   0.108341E-06   0.594755E-08
  2556   0.107678E-06   0.591336E-08
  2557   0.107018E-06   0.587936E-08
  2558   0.106362E-06   0.584555E-08
  2559   0.105710E-06   0.581194E-08
  2560   0.105062E-06   0.577852E-08
  2561   0.104419E-06   0.574529E-08
  2562   0.103779E-06   0.571226E-08
  2563   0.103143E-06   0.567941E-08
  2564   0.102511E-06   0.564675E-08
  2565   0.101883E-06   0.561427E-08
  2566   0.101259E-06   0.558199E-08
  2567   0.100638E-06   0.554988E-08
  2568   0.100021E-06   0.551796E-08
  2569   0.994085E-07   0.548623E-08
