Iter     SteadyRMS     UnsteadyRMS
     1   0.359545       0.933255E-01
     2   0.180982       0.817598E-01
     3   0.910998E-01   0.541188E-01
     4   0.458563E-01   0.320732E-01
     5   0.230824E-01   0.179453E-01
     6   0.116188E-01   0.970421E-02
     7   0.584850E-02   0.513490E-02
     8   0.294392E-02   0.267796E-02
     9   0.148186E-02   0.138274E-02
    10   0.745915E-03   0.708970E-03
    11   0.375466E-03   0.361697E-03
    12   0.188996E-03   0.183864E-03
    13   0.951338E-04   0.932210E-04
    14   0.478869E-04   0.471740E-04
    15   0.241045E-04   0.238388E-04
    16   0.121333E-04   0.120343E-04
    17   0.610747E-05   0.607056E-05
    18   0.307428E-05   0.306052E-05
    19   0.154748E-05   0.154235E-05
    20   0.778945E-06   0.777034E-06
    21   0.392093E-06   0.391380E-06
    22   0.197365E-06   0.197100E-06
    23   0.993464E-07   0.992475E-07
