Iter     SteadyRMS     UnsteadyRMS
     1   0.740824       0.512676E-04
     2   0.736319       0.101908E-03
     3   0.731842       0.151927E-03
     4   0.727391       0.201331E-03
     5   0.722968       0.250125E-03
     6   0.718572       0.298315E-03
     7   0.714203       0.345905E-03
     8   0.709860       0.392903E-03
     9   0.705543       0.439313E-03
    10   0.701253       0.485140E-03
    11   0.696989       0.530391E-03
    12   0.692751       0.575070E-03
    13   0.688538       0.619183E-03
    14   0.684352       0.662735E-03
    15   0.680190       0.705731E-03
    16   0.676054       0.748176E-03
    17   0.671943       0.790076E-03
    18   0.667857       0.831436E-03
    19   0.663796       0.872260E-03
    20   0.659760       0.912554E-03
    21   0.655748       0.952322E-03
    22   0.651761       0.991570E-03
    23   0.647797       0.103030E-02
    24   0.643858       0.106852E-02
    25   0.639943       0.110624E-02
    26   0.636052       0.114345E-02
    27   0.632184       0.118017E-02
    28   0.628340       0.121640E-02
    29   0.624519       0.125213E-02
    30   0.620722       0.128739E-02
    31   0.616947       0.132217E-02
    32   0.613196       0.135647E-02
    33   0.609467       0.139031E-02
    34   0.605761       0.142368E-02
    35   0.602078       0.145659E-02
    36   0.598417       0.148905E-02
    37   0.594778       0.152105E-02
    38   0.591161       0.155261E-02
    39   0.587566       0.158372E-02
    40   0.583994       0.161440E-02
    41   0.580443       0.164464E-02
    42   0.576913       0.167445E-02
    43   0.573405       0.170383E-02
    44   0.569918       0.173279E-02
    45   0.566453       0.176134E-02
    46   0.563008       0.178947E-02
    47   0.559585       0.181719E-02
    48   0.556182       0.184451E-02
    49   0.552800       0.187142E-02
    50   0.549439       0.189793E-02
    51   0.546098       0.192405E-02
    52   0.542777       0.194978E-02
    53   0.539476       0.197513E-02
    54   0.536196       0.200009E-02
    55   0.532936       0.202467E-02
    56   0.529695       0.204888E-02
    57   0.526474       0.207271E-02
    58   0.523273       0.209618E-02
    59   0.520091       0.211928E-02
    60   0.516928       0.214202E-02
    61   0.513785       0.216440E-02
    62   0.510661       0.218643E-02
    63   0.507556       0.220811E-02
    64   0.504469       0.222944E-02
    65   0.501402       0.225043E-02
    66   0.498353       0.227108E-02
    67   0.495322       0.229139E-02
    68   0.492311       0.231137E-02
    69   0.489317       0.233102E-02
    70   0.486342       0.235034E-02
    71   0.483384       0.236934E-02
    72   0.480445       0.238802E-02
    73   0.477523       0.240638E-02
    74   0.474620       0.242443E-02
    75   0.471734       0.244216E-02
    76   0.468865       0.245959E-02
    77   0.466014       0.247672E-02
    78   0.463180       0.249354E-02
    79   0.460364       0.251006E-02
    80   0.457565       0.252629E-02
    81   0.454782       0.254223E-02
    82   0.452017       0.255788E-02
    83   0.449268       0.257324E-02
    84   0.446536       0.258832E-02
    85   0.443821       0.260311E-02
    86   0.441122       0.261763E-02
    87   0.438440       0.263188E-02
    88   0.435774       0.264585E-02
    89   0.433124       0.265955E-02
    90   0.430490       0.267299E-02
    91   0.427873       0.268616E-02
    92   0.425271       0.269907E-02
    93   0.422685       0.271173E-02
    94   0.420115       0.272412E-02
    95   0.417560       0.273627E-02
    96   0.415021       0.274816E-02
    97   0.412498       0.275981E-02
    98   0.409989       0.277121E-02
    99   0.407496       0.278237E-02
   100   0.405018       0.279329E-02
   101   0.402555       0.280397E-02
   102   0.400108       0.281441E-02
   103   0.397675       0.282463E-02
   104   0.395257       0.283461E-02
   105   0.392853       0.284437E-02
   106   0.390464       0.285390E-02
   107   0.388090       0.286320E-02
   108   0.385730       0.287229E-02
   109   0.383385       0.288116E-02
   110   0.381053       0.288981E-02
   111   0.378736       0.289825E-02
   112   0.376433       0.290648E-02
   113   0.374144       0.291450E-02
   114   0.371869       0.292231E-02
   115   0.369608       0.292992E-02
   116   0.367360       0.293732E-02
   117   0.365127       0.294453E-02
   118   0.362906       0.295153E-02
   119   0.360700       0.295834E-02
   120   0.358506       0.296496E-02
   121   0.356326       0.297139E-02
   122   0.354160       0.297762E-02
   123   0.352006       0.298367E-02
   124   0.349866       0.298954E-02
   125   0.347738       0.299522E-02
   126   0.345624       0.300072E-02
   127   0.343522       0.300604E-02
   128   0.341433       0.301118E-02
   129   0.339357       0.301615E-02
   130   0.337293       0.302094E-02
   131   0.335242       0.302556E-02
   132   0.333204       0.303002E-02
   133   0.331178       0.303430E-02
   134   0.329164       0.303842E-02
   135   0.327162       0.304238E-02
   136   0.325173       0.304617E-02
   137   0.323196       0.304980E-02
   138   0.321231       0.305328E-02
   139   0.319277       0.305660E-02
   140   0.317336       0.305976E-02
   141   0.315406       0.306277E-02
   142   0.313488       0.306563E-02
   143   0.311582       0.306834E-02
   144   0.309687       0.307091E-02
   145   0.307804       0.307332E-02
   146   0.305933       0.307560E-02
   147   0.304072       0.307773E-02
   148   0.302223       0.307971E-02
   149   0.300386       0.308156E-02
   150   0.298559       0.308327E-02
   151   0.296743       0.308485E-02
   152   0.294939       0.308629E-02
   153   0.293146       0.308760E-02
   154   0.291363       0.308877E-02
   155   0.289591       0.308982E-02
   156   0.287830       0.309074E-02
   157   0.286080       0.309153E-02
   158   0.284341       0.309219E-02
   159   0.282612       0.309274E-02
   160   0.280893       0.309316E-02
   161   0.279185       0.309346E-02
   162   0.277487       0.309364E-02
   163   0.275800       0.309370E-02
   164   0.274123       0.309364E-02
   165   0.272456       0.309347E-02
   166   0.270799       0.309319E-02
   167   0.269153       0.309280E-02
   168   0.267516       0.309229E-02
   169   0.265889       0.309167E-02
   170   0.264273       0.309095E-02
   171   0.262666       0.309012E-02
   172   0.261069       0.308918E-02
   173   0.259481       0.308814E-02
   174   0.257903       0.308700E-02
   175   0.256335       0.308576E-02
   176   0.254776       0.308441E-02
   177   0.253227       0.308297E-02
   178   0.251687       0.308143E-02
   179   0.250157       0.307979E-02
   180   0.248636       0.307806E-02
   181   0.247124       0.307623E-02
   182   0.245621       0.307431E-02
   183   0.244127       0.307230E-02
   184   0.242643       0.307020E-02
   185   0.241168       0.306801E-02
   186   0.239701       0.306573E-02
   187   0.238244       0.306336E-02
   188   0.236795       0.306091E-02
   189   0.235355       0.305838E-02
   190   0.233924       0.305576E-02
   191   0.232501       0.305306E-02
   192   0.231088       0.305027E-02
   193   0.229682       0.304741E-02
   194   0.228286       0.304447E-02
   195   0.226898       0.304145E-02
   196   0.225518       0.303835E-02
   197   0.224147       0.303518E-02
   198   0.222784       0.303193E-02
   199   0.221429       0.302861E-02
   200   0.220083       0.302522E-02
   201   0.218744       0.302175E-02
   202   0.217414       0.301821E-02
   203   0.216092       0.301461E-02
   204   0.214778       0.301093E-02
   205   0.213472       0.300719E-02
   206   0.212174       0.300338E-02
   207   0.210884       0.299950E-02
   208   0.209602       0.299556E-02
   209   0.208327       0.299156E-02
   210   0.207060       0.298749E-02
   211   0.205801       0.298336E-02
   212   0.204550       0.297917E-02
   213   0.203306       0.297492E-02
   214   0.202070       0.297061E-02
   215   0.200841       0.296624E-02
   216   0.199620       0.296182E-02
   217   0.198406       0.295733E-02
   218   0.197199       0.295279E-02
   219   0.196000       0.294820E-02
   220   0.194808       0.294355E-02
   221   0.193624       0.293885E-02
   222   0.192446       0.293409E-02
   223   0.191276       0.292929E-02
   224   0.190113       0.292443E-02
   225   0.188957       0.291952E-02
   226   0.187808       0.291457E-02
   227   0.186666       0.290956E-02
   228   0.185531       0.290451E-02
   229   0.184403       0.289941E-02
   230   0.183282       0.289426E-02
   231   0.182167       0.288907E-02
   232   0.181059       0.288383E-02
   233   0.179958       0.287855E-02
   234   0.178864       0.287323E-02
   235   0.177777       0.286786E-02
   236   0.176695       0.286246E-02
   237   0.175621       0.285701E-02
   238   0.174553       0.285152E-02
   239   0.173492       0.284599E-02
   240   0.172437       0.284042E-02
   241   0.171388       0.283481E-02
   242   0.170346       0.282917E-02
   243   0.169310       0.282349E-02
   244   0.168281       0.281777E-02
   245   0.167257       0.281202E-02
   246   0.166240       0.280623E-02
   247   0.165230       0.280041E-02
   248   0.164225       0.279455E-02
   249   0.163226       0.278866E-02
   250   0.162234       0.278274E-02
   251   0.161247       0.277679E-02
   252   0.160267       0.277080E-02
   253   0.159292       0.276478E-02
   254   0.158324       0.275874E-02
   255   0.157361       0.275266E-02
   256   0.156404       0.274656E-02
   257   0.155453       0.274043E-02
   258   0.154508       0.273427E-02
   259   0.153568       0.272808E-02
   260   0.152634       0.272187E-02
   261   0.151706       0.271563E-02
   262   0.150784       0.270936E-02
   263   0.149867       0.270307E-02
   264   0.148955       0.269676E-02
   265   0.148050       0.269042E-02
   266   0.147149       0.268406E-02
   267   0.146255       0.267767E-02
   268   0.145365       0.267127E-02
   269   0.144481       0.266484E-02
   270   0.143603       0.265839E-02
   271   0.142730       0.265192E-02
   272   0.141862       0.264543E-02
   273   0.140999       0.263892E-02
   274   0.140142       0.263239E-02
   275   0.139290       0.262584E-02
   276   0.138443       0.261927E-02
   277   0.137601       0.261269E-02
   278   0.136764       0.260609E-02
   279   0.135932       0.259947E-02
   280   0.135106       0.259283E-02
   281   0.134284       0.258618E-02
   282   0.133468       0.257951E-02
   283   0.132656       0.257283E-02
   284   0.131850       0.256613E-02
   285   0.131048       0.255942E-02
   286   0.130251       0.255270E-02
   287   0.129459       0.254596E-02
   288   0.128672       0.253920E-02
   289   0.127889       0.253244E-02
   290   0.127112       0.252566E-02
   291   0.126339       0.251888E-02
   292   0.125570       0.251208E-02
   293   0.124807       0.250526E-02
   294   0.124048       0.249844E-02
   295   0.123294       0.249161E-02
   296   0.122544       0.248477E-02
   297   0.121799       0.247792E-02
   298   0.121058       0.247106E-02
   299   0.120322       0.246419E-02
   300   0.119590       0.245731E-02
   301   0.118863       0.245043E-02
   302   0.118140       0.244353E-02
   303   0.117422       0.243663E-02
   304   0.116708       0.242972E-02
   305   0.115998       0.242281E-02
   306   0.115293       0.241589E-02
   307   0.114592       0.240896E-02
   308   0.113895       0.240203E-02
   309   0.113203       0.239509E-02
   310   0.112514       0.238815E-02
   311   0.111830       0.238120E-02
   312   0.111150       0.237425E-02
   313   0.110474       0.236730E-02
   314   0.109802       0.236034E-02
   315   0.109135       0.235338E-02
   316   0.108471       0.234641E-02
   317   0.107812       0.233944E-02
   318   0.107156       0.233247E-02
   319   0.106504       0.232550E-02
   320   0.105857       0.231852E-02
   321   0.105213       0.231155E-02
   322   0.104573       0.230457E-02
   323   0.103937       0.229759E-02
   324   0.103305       0.229061E-02
   325   0.102677       0.228363E-02
   326   0.102053       0.227665E-02
   327   0.101432       0.226967E-02
   328   0.100816       0.226269E-02
   329   0.100203       0.225571E-02
   330   0.995932E-01   0.224873E-02
   331   0.989876E-01   0.224175E-02
   332   0.983857E-01   0.223477E-02
   333   0.977874E-01   0.222780E-02
   334   0.971928E-01   0.222082E-02
   335   0.966018E-01   0.221385E-02
   336   0.960144E-01   0.220688E-02
   337   0.954306E-01   0.219991E-02
   338   0.948503E-01   0.219295E-02
   339   0.942735E-01   0.218599E-02
   340   0.937003E-01   0.217903E-02
   341   0.931305E-01   0.217208E-02
   342   0.925642E-01   0.216512E-02
   343   0.920013E-01   0.215818E-02
   344   0.914419E-01   0.215123E-02
   345   0.908859E-01   0.214429E-02
   346   0.903332E-01   0.213736E-02
   347   0.897839E-01   0.213043E-02
   348   0.892380E-01   0.212350E-02
   349   0.886953E-01   0.211658E-02
   350   0.881560E-01   0.210967E-02
   351   0.876200E-01   0.210276E-02
   352   0.870872E-01   0.209585E-02
   353   0.865576E-01   0.208895E-02
   354   0.860313E-01   0.208206E-02
   355   0.855081E-01   0.207518E-02
   356   0.849882E-01   0.206830E-02
   357   0.844714E-01   0.206142E-02
   358   0.839577E-01   0.205456E-02
   359   0.834472E-01   0.204770E-02
   360   0.829398E-01   0.204084E-02
   361   0.824355E-01   0.203400E-02
   362   0.819342E-01   0.202716E-02
   363   0.814360E-01   0.202033E-02
   364   0.809408E-01   0.201351E-02
   365   0.804486E-01   0.200669E-02
   366   0.799594E-01   0.199989E-02
   367   0.794732E-01   0.199309E-02
   368   0.789900E-01   0.198630E-02
   369   0.785096E-01   0.197952E-02
   370   0.780322E-01   0.197274E-02
   371   0.775577E-01   0.196598E-02
   372   0.770861E-01   0.195922E-02
   373   0.766174E-01   0.195248E-02
   374   0.761515E-01   0.194574E-02
   375   0.756885E-01   0.193901E-02
   376   0.752282E-01   0.193229E-02
   377   0.747708E-01   0.192559E-02
   378   0.743161E-01   0.191889E-02
   379   0.738642E-01   0.191220E-02
   380   0.734151E-01   0.190552E-02
   381   0.729686E-01   0.189885E-02
   382   0.725249E-01   0.189219E-02
   383   0.720839E-01   0.188555E-02
   384   0.716456E-01   0.187891E-02
   385   0.712100E-01   0.187228E-02
   386   0.707769E-01   0.186567E-02
   387   0.703466E-01   0.185906E-02
   388   0.699188E-01   0.185247E-02
   389   0.694937E-01   0.184589E-02
   390   0.690711E-01   0.183932E-02
   391   0.686511E-01   0.183276E-02
   392   0.682336E-01   0.182621E-02
   393   0.678187E-01   0.181967E-02
   394   0.674063E-01   0.181314E-02
   395   0.669965E-01   0.180663E-02
   396   0.665891E-01   0.180013E-02
   397   0.661842E-01   0.179364E-02
   398   0.657817E-01   0.178716E-02
   399   0.653817E-01   0.178070E-02
   400   0.649841E-01   0.177424E-02
   401   0.645890E-01   0.176780E-02
   402   0.641962E-01   0.176137E-02
   403   0.638059E-01   0.175496E-02
   404   0.634179E-01   0.174855E-02
   405   0.630323E-01   0.174216E-02
   406   0.626490E-01   0.173579E-02
   407   0.622680E-01   0.172942E-02
   408   0.618894E-01   0.172307E-02
   409   0.615131E-01   0.171673E-02
   410   0.611390E-01   0.171040E-02
   411   0.607672E-01   0.170409E-02
   412   0.603977E-01   0.169779E-02
   413   0.600305E-01   0.169150E-02
   414   0.596654E-01   0.168523E-02
   415   0.593026E-01   0.167897E-02
   416   0.589420E-01   0.167273E-02
   417   0.585836E-01   0.166649E-02
   418   0.582274E-01   0.166028E-02
   419   0.578733E-01   0.165407E-02
   420   0.575214E-01   0.164788E-02
   421   0.571716E-01   0.164170E-02
   422   0.568240E-01   0.163554E-02
   423   0.564785E-01   0.162939E-02
   424   0.561350E-01   0.162325E-02
   425   0.557937E-01   0.161713E-02
   426   0.554544E-01   0.161103E-02
   427   0.551172E-01   0.160493E-02
   428   0.547821E-01   0.159886E-02
   429   0.544490E-01   0.159279E-02
   430   0.541179E-01   0.158674E-02
   431   0.537888E-01   0.158071E-02
   432   0.534617E-01   0.157468E-02
   433   0.531366E-01   0.156868E-02
   434   0.528135E-01   0.156269E-02
   435   0.524924E-01   0.155671E-02
   436   0.521732E-01   0.155075E-02
   437   0.518559E-01   0.154480E-02
   438   0.515406E-01   0.153887E-02
   439   0.512272E-01   0.153295E-02
   440   0.509157E-01   0.152705E-02
   441   0.506061E-01   0.152116E-02
   442   0.502984E-01   0.151528E-02
   443   0.499925E-01   0.150942E-02
   444   0.496885E-01   0.150358E-02
   445   0.493864E-01   0.149775E-02
   446   0.490861E-01   0.149194E-02
   447   0.487876E-01   0.148614E-02
   448   0.484909E-01   0.148036E-02
   449   0.481961E-01   0.147459E-02
   450   0.479030E-01   0.146884E-02
   451   0.476117E-01   0.146310E-02
   452   0.473222E-01   0.145738E-02
   453   0.470345E-01   0.145167E-02
   454   0.467485E-01   0.144598E-02
   455   0.464642E-01   0.144030E-02
   456   0.461817E-01   0.143464E-02
   457   0.459008E-01   0.142899E-02
   458   0.456217E-01   0.142336E-02
   459   0.453443E-01   0.141775E-02
   460   0.450686E-01   0.141215E-02
   461   0.447945E-01   0.140656E-02
   462   0.445221E-01   0.140100E-02
   463   0.442514E-01   0.139544E-02
   464   0.439823E-01   0.138990E-02
   465   0.437149E-01   0.138438E-02
   466   0.434491E-01   0.137888E-02
   467   0.431849E-01   0.137339E-02
   468   0.429223E-01   0.136791E-02
   469   0.426613E-01   0.136245E-02
   470   0.424019E-01   0.135701E-02
   471   0.421440E-01   0.135158E-02
   472   0.418878E-01   0.134617E-02
   473   0.416331E-01   0.134077E-02
   474   0.413799E-01   0.133539E-02
   475   0.411283E-01   0.133002E-02
   476   0.408782E-01   0.132467E-02
   477   0.406296E-01   0.131934E-02
   478   0.403826E-01   0.131402E-02
   479   0.401370E-01   0.130871E-02
   480   0.398929E-01   0.130343E-02
   481   0.396504E-01   0.129816E-02
   482   0.394093E-01   0.129290E-02
   483   0.391696E-01   0.128766E-02
   484   0.389314E-01   0.128244E-02
   485   0.386947E-01   0.127723E-02
   486   0.384594E-01   0.127203E-02
   487   0.382256E-01   0.126686E-02
   488   0.379931E-01   0.126170E-02
   489   0.377621E-01   0.125655E-02
   490   0.375325E-01   0.125142E-02
   491   0.373042E-01   0.124631E-02
   492   0.370774E-01   0.124121E-02
   493   0.368520E-01   0.123613E-02
   494   0.366279E-01   0.123106E-02
   495   0.364051E-01   0.122601E-02
   496   0.361838E-01   0.122097E-02
   497   0.359637E-01   0.121595E-02
   498   0.357451E-01   0.121095E-02
   499   0.355277E-01   0.120596E-02
   500   0.353117E-01   0.120099E-02
   501   0.350969E-01   0.119603E-02
   502   0.348835E-01   0.119109E-02
   503   0.346714E-01   0.118617E-02
   504   0.344606E-01   0.118126E-02
   505   0.342510E-01   0.117636E-02
   506   0.340428E-01   0.117148E-02
   507   0.338358E-01   0.116662E-02
   508   0.336300E-01   0.116177E-02
   509   0.334255E-01   0.115694E-02
   510   0.332223E-01   0.115213E-02
   511   0.330203E-01   0.114733E-02
   512   0.328195E-01   0.114254E-02
   513   0.326199E-01   0.113778E-02
   514   0.324216E-01   0.113302E-02
   515   0.322244E-01   0.112828E-02
   516   0.320285E-01   0.112356E-02
   517   0.318337E-01   0.111886E-02
   518   0.316401E-01   0.111417E-02
   519   0.314477E-01   0.110949E-02
   520   0.312565E-01   0.110483E-02
   521   0.310664E-01   0.110019E-02
   522   0.308775E-01   0.109556E-02
   523   0.306898E-01   0.109094E-02
   524   0.305032E-01   0.108635E-02
   525   0.303177E-01   0.108176E-02
   526   0.301333E-01   0.107720E-02
   527   0.299501E-01   0.107265E-02
   528   0.297680E-01   0.106811E-02
   529   0.295870E-01   0.106359E-02
   530   0.294071E-01   0.105908E-02
   531   0.292282E-01   0.105459E-02
   532   0.290505E-01   0.105012E-02
   533   0.288739E-01   0.104566E-02
   534   0.286983E-01   0.104121E-02
   535   0.285238E-01   0.103679E-02
   536   0.283503E-01   0.103237E-02
   537   0.281779E-01   0.102797E-02
   538   0.280066E-01   0.102359E-02
   539   0.278363E-01   0.101922E-02
   540   0.276670E-01   0.101487E-02
   541   0.274988E-01   0.101053E-02
   542   0.273316E-01   0.100621E-02
   543   0.271654E-01   0.100190E-02
   544   0.270002E-01   0.997607E-03
   545   0.268360E-01   0.993329E-03
   546   0.266728E-01   0.989067E-03
   547   0.265107E-01   0.984819E-03
   548   0.263494E-01   0.980586E-03
   549   0.261892E-01   0.976368E-03
   550   0.260300E-01   0.972166E-03
   551   0.258717E-01   0.967978E-03
   552   0.257144E-01   0.963805E-03
   553   0.255580E-01   0.959646E-03
   554   0.254026E-01   0.955503E-03
   555   0.252481E-01   0.951374E-03
   556   0.250946E-01   0.947260E-03
   557   0.249420E-01   0.943161E-03
   558   0.247903E-01   0.939077E-03
   559   0.246396E-01   0.935007E-03
   560   0.244898E-01   0.930952E-03
   561   0.243409E-01   0.926912E-03
   562   0.241928E-01   0.922886E-03
   563   0.240457E-01   0.918875E-03
   564   0.238995E-01   0.914878E-03
   565   0.237542E-01   0.910896E-03
   566   0.236098E-01   0.906928E-03
   567   0.234662E-01   0.902975E-03
   568   0.233235E-01   0.899036E-03
   569   0.231817E-01   0.895112E-03
   570   0.230407E-01   0.891202E-03
   571   0.229006E-01   0.887306E-03
   572   0.227614E-01   0.883425E-03
   573   0.226229E-01   0.879558E-03
   574   0.224854E-01   0.875705E-03
   575   0.223487E-01   0.871866E-03
   576   0.222128E-01   0.868042E-03
   577   0.220777E-01   0.864232E-03
   578   0.219434E-01   0.860436E-03
   579   0.218100E-01   0.856654E-03
   580   0.216774E-01   0.852886E-03
   581   0.215456E-01   0.849132E-03
   582   0.214146E-01   0.845392E-03
   583   0.212843E-01   0.841666E-03
   584   0.211549E-01   0.837955E-03
   585   0.210263E-01   0.834257E-03
   586   0.208984E-01   0.830573E-03
   587   0.207714E-01   0.826903E-03
   588   0.206450E-01   0.823246E-03
   589   0.205195E-01   0.819604E-03
   590   0.203947E-01   0.815975E-03
   591   0.202707E-01   0.812360E-03
   592   0.201475E-01   0.808758E-03
   593   0.200249E-01   0.805171E-03
   594   0.199032E-01   0.801597E-03
   595   0.197822E-01   0.798036E-03
   596   0.196619E-01   0.794489E-03
   597   0.195423E-01   0.790956E-03
   598   0.194235E-01   0.787436E-03
   599   0.193054E-01   0.783930E-03
   600   0.191880E-01   0.780437E-03
   601   0.190713E-01   0.776957E-03
   602   0.189553E-01   0.773491E-03
   603   0.188401E-01   0.770039E-03
   604   0.187255E-01   0.766599E-03
   605   0.186116E-01   0.763173E-03
   606   0.184985E-01   0.759760E-03
   607   0.183860E-01   0.756360E-03
   608   0.182742E-01   0.752973E-03
   609   0.181631E-01   0.749600E-03
   610   0.180526E-01   0.746240E-03
   611   0.179428E-01   0.742892E-03
   612   0.178337E-01   0.739558E-03
   613   0.177253E-01   0.736237E-03
   614   0.176175E-01   0.732928E-03
   615   0.175104E-01   0.729633E-03
   616   0.174039E-01   0.726351E-03
   617   0.172981E-01   0.723081E-03
   618   0.171929E-01   0.719824E-03
   619   0.170884E-01   0.716580E-03
   620   0.169844E-01   0.713349E-03
   621   0.168812E-01   0.710130E-03
   622   0.167785E-01   0.706925E-03
   623   0.166765E-01   0.703731E-03
   624   0.165751E-01   0.700551E-03
   625   0.164743E-01   0.697383E-03
   626   0.163741E-01   0.694227E-03
   627   0.162746E-01   0.691085E-03
   628   0.161756E-01   0.687954E-03
   629   0.160772E-01   0.684836E-03
   630   0.159795E-01   0.681731E-03
   631   0.158823E-01   0.678637E-03
   632   0.157857E-01   0.675557E-03
   633   0.156897E-01   0.672488E-03
   634   0.155943E-01   0.669432E-03
   635   0.154995E-01   0.666388E-03
   636   0.154053E-01   0.663356E-03
   637   0.153116E-01   0.660336E-03
   638   0.152185E-01   0.657328E-03
   639   0.151259E-01   0.654333E-03
   640   0.150340E-01   0.651350E-03
   641   0.149425E-01   0.648378E-03
   642   0.148517E-01   0.645419E-03
   643   0.147614E-01   0.642471E-03
   644   0.146716E-01   0.639536E-03
   645   0.145824E-01   0.636612E-03
   646   0.144937E-01   0.633700E-03
   647   0.144056E-01   0.630800E-03
   648   0.143180E-01   0.627912E-03
   649   0.142309E-01   0.625035E-03
   650   0.141444E-01   0.622171E-03
   651   0.140584E-01   0.619317E-03
   652   0.139729E-01   0.616476E-03
   653   0.138879E-01   0.613646E-03
   654   0.138035E-01   0.610828E-03
   655   0.137196E-01   0.608021E-03
   656   0.136361E-01   0.605225E-03
   657   0.135532E-01   0.602441E-03
   658   0.134708E-01   0.599669E-03
   659   0.133889E-01   0.596908E-03
   660   0.133075E-01   0.594158E-03
   661   0.132266E-01   0.591420E-03
   662   0.131461E-01   0.588692E-03
   663   0.130662E-01   0.585976E-03
   664   0.129867E-01   0.583272E-03
   665   0.129078E-01   0.580578E-03
   666   0.128293E-01   0.577896E-03
   667   0.127513E-01   0.575224E-03
   668   0.126737E-01   0.572564E-03
   669   0.125967E-01   0.569915E-03
   670   0.125201E-01   0.567276E-03
   671   0.124439E-01   0.564649E-03
   672   0.123683E-01   0.562033E-03
   673   0.122931E-01   0.559427E-03
   674   0.122183E-01   0.556833E-03
   675   0.121440E-01   0.554249E-03
   676   0.120702E-01   0.551676E-03
   677   0.119968E-01   0.549113E-03
   678   0.119238E-01   0.546562E-03
   679   0.118513E-01   0.544021E-03
   680   0.117793E-01   0.541491E-03
   681   0.117076E-01   0.538971E-03
   682   0.116364E-01   0.536462E-03
   683   0.115657E-01   0.533963E-03
   684   0.114954E-01   0.531475E-03
   685   0.114255E-01   0.528997E-03
   686   0.113560E-01   0.526530E-03
   687   0.112869E-01   0.524073E-03
   688   0.112183E-01   0.521627E-03
   689   0.111501E-01   0.519191E-03
   690   0.110823E-01   0.516765E-03
   691   0.110149E-01   0.514349E-03
   692   0.109479E-01   0.511944E-03
   693   0.108813E-01   0.509549E-03
   694   0.108152E-01   0.507164E-03
   695   0.107494E-01   0.504789E-03
   696   0.106840E-01   0.502424E-03
   697   0.106191E-01   0.500069E-03
   698   0.105545E-01   0.497724E-03
   699   0.104903E-01   0.495390E-03
   700   0.104265E-01   0.493065E-03
   701   0.103631E-01   0.490750E-03
   702   0.103001E-01   0.488445E-03
   703   0.102375E-01   0.486150E-03
   704   0.101752E-01   0.483864E-03
   705   0.101134E-01   0.481589E-03
   706   0.100519E-01   0.479323E-03
   707   0.999074E-02   0.477066E-03
   708   0.992999E-02   0.474820E-03
   709   0.986961E-02   0.472583E-03
   710   0.980960E-02   0.470356E-03
   711   0.974995E-02   0.468138E-03
   712   0.969066E-02   0.465930E-03
   713   0.963173E-02   0.463731E-03
   714   0.957317E-02   0.461542E-03
   715   0.951495E-02   0.459362E-03
   716   0.945710E-02   0.457192E-03
   717   0.939959E-02   0.455031E-03
   718   0.934243E-02   0.452879E-03
   719   0.928562E-02   0.450737E-03
   720   0.922916E-02   0.448603E-03
   721   0.917304E-02   0.446480E-03
   722   0.911726E-02   0.444365E-03
   723   0.906182E-02   0.442259E-03
   724   0.900672E-02   0.440163E-03
   725   0.895195E-02   0.438076E-03
   726   0.889752E-02   0.435997E-03
   727   0.884342E-02   0.433928E-03
   728   0.878964E-02   0.431868E-03
   729   0.873619E-02   0.429817E-03
   730   0.868307E-02   0.427775E-03
   731   0.863027E-02   0.425741E-03
   732   0.857779E-02   0.423717E-03
   733   0.852563E-02   0.421701E-03
   734   0.847379E-02   0.419694E-03
   735   0.842226E-02   0.417696E-03
   736   0.837105E-02   0.415707E-03
   737   0.832015E-02   0.413726E-03
   738   0.826956E-02   0.411754E-03
   739   0.821927E-02   0.409791E-03
   740   0.816929E-02   0.407836E-03
   741   0.811962E-02   0.405890E-03
   742   0.807024E-02   0.403953E-03
   743   0.802117E-02   0.402024E-03
   744   0.797240E-02   0.400103E-03
   745   0.792392E-02   0.398191E-03
   746   0.787573E-02   0.396287E-03
   747   0.782784E-02   0.394392E-03
   748   0.778025E-02   0.392505E-03
   749   0.773294E-02   0.390627E-03
   750   0.768591E-02   0.388756E-03
   751   0.763918E-02   0.386894E-03
   752   0.759273E-02   0.385041E-03
   753   0.754656E-02   0.383195E-03
   754   0.750067E-02   0.381358E-03
   755   0.745506E-02   0.379528E-03
   756   0.740973E-02   0.377707E-03
   757   0.736467E-02   0.375894E-03
   758   0.731989E-02   0.374089E-03
   759   0.727538E-02   0.372292E-03
   760   0.723114E-02   0.370503E-03
   761   0.718717E-02   0.368722E-03
   762   0.714346E-02   0.366949E-03
   763   0.710003E-02   0.365184E-03
   764   0.705685E-02   0.363427E-03
   765   0.701394E-02   0.361677E-03
   766   0.697129E-02   0.359935E-03
   767   0.692890E-02   0.358201E-03
   768   0.688677E-02   0.356475E-03
   769   0.684489E-02   0.354757E-03
   770   0.680327E-02   0.353046E-03
   771   0.676190E-02   0.351343E-03
   772   0.672078E-02   0.349647E-03
   773   0.667992E-02   0.347960E-03
   774   0.663930E-02   0.346279E-03
   775   0.659893E-02   0.344606E-03
   776   0.655880E-02   0.342941E-03
   777   0.651892E-02   0.341283E-03
   778   0.647928E-02   0.339633E-03
   779   0.643988E-02   0.337990E-03
   780   0.640072E-02   0.336355E-03
   781   0.636180E-02   0.334726E-03
   782   0.632311E-02   0.333106E-03
   783   0.628466E-02   0.331492E-03
   784   0.624645E-02   0.329886E-03
   785   0.620847E-02   0.328287E-03
   786   0.617071E-02   0.326695E-03
   787   0.613319E-02   0.325110E-03
   788   0.609590E-02   0.323533E-03
   789   0.605883E-02   0.321963E-03
   790   0.602199E-02   0.320400E-03
   791   0.598537E-02   0.318844E-03
   792   0.594897E-02   0.317294E-03
   793   0.591280E-02   0.315752E-03
   794   0.587685E-02   0.314217E-03
   795   0.584111E-02   0.312689E-03
   796   0.580559E-02   0.311168E-03
   797   0.577029E-02   0.309654E-03
   798   0.573520E-02   0.308147E-03
   799   0.570033E-02   0.306646E-03
   800   0.566567E-02   0.305153E-03
   801   0.563121E-02   0.303666E-03
   802   0.559697E-02   0.302186E-03
   803   0.556294E-02   0.300712E-03
   804   0.552911E-02   0.299246E-03
   805   0.549549E-02   0.297786E-03
   806   0.546207E-02   0.296333E-03
   807   0.542886E-02   0.294886E-03
   808   0.539585E-02   0.293446E-03
   809   0.536304E-02   0.292013E-03
   810   0.533043E-02   0.290586E-03
   811   0.529801E-02   0.289165E-03
   812   0.526580E-02   0.287752E-03
   813   0.523378E-02   0.286344E-03
   814   0.520195E-02   0.284943E-03
   815   0.517032E-02   0.283549E-03
   816   0.513888E-02   0.282161E-03
   817   0.510763E-02   0.280779E-03
   818   0.507658E-02   0.279404E-03
   819   0.504571E-02   0.278035E-03
   820   0.501503E-02   0.276672E-03
   821   0.498453E-02   0.275316E-03
   822   0.495422E-02   0.273965E-03
   823   0.492410E-02   0.272621E-03
   824   0.489415E-02   0.271284E-03
   825   0.486439E-02   0.269952E-03
   826   0.483481E-02   0.268627E-03
   827   0.480542E-02   0.267307E-03
   828   0.477619E-02   0.265994E-03
   829   0.474715E-02   0.264687E-03
   830   0.471829E-02   0.263385E-03
   831   0.468960E-02   0.262090E-03
   832   0.466108E-02   0.260801E-03
   833   0.463274E-02   0.259518E-03
   834   0.460457E-02   0.258241E-03
   835   0.457657E-02   0.256969E-03
   836   0.454874E-02   0.255704E-03
   837   0.452108E-02   0.254444E-03
   838   0.449359E-02   0.253191E-03
   839   0.446626E-02   0.251943E-03
   840   0.443910E-02   0.250701E-03
   841   0.441211E-02   0.249464E-03
   842   0.438528E-02   0.248234E-03
   843   0.435862E-02   0.247009E-03
   844   0.433211E-02   0.245790E-03
   845   0.430577E-02   0.244576E-03
   846   0.427959E-02   0.243368E-03
   847   0.425357E-02   0.242166E-03
   848   0.422770E-02   0.240969E-03
   849   0.420199E-02   0.239778E-03
   850   0.417644E-02   0.238593E-03
   851   0.415105E-02   0.237413E-03
   852   0.412580E-02   0.236238E-03
   853   0.410072E-02   0.235069E-03
   854   0.407578E-02   0.233906E-03
   855   0.405100E-02   0.232748E-03
   856   0.402636E-02   0.231595E-03
   857   0.400188E-02   0.230448E-03
   858   0.397755E-02   0.229306E-03
   859   0.395336E-02   0.228169E-03
   860   0.392932E-02   0.227038E-03
   861   0.390543E-02   0.225912E-03
   862   0.388168E-02   0.224792E-03
   863   0.385808E-02   0.223676E-03
   864   0.383462E-02   0.222566E-03
   865   0.381130E-02   0.221461E-03
   866   0.378812E-02   0.220362E-03
   867   0.376509E-02   0.219267E-03
   868   0.374219E-02   0.218178E-03
   869   0.371944E-02   0.217093E-03
   870   0.369682E-02   0.216014E-03
   871   0.367434E-02   0.214940E-03
   872   0.365200E-02   0.213871E-03
   873   0.362979E-02   0.212807E-03
   874   0.360772E-02   0.211748E-03
   875   0.358578E-02   0.210694E-03
   876   0.356398E-02   0.209645E-03
   877   0.354231E-02   0.208601E-03
   878   0.352077E-02   0.207562E-03
   879   0.349936E-02   0.206527E-03
   880   0.347808E-02   0.205498E-03
   881   0.345693E-02   0.204474E-03
   882   0.343591E-02   0.203454E-03
   883   0.341502E-02   0.202439E-03
   884   0.339425E-02   0.201429E-03
   885   0.337361E-02   0.200424E-03
   886   0.335310E-02   0.199424E-03
   887   0.333271E-02   0.198428E-03
   888   0.331244E-02   0.197437E-03
   889   0.329230E-02   0.196450E-03
   890   0.327228E-02   0.195469E-03
   891   0.325238E-02   0.194492E-03
   892   0.323261E-02   0.193520E-03
   893   0.321295E-02   0.192552E-03
   894   0.319341E-02   0.191589E-03
   895   0.317400E-02   0.190630E-03
   896   0.315470E-02   0.189676E-03
   897   0.313551E-02   0.188727E-03
   898   0.311645E-02   0.187782E-03
   899   0.309750E-02   0.186842E-03
   900   0.307866E-02   0.185906E-03
   901   0.305994E-02   0.184974E-03
   902   0.304133E-02   0.184047E-03
   903   0.302284E-02   0.183124E-03
   904   0.300446E-02   0.182206E-03
   905   0.298619E-02   0.181292E-03
   906   0.296803E-02   0.180383E-03
   907   0.294998E-02   0.179478E-03
   908   0.293205E-02   0.178577E-03
   909   0.291422E-02   0.177681E-03
   910   0.289650E-02   0.176788E-03
   911   0.287888E-02   0.175900E-03
   912   0.286138E-02   0.175017E-03
   913   0.284398E-02   0.174137E-03
   914   0.282668E-02   0.173262E-03
   915   0.280950E-02   0.172391E-03
   916   0.279241E-02   0.171524E-03
   917   0.277543E-02   0.170661E-03
   918   0.275856E-02   0.169803E-03
   919   0.274178E-02   0.168948E-03
   920   0.272511E-02   0.168098E-03
   921   0.270854E-02   0.167252E-03
   922   0.269207E-02   0.166410E-03
   923   0.267570E-02   0.165571E-03
   924   0.265943E-02   0.164737E-03
   925   0.264326E-02   0.163907E-03
   926   0.262719E-02   0.163081E-03
   927   0.261121E-02   0.162259E-03
   928   0.259533E-02   0.161441E-03
   929   0.257955E-02   0.160626E-03
   930   0.256386E-02   0.159816E-03
   931   0.254827E-02   0.159009E-03
   932   0.253278E-02   0.158207E-03
   933   0.251738E-02   0.157408E-03
   934   0.250207E-02   0.156613E-03
   935   0.248686E-02   0.155822E-03
   936   0.247173E-02   0.155035E-03
   937   0.245670E-02   0.154252E-03
   938   0.244177E-02   0.153472E-03
   939   0.242692E-02   0.152696E-03
   940   0.241216E-02   0.151924E-03
   941   0.239749E-02   0.151156E-03
   942   0.238291E-02   0.150391E-03
   943   0.236842E-02   0.149630E-03
   944   0.235402E-02   0.148873E-03
   945   0.233971E-02   0.148120E-03
   946   0.232548E-02   0.147370E-03
   947   0.231134E-02   0.146623E-03
   948   0.229729E-02   0.145881E-03
   949   0.228332E-02   0.145142E-03
   950   0.226943E-02   0.144406E-03
   951   0.225563E-02   0.143674E-03
   952   0.224192E-02   0.142946E-03
   953   0.222828E-02   0.142221E-03
   954   0.221473E-02   0.141500E-03
   955   0.220127E-02   0.140782E-03
   956   0.218788E-02   0.140068E-03
   957   0.217458E-02   0.139357E-03
   958   0.216136E-02   0.138649E-03
   959   0.214821E-02   0.137945E-03
   960   0.213515E-02   0.137245E-03
   961   0.212217E-02   0.136548E-03
   962   0.210926E-02   0.135854E-03
   963   0.209644E-02   0.135164E-03
   964   0.208369E-02   0.134477E-03
   965   0.207102E-02   0.133793E-03
   966   0.205843E-02   0.133113E-03
   967   0.204591E-02   0.132436E-03
   968   0.203347E-02   0.131762E-03
   969   0.202110E-02   0.131091E-03
   970   0.200881E-02   0.130424E-03
   971   0.199660E-02   0.129760E-03
   972   0.198446E-02   0.129100E-03
   973   0.197239E-02   0.128442E-03
   974   0.196040E-02   0.127788E-03
   975   0.194848E-02   0.127137E-03
   976   0.193663E-02   0.126489E-03
   977   0.192485E-02   0.125845E-03
   978   0.191315E-02   0.125203E-03
   979   0.190151E-02   0.124565E-03
   980   0.188995E-02   0.123930E-03
   981   0.187846E-02   0.123298E-03
   982   0.186704E-02   0.122669E-03
   983   0.185568E-02   0.122043E-03
   984   0.184440E-02   0.121420E-03
   985   0.183318E-02   0.120800E-03
   986   0.182204E-02   0.120183E-03
   987   0.181096E-02   0.119569E-03
   988   0.179995E-02   0.118959E-03
   989   0.178900E-02   0.118351E-03
   990   0.177812E-02   0.117746E-03
   991   0.176731E-02   0.117144E-03
   992   0.175656E-02   0.116546E-03
   993   0.174588E-02   0.115950E-03
   994   0.173527E-02   0.115357E-03
   995   0.172471E-02   0.114767E-03
   996   0.171423E-02   0.114180E-03
   997   0.170380E-02   0.113595E-03
   998   0.169344E-02   0.113014E-03
   999   0.168315E-02   0.112436E-03
  1000   0.167291E-02   0.111860E-03
  1001   0.166274E-02   0.111287E-03
  1002   0.165263E-02   0.110717E-03
  1003   0.164258E-02   0.110150E-03
  1004   0.163259E-02   0.109586E-03
  1005   0.162266E-02   0.109024E-03
  1006   0.161280E-02   0.108465E-03
  1007   0.160299E-02   0.107909E-03
  1008   0.159324E-02   0.107356E-03
  1009   0.158355E-02   0.106805E-03
  1010   0.157392E-02   0.106257E-03
  1011   0.156435E-02   0.105712E-03
  1012   0.155484E-02   0.105170E-03
  1013   0.154539E-02   0.104630E-03
  1014   0.153599E-02   0.104093E-03
  1015   0.152665E-02   0.103558E-03
  1016   0.151737E-02   0.103026E-03
  1017   0.150814E-02   0.102497E-03
  1018   0.149897E-02   0.101971E-03
  1019   0.148985E-02   0.101447E-03
  1020   0.148080E-02   0.100925E-03
  1021   0.147179E-02   0.100406E-03
  1022   0.146284E-02   0.998902E-04
  1023   0.145395E-02   0.993766E-04
  1024   0.144510E-02   0.988655E-04
  1025   0.143632E-02   0.983569E-04
  1026   0.142758E-02   0.978508E-04
  1027   0.141890E-02   0.973473E-04
  1028   0.141028E-02   0.968463E-04
  1029   0.140170E-02   0.963477E-04
  1030   0.139318E-02   0.958516E-04
  1031   0.138470E-02   0.953580E-04
  1032   0.137628E-02   0.948668E-04
  1033   0.136792E-02   0.943781E-04
  1034   0.135960E-02   0.938918E-04
  1035   0.135133E-02   0.934080E-04
  1036   0.134311E-02   0.929265E-04
  1037   0.133495E-02   0.924474E-04
  1038   0.132683E-02   0.919707E-04
  1039   0.131876E-02   0.914964E-04
  1040   0.131074E-02   0.910245E-04
  1041   0.130277E-02   0.905549E-04
  1042   0.129485E-02   0.900876E-04
  1043   0.128698E-02   0.896227E-04
  1044   0.127915E-02   0.891601E-04
  1045   0.127137E-02   0.886998E-04
  1046   0.126364E-02   0.882417E-04
  1047   0.125596E-02   0.877860E-04
  1048   0.124832E-02   0.873326E-04
  1049   0.124073E-02   0.868814E-04
  1050   0.123318E-02   0.864324E-04
  1051   0.122569E-02   0.859857E-04
  1052   0.121823E-02   0.855413E-04
  1053   0.121083E-02   0.850990E-04
  1054   0.120346E-02   0.846590E-04
  1055   0.119614E-02   0.842212E-04
  1056   0.118887E-02   0.837855E-04
  1057   0.118164E-02   0.833521E-04
  1058   0.117446E-02   0.829208E-04
  1059   0.116732E-02   0.824916E-04
  1060   0.116022E-02   0.820646E-04
  1061   0.115316E-02   0.816398E-04
  1062   0.114615E-02   0.812170E-04
  1063   0.113918E-02   0.807964E-04
  1064   0.113225E-02   0.803779E-04
  1065   0.112537E-02   0.799615E-04
  1066   0.111853E-02   0.795472E-04
  1067   0.111172E-02   0.791350E-04
  1068   0.110496E-02   0.787248E-04
  1069   0.109825E-02   0.783167E-04
  1070   0.109157E-02   0.779106E-04
  1071   0.108493E-02   0.775066E-04
  1072   0.107833E-02   0.771046E-04
  1073   0.107178E-02   0.767046E-04
  1074   0.106526E-02   0.763066E-04
  1075   0.105878E-02   0.759106E-04
  1076   0.105234E-02   0.755166E-04
  1077   0.104594E-02   0.751246E-04
  1078   0.103958E-02   0.747346E-04
  1079   0.103326E-02   0.743465E-04
  1080   0.102698E-02   0.739604E-04
  1081   0.102073E-02   0.735762E-04
  1082   0.101453E-02   0.731940E-04
  1083   0.100836E-02   0.728136E-04
  1084   0.100223E-02   0.724352E-04
  1085   0.996132E-03   0.720587E-04
  1086   0.990075E-03   0.716841E-04
  1087   0.984055E-03   0.713114E-04
  1088   0.978071E-03   0.709405E-04
  1089   0.972124E-03   0.705716E-04
  1090   0.966212E-03   0.702044E-04
  1091   0.960337E-03   0.698392E-04
  1092   0.954498E-03   0.694758E-04
  1093   0.948693E-03   0.691142E-04
  1094   0.942925E-03   0.687544E-04
  1095   0.937191E-03   0.683965E-04
  1096   0.931492E-03   0.680403E-04
  1097   0.925828E-03   0.676860E-04
  1098   0.920198E-03   0.673334E-04
  1099   0.914603E-03   0.669826E-04
  1100   0.909041E-03   0.666336E-04
  1101   0.903514E-03   0.662864E-04
  1102   0.898020E-03   0.659409E-04
  1103   0.892559E-03   0.655972E-04
  1104   0.887132E-03   0.652552E-04
  1105   0.881737E-03   0.649149E-04
  1106   0.876376E-03   0.645764E-04
  1107   0.871047E-03   0.642395E-04
  1108   0.865750E-03   0.639044E-04
  1109   0.860486E-03   0.635710E-04
  1110   0.855253E-03   0.632392E-04
  1111   0.850053E-03   0.629092E-04
  1112   0.844884E-03   0.625808E-04
  1113   0.839746E-03   0.622540E-04
  1114   0.834640E-03   0.619290E-04
  1115   0.829565E-03   0.616055E-04
  1116   0.824520E-03   0.612838E-04
  1117   0.819507E-03   0.609636E-04
  1118   0.814524E-03   0.606451E-04
  1119   0.809571E-03   0.603282E-04
  1120   0.804648E-03   0.600129E-04
  1121   0.799755E-03   0.596992E-04
  1122   0.794892E-03   0.593870E-04
  1123   0.790058E-03   0.590765E-04
  1124   0.785254E-03   0.587676E-04
  1125   0.780479E-03   0.584602E-04
  1126   0.775733E-03   0.581544E-04
  1127   0.771016E-03   0.578501E-04
  1128   0.766328E-03   0.575474E-04
  1129   0.761668E-03   0.572462E-04
  1130   0.757037E-03   0.569466E-04
  1131   0.752433E-03   0.566484E-04
  1132   0.747858E-03   0.563518E-04
  1133   0.743311E-03   0.560567E-04
  1134   0.738791E-03   0.557631E-04
  1135   0.734298E-03   0.554710E-04
  1136   0.729833E-03   0.551804E-04
  1137   0.725395E-03   0.548913E-04
  1138   0.720984E-03   0.546036E-04
  1139   0.716600E-03   0.543174E-04
  1140   0.712243E-03   0.540327E-04
  1141   0.707912E-03   0.537494E-04
  1142   0.703607E-03   0.534676E-04
  1143   0.699329E-03   0.531872E-04
  1144   0.695076E-03   0.529082E-04
  1145   0.690850E-03   0.526306E-04
  1146   0.686649E-03   0.523545E-04
  1147   0.682474E-03   0.520798E-04
  1148   0.678324E-03   0.518065E-04
  1149   0.674199E-03   0.515345E-04
  1150   0.670099E-03   0.512640E-04
  1151   0.666025E-03   0.509948E-04
  1152   0.661975E-03   0.507271E-04
  1153   0.657949E-03   0.504606E-04
  1154   0.653949E-03   0.501956E-04
  1155   0.649972E-03   0.499319E-04
  1156   0.646020E-03   0.496695E-04
  1157   0.642091E-03   0.494085E-04
  1158   0.638187E-03   0.491489E-04
  1159   0.634306E-03   0.488905E-04
  1160   0.630449E-03   0.486335E-04
  1161   0.626616E-03   0.483778E-04
  1162   0.622805E-03   0.481234E-04
  1163   0.619018E-03   0.478703E-04
  1164   0.615254E-03   0.476185E-04
  1165   0.611513E-03   0.473680E-04
  1166   0.607795E-03   0.471187E-04
  1167   0.604099E-03   0.468708E-04
  1168   0.600425E-03   0.466241E-04
  1169   0.596774E-03   0.463787E-04
  1170   0.593146E-03   0.461345E-04
  1171   0.589539E-03   0.458916E-04
  1172   0.585954E-03   0.456500E-04
  1173   0.582391E-03   0.454095E-04
  1174   0.578850E-03   0.451704E-04
  1175   0.575330E-03   0.449324E-04
  1176   0.571831E-03   0.446957E-04
  1177   0.568354E-03   0.444601E-04
  1178   0.564898E-03   0.442258E-04
  1179   0.561463E-03   0.439927E-04
  1180   0.558049E-03   0.437608E-04
  1181   0.554656E-03   0.435301E-04
  1182   0.551283E-03   0.433005E-04
  1183   0.547931E-03   0.430722E-04
  1184   0.544599E-03   0.428450E-04
  1185   0.541287E-03   0.426190E-04
  1186   0.537996E-03   0.423941E-04
  1187   0.534725E-03   0.421704E-04
  1188   0.531473E-03   0.419479E-04
  1189   0.528241E-03   0.417265E-04
  1190   0.525029E-03   0.415062E-04
  1191   0.521837E-03   0.412871E-04
  1192   0.518664E-03   0.410691E-04
  1193   0.515510E-03   0.408522E-04
  1194   0.512375E-03   0.406364E-04
  1195   0.509259E-03   0.404218E-04
  1196   0.506163E-03   0.402082E-04
  1197   0.503085E-03   0.399958E-04
  1198   0.500026E-03   0.397844E-04
  1199   0.496985E-03   0.395742E-04
  1200   0.493963E-03   0.393650E-04
  1201   0.490960E-03   0.391569E-04
  1202   0.487974E-03   0.389499E-04
  1203   0.485007E-03   0.387439E-04
  1204   0.482058E-03   0.385390E-04
  1205   0.479126E-03   0.383352E-04
  1206   0.476213E-03   0.381324E-04
  1207   0.473317E-03   0.379306E-04
  1208   0.470439E-03   0.377299E-04
  1209   0.467579E-03   0.375303E-04
  1210   0.464735E-03   0.373316E-04
  1211   0.461909E-03   0.371340E-04
  1212   0.459101E-03   0.369375E-04
  1213   0.456309E-03   0.367419E-04
  1214   0.453534E-03   0.365473E-04
  1215   0.450776E-03   0.363538E-04
  1216   0.448035E-03   0.361612E-04
  1217   0.445311E-03   0.359697E-04
  1218   0.442603E-03   0.357791E-04
  1219   0.439912E-03   0.355895E-04
  1220   0.437237E-03   0.354009E-04
  1221   0.434578E-03   0.352133E-04
  1222   0.431936E-03   0.350266E-04
  1223   0.429309E-03   0.348410E-04
  1224   0.426699E-03   0.346562E-04
  1225   0.424104E-03   0.344725E-04
  1226   0.421525E-03   0.342896E-04
  1227   0.418962E-03   0.341078E-04
  1228   0.416414E-03   0.339268E-04
  1229   0.413882E-03   0.337468E-04
  1230   0.411365E-03   0.335678E-04
  1231   0.408864E-03   0.333897E-04
  1232   0.406378E-03   0.332125E-04
  1233   0.403907E-03   0.330362E-04
  1234   0.401451E-03   0.328608E-04
  1235   0.399010E-03   0.326863E-04
  1236   0.396583E-03   0.325128E-04
  1237   0.394172E-03   0.323401E-04
  1238   0.391775E-03   0.321683E-04
  1239   0.389393E-03   0.319975E-04
  1240   0.387025E-03   0.318275E-04
  1241   0.384672E-03   0.316584E-04
  1242   0.382332E-03   0.314902E-04
  1243   0.380008E-03   0.313228E-04
  1244   0.377697E-03   0.311563E-04
  1245   0.375400E-03   0.309907E-04
  1246   0.373117E-03   0.308259E-04
  1247   0.370849E-03   0.306620E-04
  1248   0.368594E-03   0.304990E-04
  1249   0.366352E-03   0.303368E-04
  1250   0.364125E-03   0.301754E-04
  1251   0.361910E-03   0.300149E-04
  1252   0.359710E-03   0.298552E-04
  1253   0.357522E-03   0.296964E-04
  1254   0.355348E-03   0.295384E-04
  1255   0.353188E-03   0.293811E-04
  1256   0.351040E-03   0.292248E-04
  1257   0.348905E-03   0.290692E-04
  1258   0.346784E-03   0.289144E-04
  1259   0.344675E-03   0.287605E-04
  1260   0.342579E-03   0.286073E-04
  1261   0.340496E-03   0.284550E-04
  1262   0.338426E-03   0.283034E-04
  1263   0.336368E-03   0.281526E-04
  1264   0.334322E-03   0.280026E-04
  1265   0.332290E-03   0.278534E-04
  1266   0.330269E-03   0.277050E-04
  1267   0.328261E-03   0.275573E-04
  1268   0.326265E-03   0.274105E-04
  1269   0.324281E-03   0.272643E-04
  1270   0.322309E-03   0.271190E-04
  1271   0.320349E-03   0.269744E-04
  1272   0.318401E-03   0.268305E-04
  1273   0.316465E-03   0.266874E-04
  1274   0.314541E-03   0.265451E-04
  1275   0.312628E-03   0.264035E-04
  1276   0.310727E-03   0.262626E-04
  1277   0.308837E-03   0.261225E-04
  1278   0.306959E-03   0.259831E-04
  1279   0.305093E-03   0.258444E-04
  1280   0.303238E-03   0.257065E-04
  1281   0.301394E-03   0.255693E-04
  1282   0.299561E-03   0.254327E-04
  1283   0.297740E-03   0.252969E-04
  1284   0.295929E-03   0.251619E-04
  1285   0.294130E-03   0.250275E-04
  1286   0.292341E-03   0.248938E-04
  1287   0.290564E-03   0.247608E-04
  1288   0.288797E-03   0.246286E-04
  1289   0.287041E-03   0.244970E-04
  1290   0.285295E-03   0.243661E-04
  1291   0.283560E-03   0.242358E-04
  1292   0.281836E-03   0.241063E-04
  1293   0.280122E-03   0.239775E-04
  1294   0.278419E-03   0.238493E-04
  1295   0.276726E-03   0.237218E-04
  1296   0.275043E-03   0.235949E-04
  1297   0.273371E-03   0.234687E-04
  1298   0.271709E-03   0.233432E-04
  1299   0.270056E-03   0.232184E-04
  1300   0.268414E-03   0.230942E-04
  1301   0.266782E-03   0.229706E-04
  1302   0.265160E-03   0.228477E-04
  1303   0.263547E-03   0.227254E-04
  1304   0.261945E-03   0.226038E-04
  1305   0.260352E-03   0.224828E-04
  1306   0.258769E-03   0.223625E-04
  1307   0.257195E-03   0.222427E-04
  1308   0.255631E-03   0.221237E-04
  1309   0.254077E-03   0.220052E-04
  1310   0.252532E-03   0.218873E-04
  1311   0.250997E-03   0.217701E-04
  1312   0.249470E-03   0.216535E-04
  1313   0.247953E-03   0.215375E-04
  1314   0.246446E-03   0.214221E-04
  1315   0.244947E-03   0.213073E-04
  1316   0.243458E-03   0.211931E-04
  1317   0.241977E-03   0.210796E-04
  1318   0.240506E-03   0.209666E-04
  1319   0.239043E-03   0.208542E-04
  1320   0.237590E-03   0.207424E-04
  1321   0.236145E-03   0.206312E-04
  1322   0.234709E-03   0.205205E-04
  1323   0.233282E-03   0.204105E-04
  1324   0.231863E-03   0.203010E-04
  1325   0.230453E-03   0.201921E-04
  1326   0.229052E-03   0.200838E-04
  1327   0.227659E-03   0.199761E-04
  1328   0.226275E-03   0.198689E-04
  1329   0.224899E-03   0.197623E-04
  1330   0.223532E-03   0.196562E-04
  1331   0.222172E-03   0.195507E-04
  1332   0.220821E-03   0.194458E-04
  1333   0.219479E-03   0.193414E-04
  1334   0.218144E-03   0.192375E-04
  1335   0.216817E-03   0.191342E-04
  1336   0.215499E-03   0.190315E-04
  1337   0.214189E-03   0.189293E-04
  1338   0.212886E-03   0.188276E-04
  1339   0.211592E-03   0.187264E-04
  1340   0.210305E-03   0.186258E-04
  1341   0.209026E-03   0.185258E-04
  1342   0.207755E-03   0.184262E-04
  1343   0.206492E-03   0.183272E-04
  1344   0.205236E-03   0.182287E-04
  1345   0.203988E-03   0.181307E-04
  1346   0.202748E-03   0.180333E-04
  1347   0.201515E-03   0.179363E-04
  1348   0.200290E-03   0.178399E-04
  1349   0.199072E-03   0.177439E-04
  1350   0.197861E-03   0.176485E-04
  1351   0.196658E-03   0.175536E-04
  1352   0.195462E-03   0.174592E-04
  1353   0.194274E-03   0.173652E-04
  1354   0.193092E-03   0.172718E-04
  1355   0.191918E-03   0.171789E-04
  1356   0.190751E-03   0.170864E-04
  1357   0.189591E-03   0.169945E-04
  1358   0.188439E-03   0.169030E-04
  1359   0.187293E-03   0.168120E-04
  1360   0.186154E-03   0.167215E-04
  1361   0.185022E-03   0.166315E-04
  1362   0.183897E-03   0.165420E-04
  1363   0.182779E-03   0.164529E-04
  1364   0.181667E-03   0.163643E-04
  1365   0.180563E-03   0.162761E-04
  1366   0.179465E-03   0.161885E-04
  1367   0.178373E-03   0.161013E-04
  1368   0.177289E-03   0.160145E-04
  1369   0.176211E-03   0.159282E-04
  1370   0.175139E-03   0.158424E-04
  1371   0.174074E-03   0.157570E-04
  1372   0.173016E-03   0.156721E-04
  1373   0.171964E-03   0.155876E-04
  1374   0.170918E-03   0.155036E-04
  1375   0.169879E-03   0.154200E-04
  1376   0.168846E-03   0.153369E-04
  1377   0.167819E-03   0.152542E-04
  1378   0.166798E-03   0.151719E-04
  1379   0.165784E-03   0.150901E-04
  1380   0.164776E-03   0.150087E-04
  1381   0.163774E-03   0.149277E-04
  1382   0.162778E-03   0.148472E-04
  1383   0.161788E-03   0.147671E-04
  1384   0.160805E-03   0.146874E-04
  1385   0.159827E-03   0.146081E-04
  1386   0.158855E-03   0.145293E-04
  1387   0.157889E-03   0.144509E-04
  1388   0.156929E-03   0.143729E-04
  1389   0.155975E-03   0.142953E-04
  1390   0.155026E-03   0.142181E-04
  1391   0.154084E-03   0.141413E-04
  1392   0.153147E-03   0.140650E-04
  1393   0.152215E-03   0.139890E-04
  1394   0.151290E-03   0.139135E-04
  1395   0.150370E-03   0.138383E-04
  1396   0.149456E-03   0.137635E-04
  1397   0.148547E-03   0.136892E-04
  1398   0.147643E-03   0.136152E-04
  1399   0.146746E-03   0.135416E-04
  1400   0.145853E-03   0.134685E-04
  1401   0.144966E-03   0.133957E-04
  1402   0.144085E-03   0.133233E-04
  1403   0.143209E-03   0.132512E-04
  1404   0.142338E-03   0.131796E-04
  1405   0.141472E-03   0.131084E-04
  1406   0.140612E-03   0.130375E-04
  1407   0.139757E-03   0.129670E-04
  1408   0.138907E-03   0.128968E-04
  1409   0.138063E-03   0.128271E-04
  1410   0.137223E-03   0.127577E-04
  1411   0.136389E-03   0.126887E-04
  1412   0.135559E-03   0.126200E-04
  1413   0.134735E-03   0.125518E-04
  1414   0.133916E-03   0.124838E-04
  1415   0.133102E-03   0.124163E-04
  1416   0.132292E-03   0.123491E-04
  1417   0.131488E-03   0.122822E-04
  1418   0.130688E-03   0.122158E-04
  1419   0.129894E-03   0.121496E-04
  1420   0.129104E-03   0.120838E-04
  1421   0.128319E-03   0.120184E-04
  1422   0.127538E-03   0.119533E-04
  1423   0.126763E-03   0.118886E-04
  1424   0.125992E-03   0.118242E-04
  1425   0.125226E-03   0.117602E-04
  1426   0.124464E-03   0.116965E-04
  1427   0.123708E-03   0.116331E-04
  1428   0.122955E-03   0.115701E-04
  1429   0.122208E-03   0.115074E-04
  1430   0.121465E-03   0.114450E-04
  1431   0.120726E-03   0.113830E-04
  1432   0.119992E-03   0.113213E-04
  1433   0.119262E-03   0.112599E-04
  1434   0.118537E-03   0.111989E-04
  1435   0.117816E-03   0.111382E-04
  1436   0.117100E-03   0.110778E-04
  1437   0.116388E-03   0.110177E-04
  1438   0.115680E-03   0.109580E-04
  1439   0.114977E-03   0.108985E-04
  1440   0.114278E-03   0.108394E-04
  1441   0.113583E-03   0.107806E-04
  1442   0.112892E-03   0.107221E-04
  1443   0.112205E-03   0.106640E-04
  1444   0.111523E-03   0.106061E-04
  1445   0.110845E-03   0.105486E-04
  1446   0.110171E-03   0.104913E-04
  1447   0.109501E-03   0.104344E-04
  1448   0.108835E-03   0.103777E-04
  1449   0.108173E-03   0.103214E-04
  1450   0.107516E-03   0.102654E-04
  1451   0.106862E-03   0.102096E-04
  1452   0.106212E-03   0.101542E-04
  1453   0.105566E-03   0.100991E-04
  1454   0.104924E-03   0.100442E-04
  1455   0.104286E-03   0.998967E-05
  1456   0.103652E-03   0.993541E-05
  1457   0.103022E-03   0.988145E-05
  1458   0.102395E-03   0.982777E-05
  1459   0.101773E-03   0.977437E-05
  1460   0.101154E-03   0.972126E-05
  1461   0.100539E-03   0.966844E-05
  1462   0.999275E-04   0.961590E-05
  1463   0.993199E-04   0.956364E-05
  1464   0.987160E-04   0.951166E-05
  1465   0.981157E-04   0.945996E-05
  1466   0.975191E-04   0.940853E-05
  1467   0.969261E-04   0.935738E-05
  1468   0.963367E-04   0.930651E-05
  1469   0.957509E-04   0.925590E-05
  1470   0.951687E-04   0.920557E-05
  1471   0.945900E-04   0.915550E-05
  1472   0.940148E-04   0.910571E-05
  1473   0.934431E-04   0.905618E-05
  1474   0.928749E-04   0.900692E-05
  1475   0.923102E-04   0.895792E-05
  1476   0.917489E-04   0.890918E-05
  1477   0.911910E-04   0.886070E-05
  1478   0.906364E-04   0.881249E-05
  1479   0.900853E-04   0.876453E-05
  1480   0.895375E-04   0.871683E-05
  1481   0.889931E-04   0.866938E-05
  1482   0.884519E-04   0.862219E-05
  1483   0.879141E-04   0.857525E-05
  1484   0.873795E-04   0.852856E-05
  1485   0.868482E-04   0.848213E-05
  1486   0.863201E-04   0.843594E-05
  1487   0.857952E-04   0.839000E-05
  1488   0.852735E-04   0.834431E-05
  1489   0.847550E-04   0.829886E-05
  1490   0.842396E-04   0.825365E-05
  1491   0.837273E-04   0.820869E-05
  1492   0.832182E-04   0.816397E-05
  1493   0.827122E-04   0.811949E-05
  1494   0.822092E-04   0.807525E-05
  1495   0.817093E-04   0.803125E-05
  1496   0.812125E-04   0.798748E-05
  1497   0.807187E-04   0.794394E-05
  1498   0.802278E-04   0.790065E-05
  1499   0.797400E-04   0.785758E-05
  1500   0.792551E-04   0.781474E-05
  1501   0.787732E-04   0.777214E-05
  1502   0.782942E-04   0.772976E-05
  1503   0.778181E-04   0.768761E-05
  1504   0.773449E-04   0.764569E-05
  1505   0.768746E-04   0.760399E-05
  1506   0.764071E-04   0.756252E-05
  1507   0.759425E-04   0.752127E-05
  1508   0.754807E-04   0.748024E-05
  1509   0.750218E-04   0.743943E-05
  1510   0.745656E-04   0.739884E-05
  1511   0.741122E-04   0.735847E-05
  1512   0.736615E-04   0.731832E-05
  1513   0.732136E-04   0.727838E-05
  1514   0.727684E-04   0.723866E-05
  1515   0.723259E-04   0.719915E-05
  1516   0.718861E-04   0.715985E-05
  1517   0.714490E-04   0.712077E-05
  1518   0.710145E-04   0.708189E-05
  1519   0.705827E-04   0.704323E-05
  1520   0.701535E-04   0.700477E-05
  1521   0.697269E-04   0.696652E-05
  1522   0.693029E-04   0.692847E-05
  1523   0.688815E-04   0.689063E-05
  1524   0.684627E-04   0.685300E-05
  1525   0.680464E-04   0.681556E-05
  1526   0.676326E-04   0.677833E-05
  1527   0.672213E-04   0.674130E-05
  1528   0.668126E-04   0.670447E-05
  1529   0.664063E-04   0.666784E-05
  1530   0.660025E-04   0.663140E-05
  1531   0.656012E-04   0.659516E-05
  1532   0.652023E-04   0.655911E-05
  1533   0.648058E-04   0.652326E-05
  1534   0.644117E-04   0.648761E-05
  1535   0.640201E-04   0.645214E-05
  1536   0.636308E-04   0.641687E-05
  1537   0.632439E-04   0.638178E-05
  1538   0.628593E-04   0.634689E-05
  1539   0.624771E-04   0.631218E-05
  1540   0.620971E-04   0.627766E-05
  1541   0.617196E-04   0.624333E-05
  1542   0.613442E-04   0.620918E-05
  1543   0.609712E-04   0.617522E-05
  1544   0.606005E-04   0.614144E-05
  1545   0.602320E-04   0.610784E-05
  1546   0.598657E-04   0.607442E-05
  1547   0.595017E-04   0.604118E-05
  1548   0.591399E-04   0.600812E-05
  1549   0.587803E-04   0.597525E-05
  1550   0.584228E-04   0.594254E-05
  1551   0.580676E-04   0.591002E-05
  1552   0.577145E-04   0.587767E-05
  1553   0.573636E-04   0.584549E-05
  1554   0.570147E-04   0.581349E-05
  1555   0.566681E-04   0.578166E-05
  1556   0.563235E-04   0.575001E-05
  1557   0.559810E-04   0.571852E-05
  1558   0.556406E-04   0.568721E-05
  1559   0.553022E-04   0.565606E-05
  1560   0.549660E-04   0.562508E-05
  1561   0.546317E-04   0.559427E-05
  1562   0.542995E-04   0.556363E-05
  1563   0.539693E-04   0.553315E-05
  1564   0.536412E-04   0.550283E-05
  1565   0.533150E-04   0.547268E-05
  1566   0.529908E-04   0.544270E-05
  1567   0.526686E-04   0.541287E-05
  1568   0.523483E-04   0.538321E-05
  1569   0.520300E-04   0.535370E-05
  1570   0.517136E-04   0.532436E-05
  1571   0.513992E-04   0.529517E-05
  1572   0.510866E-04   0.526615E-05
  1573   0.507760E-04   0.523728E-05
  1574   0.504672E-04   0.520856E-05
  1575   0.501603E-04   0.518000E-05
  1576   0.498553E-04   0.515160E-05
  1577   0.495522E-04   0.512335E-05
  1578   0.492509E-04   0.509525E-05
  1579   0.489514E-04   0.506730E-05
  1580   0.486537E-04   0.503951E-05
  1581   0.483579E-04   0.501187E-05
  1582   0.480638E-04   0.498437E-05
  1583   0.477715E-04   0.495703E-05
  1584   0.474811E-04   0.492983E-05
  1585   0.471923E-04   0.490278E-05
  1586   0.469054E-04   0.487588E-05
  1587   0.466202E-04   0.484912E-05
  1588   0.463367E-04   0.482250E-05
  1589   0.460549E-04   0.479604E-05
  1590   0.457749E-04   0.476971E-05
  1591   0.454965E-04   0.474353E-05
  1592   0.452199E-04   0.471749E-05
  1593   0.449449E-04   0.469159E-05
  1594   0.446716E-04   0.466583E-05
  1595   0.444000E-04   0.464021E-05
  1596   0.441300E-04   0.461473E-05
  1597   0.438616E-04   0.458938E-05
  1598   0.435949E-04   0.456418E-05
  1599   0.433298E-04   0.453911E-05
  1600   0.430664E-04   0.451417E-05
  1601   0.428045E-04   0.448938E-05
  1602   0.425442E-04   0.446471E-05
  1603   0.422855E-04   0.444018E-05
  1604   0.420284E-04   0.441579E-05
  1605   0.417728E-04   0.439152E-05
  1606   0.415188E-04   0.436739E-05
  1607   0.412663E-04   0.434339E-05
  1608   0.410154E-04   0.431952E-05
  1609   0.407660E-04   0.429578E-05
  1610   0.405181E-04   0.427216E-05
  1611   0.402717E-04   0.424868E-05
  1612   0.400269E-04   0.422532E-05
  1613   0.397835E-04   0.420209E-05
  1614   0.395416E-04   0.417899E-05
  1615   0.393011E-04   0.415601E-05
  1616   0.390621E-04   0.413315E-05
  1617   0.388246E-04   0.411042E-05
  1618   0.385885E-04   0.408782E-05
  1619   0.383539E-04   0.406533E-05
  1620   0.381207E-04   0.404297E-05
  1621   0.378889E-04   0.402073E-05
  1622   0.376585E-04   0.399861E-05
  1623   0.374295E-04   0.397661E-05
  1624   0.372019E-04   0.395473E-05
  1625   0.369757E-04   0.393297E-05
  1626   0.367508E-04   0.391133E-05
  1627   0.365273E-04   0.388980E-05
  1628   0.363052E-04   0.386840E-05
  1629   0.360845E-04   0.384710E-05
  1630   0.358651E-04   0.382593E-05
  1631   0.356470E-04   0.380487E-05
  1632   0.354302E-04   0.378392E-05
  1633   0.352148E-04   0.376309E-05
  1634   0.350006E-04   0.374237E-05
  1635   0.347878E-04   0.372176E-05
  1636   0.345763E-04   0.370127E-05
  1637   0.343660E-04   0.368089E-05
  1638   0.341570E-04   0.366061E-05
  1639   0.339493E-04   0.364045E-05
  1640   0.337429E-04   0.362040E-05
  1641   0.335377E-04   0.360046E-05
  1642   0.333338E-04   0.358062E-05
  1643   0.331311E-04   0.356090E-05
  1644   0.329296E-04   0.354128E-05
  1645   0.327294E-04   0.352177E-05
  1646   0.325304E-04   0.350236E-05
  1647   0.323326E-04   0.348306E-05
  1648   0.321360E-04   0.346387E-05
  1649   0.319406E-04   0.344477E-05
  1650   0.317463E-04   0.342579E-05
  1651   0.315533E-04   0.340690E-05
  1652   0.313614E-04   0.338812E-05
  1653   0.311707E-04   0.336945E-05
  1654   0.309812E-04   0.335087E-05
  1655   0.307928E-04   0.333239E-05
  1656   0.306056E-04   0.331402E-05
  1657   0.304195E-04   0.329575E-05
  1658   0.302345E-04   0.327757E-05
  1659   0.300506E-04   0.325949E-05
  1660   0.298679E-04   0.324152E-05
  1661   0.296863E-04   0.322364E-05
  1662   0.295058E-04   0.320586E-05
  1663   0.293264E-04   0.318817E-05
  1664   0.291480E-04   0.317058E-05
  1665   0.289708E-04   0.315309E-05
  1666   0.287946E-04   0.313569E-05
  1667   0.286195E-04   0.311839E-05
  1668   0.284455E-04   0.310118E-05
  1669   0.282725E-04   0.308407E-05
  1670   0.281006E-04   0.306705E-05
  1671   0.279297E-04   0.305012E-05
  1672   0.277599E-04   0.303328E-05
  1673   0.275911E-04   0.301654E-05
  1674   0.274233E-04   0.299989E-05
  1675   0.272566E-04   0.298333E-05
  1676   0.270908E-04   0.296685E-05
  1677   0.269261E-04   0.295047E-05
  1678   0.267624E-04   0.293418E-05
  1679   0.265996E-04   0.291798E-05
  1680   0.264379E-04   0.290186E-05
  1681   0.262771E-04   0.288584E-05
  1682   0.261174E-04   0.286990E-05
  1683   0.259585E-04   0.285405E-05
  1684   0.258007E-04   0.283828E-05
  1685   0.256438E-04   0.282260E-05
  1686   0.254879E-04   0.280701E-05
  1687   0.253329E-04   0.279150E-05
  1688   0.251788E-04   0.277607E-05
  1689   0.250257E-04   0.276073E-05
  1690   0.248736E-04   0.274548E-05
  1691   0.247223E-04   0.273031E-05
  1692   0.245720E-04   0.271522E-05
  1693   0.244226E-04   0.270021E-05
  1694   0.242741E-04   0.268528E-05
  1695   0.241265E-04   0.267044E-05
  1696   0.239797E-04   0.265568E-05
  1697   0.238339E-04   0.264100E-05
  1698   0.236890E-04   0.262640E-05
  1699   0.235450E-04   0.261187E-05
  1700   0.234018E-04   0.259743E-05
  1701   0.232595E-04   0.258307E-05
  1702   0.231181E-04   0.256878E-05
  1703   0.229775E-04   0.255458E-05
  1704   0.228378E-04   0.254045E-05
  1705   0.226989E-04   0.252640E-05
  1706   0.225609E-04   0.251242E-05
  1707   0.224237E-04   0.249852E-05
  1708   0.222873E-04   0.248470E-05
  1709   0.221518E-04   0.247095E-05
  1710   0.220171E-04   0.245728E-05
  1711   0.218832E-04   0.244369E-05
  1712   0.217502E-04   0.243016E-05
  1713   0.216179E-04   0.241671E-05
  1714   0.214864E-04   0.240334E-05
  1715   0.213558E-04   0.239004E-05
  1716   0.212259E-04   0.237681E-05
  1717   0.210969E-04   0.236365E-05
  1718   0.209686E-04   0.235057E-05
  1719   0.208411E-04   0.233756E-05
  1720   0.207143E-04   0.232462E-05
  1721   0.205884E-04   0.231174E-05
  1722   0.204632E-04   0.229894E-05
  1723   0.203388E-04   0.228622E-05
  1724   0.202151E-04   0.227355E-05
  1725   0.200922E-04   0.226096E-05
  1726   0.199700E-04   0.224844E-05
  1727   0.198486E-04   0.223599E-05
  1728   0.197279E-04   0.222360E-05
  1729   0.196079E-04   0.221129E-05
  1730   0.194887E-04   0.219904E-05
  1731   0.193702E-04   0.218685E-05
  1732   0.192524E-04   0.217474E-05
  1733   0.191353E-04   0.216269E-05
  1734   0.190190E-04   0.215071E-05
  1735   0.189033E-04   0.213879E-05
  1736   0.187884E-04   0.212694E-05
  1737   0.186741E-04   0.211515E-05
  1738   0.185606E-04   0.210343E-05
  1739   0.184477E-04   0.209177E-05
  1740   0.183355E-04   0.208017E-05
  1741   0.182240E-04   0.206864E-05
  1742   0.181132E-04   0.205717E-05
  1743   0.180031E-04   0.204577E-05
  1744   0.178936E-04   0.203443E-05
  1745   0.177848E-04   0.202315E-05
  1746   0.176767E-04   0.201193E-05
  1747   0.175692E-04   0.200077E-05
  1748   0.174623E-04   0.198968E-05
  1749   0.173562E-04   0.197864E-05
  1750   0.172506E-04   0.196767E-05
  1751   0.171457E-04   0.195676E-05
  1752   0.170415E-04   0.194590E-05
  1753   0.169378E-04   0.193511E-05
  1754   0.168348E-04   0.192437E-05
  1755   0.167325E-04   0.191370E-05
  1756   0.166307E-04   0.190308E-05
  1757   0.165296E-04   0.189252E-05
  1758   0.164291E-04   0.188202E-05
  1759   0.163292E-04   0.187158E-05
  1760   0.162299E-04   0.186119E-05
  1761   0.161312E-04   0.185086E-05
  1762   0.160331E-04   0.184059E-05
  1763   0.159356E-04   0.183037E-05
  1764   0.158387E-04   0.182021E-05
  1765   0.157424E-04   0.181011E-05
  1766   0.156467E-04   0.180006E-05
  1767   0.155515E-04   0.179007E-05
  1768   0.154570E-04   0.178013E-05
  1769   0.153630E-04   0.177024E-05
  1770   0.152696E-04   0.176042E-05
  1771   0.151767E-04   0.175064E-05
  1772   0.150844E-04   0.174092E-05
  1773   0.149927E-04   0.173125E-05
  1774   0.149015E-04   0.172163E-05
  1775   0.148109E-04   0.171207E-05
  1776   0.147209E-04   0.170256E-05
  1777   0.146314E-04   0.169311E-05
  1778   0.145424E-04   0.168370E-05
  1779   0.144540E-04   0.167435E-05
  1780   0.143661E-04   0.166504E-05
  1781   0.142787E-04   0.165579E-05
  1782   0.141919E-04   0.164659E-05
  1783   0.141056E-04   0.163744E-05
  1784   0.140198E-04   0.162834E-05
  1785   0.139346E-04   0.161929E-05
  1786   0.138498E-04   0.161030E-05
  1787   0.137656E-04   0.160135E-05
  1788   0.136819E-04   0.159244E-05
  1789   0.135987E-04   0.158359E-05
  1790   0.135160E-04   0.157479E-05
  1791   0.134338E-04   0.156604E-05
  1792   0.133521E-04   0.155733E-05
  1793   0.132710E-04   0.154867E-05
  1794   0.131903E-04   0.154006E-05
  1795   0.131101E-04   0.153150E-05
  1796   0.130303E-04   0.152298E-05
  1797   0.129511E-04   0.151451E-05
  1798   0.128723E-04   0.150609E-05
  1799   0.127941E-04   0.149771E-05
  1800   0.127163E-04   0.148938E-05
  1801   0.126390E-04   0.148110E-05
  1802   0.125621E-04   0.147286E-05
  1803   0.124857E-04   0.146467E-05
  1804   0.124098E-04   0.145652E-05
  1805   0.123343E-04   0.144841E-05
  1806   0.122593E-04   0.144036E-05
  1807   0.121848E-04   0.143234E-05
  1808   0.121107E-04   0.142437E-05
  1809   0.120370E-04   0.141644E-05
  1810   0.119639E-04   0.140856E-05
  1811   0.118911E-04   0.140072E-05
  1812   0.118188E-04   0.139293E-05
  1813   0.117469E-04   0.138517E-05
  1814   0.116755E-04   0.137746E-05
  1815   0.116045E-04   0.136980E-05
  1816   0.115339E-04   0.136217E-05
  1817   0.114638E-04   0.135459E-05
  1818   0.113941E-04   0.134705E-05
  1819   0.113248E-04   0.133955E-05
  1820   0.112560E-04   0.133209E-05
  1821   0.111875E-04   0.132467E-05
  1822   0.111195E-04   0.131729E-05
  1823   0.110519E-04   0.130996E-05
  1824   0.109847E-04   0.130266E-05
  1825   0.109179E-04   0.129541E-05
  1826   0.108515E-04   0.128819E-05
  1827   0.107855E-04   0.128102E-05
  1828   0.107199E-04   0.127388E-05
  1829   0.106547E-04   0.126678E-05
  1830   0.105899E-04   0.125973E-05
  1831   0.105255E-04   0.125271E-05
  1832   0.104615E-04   0.124573E-05
  1833   0.103979E-04   0.123879E-05
  1834   0.103347E-04   0.123189E-05
  1835   0.102719E-04   0.122502E-05
  1836   0.102094E-04   0.121819E-05
  1837   0.101473E-04   0.121141E-05
  1838   0.100856E-04   0.120465E-05
  1839   0.100243E-04   0.119794E-05
  1840   0.996333E-05   0.119126E-05
  1841   0.990274E-05   0.118462E-05
  1842   0.984253E-05   0.117802E-05
  1843   0.978268E-05   0.117145E-05
  1844   0.972319E-05   0.116492E-05
  1845   0.966407E-05   0.115842E-05
  1846   0.960530E-05   0.115197E-05
  1847   0.954689E-05   0.114554E-05
  1848   0.948884E-05   0.113915E-05
  1849   0.943114E-05   0.113280E-05
  1850   0.937379E-05   0.112648E-05
  1851   0.931680E-05   0.112020E-05
  1852   0.926014E-05   0.111395E-05
  1853   0.920383E-05   0.110774E-05
  1854   0.914787E-05   0.110156E-05
  1855   0.909224E-05   0.109542E-05
  1856   0.903695E-05   0.108931E-05
  1857   0.898200E-05   0.108323E-05
  1858   0.892739E-05   0.107719E-05
  1859   0.887310E-05   0.107118E-05
  1860   0.881915E-05   0.106520E-05
  1861   0.876552E-05   0.105925E-05
  1862   0.871222E-05   0.105334E-05
  1863   0.865924E-05   0.104746E-05
  1864   0.860659E-05   0.104162E-05
  1865   0.855425E-05   0.103581E-05
  1866   0.850224E-05   0.103002E-05
  1867   0.845054E-05   0.102428E-05
  1868   0.839915E-05   0.101856E-05
  1869   0.834808E-05   0.101287E-05
  1870   0.829732E-05   0.100722E-05
  1871   0.824686E-05   0.100159E-05
  1872   0.819672E-05   0.996002E-06
  1873   0.814687E-05   0.990441E-06
  1874   0.809733E-05   0.984910E-06
  1875   0.804810E-05   0.979411E-06
  1876   0.799916E-05   0.973941E-06
  1877   0.795052E-05   0.968502E-06
  1878   0.790217E-05   0.963093E-06
  1879   0.785412E-05   0.957714E-06
  1880   0.780636E-05   0.952365E-06
  1881   0.775889E-05   0.947045E-06
  1882   0.771171E-05   0.941755E-06
  1883   0.766482E-05   0.936494E-06
  1884   0.761821E-05   0.931262E-06
  1885   0.757189E-05   0.926060E-06
  1886   0.752585E-05   0.920886E-06
  1887   0.748008E-05   0.915740E-06
  1888   0.743460E-05   0.910623E-06
  1889   0.738939E-05   0.905535E-06
  1890   0.734446E-05   0.900475E-06
  1891   0.729980E-05   0.895442E-06
  1892   0.725541E-05   0.890438E-06
  1893   0.721129E-05   0.885461E-06
  1894   0.716744E-05   0.880512E-06
  1895   0.712386E-05   0.875590E-06
  1896   0.708054E-05   0.870696E-06
  1897   0.703749E-05   0.865828E-06
  1898   0.699469E-05   0.860988E-06
  1899   0.695216E-05   0.856174E-06
  1900   0.690989E-05   0.851388E-06
  1901   0.686787E-05   0.846627E-06
  1902   0.682611E-05   0.841893E-06
  1903   0.678460E-05   0.837186E-06
  1904   0.674334E-05   0.832504E-06
  1905   0.670234E-05   0.827848E-06
  1906   0.666158E-05   0.823218E-06
  1907   0.662108E-05   0.818614E-06
  1908   0.658082E-05   0.814036E-06
  1909   0.654080E-05   0.809482E-06
  1910   0.650103E-05   0.804954E-06
  1911   0.646150E-05   0.800451E-06
  1912   0.642221E-05   0.795973E-06
  1913   0.638315E-05   0.791520E-06
  1914   0.634434E-05   0.787092E-06
  1915   0.630576E-05   0.782688E-06
  1916   0.626742E-05   0.778309E-06
  1917   0.622931E-05   0.773953E-06
  1918   0.619143E-05   0.769622E-06
  1919   0.615378E-05   0.765316E-06
  1920   0.611636E-05   0.761032E-06
  1921   0.607917E-05   0.756773E-06
  1922   0.604220E-05   0.752538E-06
  1923   0.600546E-05   0.748325E-06
  1924   0.596894E-05   0.744137E-06
  1925   0.593265E-05   0.739971E-06
  1926   0.589657E-05   0.735829E-06
  1927   0.586072E-05   0.731709E-06
  1928   0.582508E-05   0.727613E-06
  1929   0.578966E-05   0.723539E-06
  1930   0.575445E-05   0.719488E-06
  1931   0.571946E-05   0.715459E-06
  1932   0.568468E-05   0.711453E-06
  1933   0.565012E-05   0.707469E-06
  1934   0.561576E-05   0.703507E-06
  1935   0.558161E-05   0.699567E-06
  1936   0.554767E-05   0.695649E-06
  1937   0.551394E-05   0.691752E-06
  1938   0.548041E-05   0.687878E-06
  1939   0.544708E-05   0.684025E-06
  1940   0.541396E-05   0.680193E-06
  1941   0.538104E-05   0.676382E-06
  1942   0.534832E-05   0.672593E-06
  1943   0.531580E-05   0.668825E-06
  1944   0.528348E-05   0.665077E-06
  1945   0.525135E-05   0.661351E-06
  1946   0.521942E-05   0.657645E-06
  1947   0.518768E-05   0.653960E-06
  1948   0.515613E-05   0.650295E-06
  1949   0.512478E-05   0.646651E-06
  1950   0.509362E-05   0.643027E-06
  1951   0.506264E-05   0.639423E-06
  1952   0.503186E-05   0.635839E-06
  1953   0.500126E-05   0.632275E-06
  1954   0.497085E-05   0.628731E-06
  1955   0.494062E-05   0.625206E-06
  1956   0.491058E-05   0.621701E-06
  1957   0.488072E-05   0.618216E-06
  1958   0.485104E-05   0.614750E-06
  1959   0.482155E-05   0.611303E-06
  1960   0.479223E-05   0.607876E-06
  1961   0.476309E-05   0.604467E-06
  1962   0.473412E-05   0.601078E-06
  1963   0.470534E-05   0.597707E-06
  1964   0.467673E-05   0.594355E-06
  1965   0.464829E-05   0.591022E-06
  1966   0.462002E-05   0.587707E-06
  1967   0.459193E-05   0.584410E-06
  1968   0.456401E-05   0.581132E-06
  1969   0.453625E-05   0.577873E-06
  1970   0.450867E-05   0.574631E-06
  1971   0.448125E-05   0.571407E-06
  1972   0.445401E-05   0.568202E-06
  1973   0.442692E-05   0.565014E-06
  1974   0.440000E-05   0.561844E-06
  1975   0.437325E-05   0.558692E-06
  1976   0.434666E-05   0.555557E-06
  1977   0.432022E-05   0.552439E-06
  1978   0.429395E-05   0.549339E-06
  1979   0.426784E-05   0.546256E-06
  1980   0.424189E-05   0.543191E-06
  1981   0.421610E-05   0.540142E-06
  1982   0.419046E-05   0.537110E-06
  1983   0.416498E-05   0.534096E-06
  1984   0.413965E-05   0.531098E-06
  1985   0.411448E-05   0.528117E-06
  1986   0.408946E-05   0.525152E-06
  1987   0.406460E-05   0.522204E-06
  1988   0.403988E-05   0.519272E-06
  1989   0.401531E-05   0.516357E-06
  1990   0.399090E-05   0.513457E-06
  1991   0.396663E-05   0.510574E-06
  1992   0.394251E-05   0.507707E-06
  1993   0.391854E-05   0.504856E-06
  1994   0.389471E-05   0.502021E-06
  1995   0.387103E-05   0.499202E-06
  1996   0.384749E-05   0.496399E-06
  1997   0.382409E-05   0.493611E-06
  1998   0.380084E-05   0.490838E-06
  1999   0.377773E-05   0.488081E-06
  2000   0.375476E-05   0.485339E-06
  2001   0.373192E-05   0.482613E-06
  2002   0.370923E-05   0.479902E-06
  2003   0.368668E-05   0.477206E-06
  2004   0.366426E-05   0.474525E-06
  2005   0.364198E-05   0.471859E-06
  2006   0.361983E-05   0.469208E-06
  2007   0.359782E-05   0.466571E-06
  2008   0.357594E-05   0.463950E-06
  2009   0.355420E-05   0.461342E-06
  2010   0.353259E-05   0.458750E-06
  2011   0.351111E-05   0.456172E-06
  2012   0.348976E-05   0.453608E-06
  2013   0.346854E-05   0.451059E-06
  2014   0.344744E-05   0.448523E-06
  2015   0.342648E-05   0.446002E-06
  2016   0.340565E-05   0.443495E-06
  2017   0.338494E-05   0.441002E-06
  2018   0.336435E-05   0.438523E-06
  2019   0.334390E-05   0.436058E-06
  2020   0.332356E-05   0.433606E-06
  2021   0.330335E-05   0.431168E-06
  2022   0.328327E-05   0.428744E-06
  2023   0.326330E-05   0.426333E-06
  2024   0.324346E-05   0.423936E-06
  2025   0.322374E-05   0.421552E-06
  2026   0.320413E-05   0.419182E-06
  2027   0.318465E-05   0.416824E-06
  2028   0.316529E-05   0.414480E-06
  2029   0.314604E-05   0.412149E-06
  2030   0.312691E-05   0.409831E-06
  2031   0.310789E-05   0.407526E-06
  2032   0.308900E-05   0.405233E-06
  2033   0.307021E-05   0.402954E-06
  2034   0.305154E-05   0.400687E-06
  2035   0.303299E-05   0.398433E-06
  2036   0.301454E-05   0.396191E-06
  2037   0.299621E-05   0.393962E-06
  2038   0.297799E-05   0.391746E-06
  2039   0.295989E-05   0.389541E-06
  2040   0.294189E-05   0.387350E-06
  2041   0.292400E-05   0.385170E-06
  2042   0.290622E-05   0.383002E-06
  2043   0.288855E-05   0.380847E-06
  2044   0.287098E-05   0.378704E-06
  2045   0.285353E-05   0.376572E-06
  2046   0.283617E-05   0.374453E-06
  2047   0.281893E-05   0.372345E-06
  2048   0.280179E-05   0.370249E-06
  2049   0.278475E-05   0.368165E-06
  2050   0.276782E-05   0.366093E-06
  2051   0.275099E-05   0.364032E-06
  2052   0.273426E-05   0.361982E-06
  2053   0.271763E-05   0.359944E-06
  2054   0.270111E-05   0.357918E-06
  2055   0.268468E-05   0.355903E-06
  2056   0.266836E-05   0.353899E-06
  2057   0.265213E-05   0.351906E-06
  2058   0.263600E-05   0.349924E-06
  2059   0.261998E-05   0.347954E-06
  2060   0.260404E-05   0.345994E-06
  2061   0.258821E-05   0.344046E-06
  2062   0.257247E-05   0.342108E-06
  2063   0.255683E-05   0.340181E-06
  2064   0.254128E-05   0.338265E-06
  2065   0.252583E-05   0.336360E-06
  2066   0.251047E-05   0.334465E-06
  2067   0.249520E-05   0.332581E-06
  2068   0.248003E-05   0.330707E-06
  2069   0.246495E-05   0.328844E-06
  2070   0.244996E-05   0.326991E-06
  2071   0.243506E-05   0.325149E-06
  2072   0.242026E-05   0.323317E-06
  2073   0.240554E-05   0.321495E-06
  2074   0.239091E-05   0.319684E-06
  2075   0.237637E-05   0.317882E-06
  2076   0.236192E-05   0.316091E-06
  2077   0.234756E-05   0.314310E-06
  2078   0.233329E-05   0.312538E-06
  2079   0.231910E-05   0.310777E-06
  2080   0.230500E-05   0.309025E-06
  2081   0.229098E-05   0.307283E-06
  2082   0.227705E-05   0.305551E-06
  2083   0.226320E-05   0.303829E-06
  2084   0.224944E-05   0.302116E-06
  2085   0.223576E-05   0.300413E-06
  2086   0.222217E-05   0.298719E-06
  2087   0.220866E-05   0.297035E-06
  2088   0.219523E-05   0.295361E-06
  2089   0.218188E-05   0.293695E-06
  2090   0.216861E-05   0.292039E-06
  2091   0.215542E-05   0.290392E-06
  2092   0.214232E-05   0.288755E-06
  2093   0.212929E-05   0.287127E-06
  2094   0.211634E-05   0.285507E-06
  2095   0.210347E-05   0.283897E-06
  2096   0.209068E-05   0.282296E-06
  2097   0.207797E-05   0.280704E-06
  2098   0.206533E-05   0.279121E-06
  2099   0.205278E-05   0.277546E-06
  2100   0.204029E-05   0.275981E-06
  2101   0.202789E-05   0.274424E-06
  2102   0.201556E-05   0.272876E-06
  2103   0.200330E-05   0.271336E-06
  2104   0.199112E-05   0.269805E-06
  2105   0.197901E-05   0.268283E-06
  2106   0.196698E-05   0.266770E-06
  2107   0.195502E-05   0.265264E-06
  2108   0.194313E-05   0.263768E-06
  2109   0.193131E-05   0.262279E-06
  2110   0.191957E-05   0.260799E-06
  2111   0.190790E-05   0.259327E-06
  2112   0.189630E-05   0.257864E-06
  2113   0.188476E-05   0.256409E-06
  2114   0.187330E-05   0.254961E-06
  2115   0.186191E-05   0.253522E-06
  2116   0.185059E-05   0.252091E-06
  2117   0.183934E-05   0.250668E-06
  2118   0.182815E-05   0.249253E-06
  2119   0.181704E-05   0.247846E-06
  2120   0.180599E-05   0.246447E-06
  2121   0.179501E-05   0.245056E-06
  2122   0.178409E-05   0.243672E-06
  2123   0.177324E-05   0.242297E-06
  2124   0.176246E-05   0.240929E-06
  2125   0.175174E-05   0.239568E-06
  2126   0.174109E-05   0.238216E-06
  2127   0.173050E-05   0.236870E-06
  2128   0.171998E-05   0.235533E-06
  2129   0.170952E-05   0.234203E-06
  2130   0.169913E-05   0.232880E-06
  2131   0.168880E-05   0.231565E-06
  2132   0.167853E-05   0.230257E-06
  2133   0.166832E-05   0.228956E-06
  2134   0.165818E-05   0.227663E-06
  2135   0.164809E-05   0.226377E-06
  2136   0.163807E-05   0.225099E-06
  2137   0.162811E-05   0.223827E-06
  2138   0.161821E-05   0.222563E-06
  2139   0.160837E-05   0.221305E-06
  2140   0.159859E-05   0.220055E-06
  2141   0.158887E-05   0.218812E-06
  2142   0.157921E-05   0.217575E-06
  2143   0.156961E-05   0.216346E-06
  2144   0.156006E-05   0.215123E-06
  2145   0.155057E-05   0.213908E-06
  2146   0.154115E-05   0.212699E-06
  2147   0.153177E-05   0.211497E-06
  2148   0.152246E-05   0.210302E-06
  2149   0.151320E-05   0.209113E-06
  2150   0.150400E-05   0.207931E-06
  2151   0.149486E-05   0.206756E-06
  2152   0.148577E-05   0.205588E-06
  2153   0.147673E-05   0.204426E-06
  2154   0.146775E-05   0.203270E-06
  2155   0.145883E-05   0.202121E-06
  2156   0.144996E-05   0.200978E-06
  2157   0.144114E-05   0.199842E-06
  2158   0.143238E-05   0.198712E-06
  2159   0.142367E-05   0.197589E-06
  2160   0.141501E-05   0.196472E-06
  2161   0.140640E-05   0.195361E-06
  2162   0.139785E-05   0.194256E-06
  2163   0.138935E-05   0.193158E-06
  2164   0.138090E-05   0.192066E-06
  2165   0.137251E-05   0.190979E-06
  2166   0.136416E-05   0.189899E-06
  2167   0.135587E-05   0.188825E-06
  2168   0.134762E-05   0.187757E-06
  2169   0.133943E-05   0.186696E-06
  2170   0.133128E-05   0.185640E-06
  2171   0.132319E-05   0.184590E-06
  2172   0.131514E-05   0.183545E-06
  2173   0.130714E-05   0.182507E-06
  2174   0.129920E-05   0.181475E-06
  2175   0.129130E-05   0.180448E-06
  2176   0.128344E-05   0.179427E-06
  2177   0.127564E-05   0.178412E-06
  2178   0.126788E-05   0.177403E-06
  2179   0.126017E-05   0.176399E-06
  2180   0.125251E-05   0.175401E-06
  2181   0.124489E-05   0.174408E-06
  2182   0.123732E-05   0.173422E-06
  2183   0.122980E-05   0.172440E-06
  2184   0.122232E-05   0.171464E-06
  2185   0.121489E-05   0.170494E-06
  2186   0.120750E-05   0.169529E-06
  2187   0.120016E-05   0.168570E-06
  2188   0.119286E-05   0.167616E-06
  2189   0.118561E-05   0.166667E-06
  2190   0.117840E-05   0.165724E-06
  2191   0.117123E-05   0.164785E-06
  2192   0.116411E-05   0.163853E-06
  2193   0.115703E-05   0.162925E-06
  2194   0.115000E-05   0.162003E-06
  2195   0.114300E-05   0.161086E-06
  2196   0.113605E-05   0.160174E-06
  2197   0.112915E-05   0.159267E-06
  2198   0.112228E-05   0.158365E-06
  2199   0.111546E-05   0.157468E-06
  2200   0.110867E-05   0.156577E-06
  2201   0.110193E-05   0.155690E-06
  2202   0.109523E-05   0.154809E-06
  2203   0.108857E-05   0.153932E-06
  2204   0.108195E-05   0.153060E-06
  2205   0.107537E-05   0.152193E-06
  2206   0.106883E-05   0.151331E-06
  2207   0.106233E-05   0.150474E-06
  2208   0.105587E-05   0.149622E-06
  2209   0.104945E-05   0.148775E-06
  2210   0.104307E-05   0.147932E-06
  2211   0.103673E-05   0.147094E-06
  2212   0.103043E-05   0.146261E-06
  2213   0.102416E-05   0.145432E-06
  2214   0.101793E-05   0.144608E-06
  2215   0.101174E-05   0.143789E-06
  2216   0.100559E-05   0.142974E-06
  2217   0.999476E-06   0.142164E-06
  2218   0.993399E-06   0.141359E-06
  2219   0.987358E-06   0.140558E-06
  2220   0.981354E-06   0.139761E-06
  2221   0.975387E-06   0.138969E-06
  2222   0.969456E-06   0.138182E-06
  2223   0.963561E-06   0.137399E-06
  2224   0.957702E-06   0.136620E-06
  2225   0.951878E-06   0.135846E-06
  2226   0.946090E-06   0.135076E-06
  2227   0.940337E-06   0.134310E-06
  2228   0.934619E-06   0.133549E-06
  2229   0.928936E-06   0.132792E-06
  2230   0.923287E-06   0.132039E-06
  2231   0.917673E-06   0.131291E-06
  2232   0.912093E-06   0.130547E-06
  2233   0.906547E-06   0.129807E-06
  2234   0.901034E-06   0.129071E-06
  2235   0.895555E-06   0.128339E-06
  2236   0.890110E-06   0.127611E-06
  2237   0.884697E-06   0.126888E-06
  2238   0.879318E-06   0.126168E-06
  2239   0.873971E-06   0.125453E-06
  2240   0.868656E-06   0.124742E-06
  2241   0.863374E-06   0.124034E-06
  2242   0.858124E-06   0.123331E-06
  2243   0.852906E-06   0.122631E-06
  2244   0.847720E-06   0.121936E-06
  2245   0.842565E-06   0.121244E-06
  2246   0.837442E-06   0.120557E-06
  2247   0.832349E-06   0.119873E-06
  2248   0.827288E-06   0.119193E-06
  2249   0.822258E-06   0.118517E-06
  2250   0.817258E-06   0.117845E-06
  2251   0.812288E-06   0.117176E-06
  2252   0.807349E-06   0.116512E-06
  2253   0.802440E-06   0.115851E-06
  2254   0.797560E-06   0.115193E-06
  2255   0.792710E-06   0.114540E-06
  2256   0.787890E-06   0.113890E-06
  2257   0.783099E-06   0.113244E-06
  2258   0.778337E-06   0.112601E-06
  2259   0.773605E-06   0.111962E-06
  2260   0.768900E-06   0.111327E-06
  2261   0.764225E-06   0.110695E-06
  2262   0.759578E-06   0.110067E-06
  2263   0.754959E-06   0.109443E-06
  2264   0.750368E-06   0.108822E-06
  2265   0.745806E-06   0.108204E-06
  2266   0.741271E-06   0.107590E-06
  2267   0.736763E-06   0.106979E-06
  2268   0.732283E-06   0.106372E-06
  2269   0.727830E-06   0.105768E-06
  2270   0.723405E-06   0.105168E-06
  2271   0.719006E-06   0.104571E-06
  2272   0.714634E-06   0.103977E-06
  2273   0.710288E-06   0.103387E-06
  2274   0.705969E-06   0.102800E-06
  2275   0.701676E-06   0.102217E-06
  2276   0.697410E-06   0.101636E-06
  2277   0.693169E-06   0.101059E-06
  2278   0.688954E-06   0.100485E-06
  2279   0.684764E-06   0.999148E-07
  2280   0.680601E-06   0.993475E-07
  2281   0.676462E-06   0.987834E-07
  2282   0.672349E-06   0.982225E-07
  2283   0.668260E-06   0.976647E-07
  2284   0.664197E-06   0.971101E-07
  2285   0.660158E-06   0.965586E-07
  2286   0.656144E-06   0.960102E-07
  2287   0.652154E-06   0.954649E-07
  2288   0.648188E-06   0.949227E-07
  2289   0.644247E-06   0.943835E-07
  2290   0.640329E-06   0.938474E-07
  2291   0.636436E-06   0.933144E-07
  2292   0.632566E-06   0.927843E-07
  2293   0.628719E-06   0.922572E-07
  2294   0.624896E-06   0.917331E-07
  2295   0.621096E-06   0.912120E-07
  2296   0.617320E-06   0.906938E-07
  2297   0.613566E-06   0.901786E-07
  2298   0.609835E-06   0.896662E-07
  2299   0.606127E-06   0.891567E-07
  2300   0.602441E-06   0.886502E-07
  2301   0.598778E-06   0.881465E-07
  2302   0.595137E-06   0.876456E-07
  2303   0.591518E-06   0.871475E-07
  2304   0.587921E-06   0.866523E-07
  2305   0.584346E-06   0.861599E-07
  2306   0.580793E-06   0.856702E-07
  2307   0.577261E-06   0.851833E-07
  2308   0.573751E-06   0.846992E-07
  2309   0.570262E-06   0.842178E-07
  2310   0.566794E-06   0.837391E-07
  2311   0.563348E-06   0.832632E-07
  2312   0.559922E-06   0.827899E-07
  2313   0.556518E-06   0.823193E-07
  2314   0.553134E-06   0.818513E-07
  2315   0.549770E-06   0.813860E-07
  2316   0.546427E-06   0.809234E-07
  2317   0.543104E-06   0.804633E-07
  2318   0.539802E-06   0.800059E-07
  2319   0.536520E-06   0.795510E-07
  2320   0.533257E-06   0.790987E-07
  2321   0.530015E-06   0.786490E-07
  2322   0.526792E-06   0.782018E-07
  2323   0.523588E-06   0.777571E-07
  2324   0.520405E-06   0.773149E-07
  2325   0.517240E-06   0.768753E-07
  2326   0.514095E-06   0.764381E-07
  2327   0.510969E-06   0.760034E-07
  2328   0.507862E-06   0.755712E-07
  2329   0.504774E-06   0.751414E-07
  2330   0.501704E-06   0.747140E-07
  2331   0.498654E-06   0.742891E-07
  2332   0.495621E-06   0.738665E-07
  2333   0.492608E-06   0.734464E-07
  2334   0.489612E-06   0.730286E-07
  2335   0.486635E-06   0.726132E-07
  2336   0.483676E-06   0.722001E-07
  2337   0.480735E-06   0.717894E-07
  2338   0.477812E-06   0.713810E-07
  2339   0.474906E-06   0.709749E-07
  2340   0.472018E-06   0.705711E-07
  2341   0.469148E-06   0.701696E-07
  2342   0.466295E-06   0.697704E-07
  2343   0.463460E-06   0.693734E-07
  2344   0.460642E-06   0.689786E-07
  2345   0.457841E-06   0.685861E-07
  2346   0.455057E-06   0.681959E-07
  2347   0.452290E-06   0.678078E-07
  2348   0.449539E-06   0.674219E-07
  2349   0.446806E-06   0.670382E-07
  2350   0.444089E-06   0.666567E-07
  2351   0.441389E-06   0.662773E-07
  2352   0.438705E-06   0.659001E-07
  2353   0.436037E-06   0.655250E-07
  2354   0.433386E-06   0.651521E-07
  2355   0.430750E-06   0.647812E-07
  2356   0.428131E-06   0.644125E-07
  2357   0.425528E-06   0.640458E-07
  2358   0.422940E-06   0.636813E-07
  2359   0.420368E-06   0.633187E-07
  2360   0.417812E-06   0.629583E-07
  2361   0.415272E-06   0.625999E-07
  2362   0.412746E-06   0.622435E-07
  2363   0.410237E-06   0.618891E-07
  2364   0.407742E-06   0.615367E-07
  2365   0.405263E-06   0.611863E-07
  2366   0.402798E-06   0.608379E-07
  2367   0.400349E-06   0.604915E-07
  2368   0.397915E-06   0.601471E-07
  2369   0.395495E-06   0.598046E-07
  2370   0.393090E-06   0.594640E-07
  2371   0.390700E-06   0.591254E-07
  2372   0.388324E-06   0.587886E-07
  2373   0.385963E-06   0.584538E-07
  2374   0.383616E-06   0.581209E-07
  2375   0.381283E-06   0.577899E-07
  2376   0.378965E-06   0.574607E-07
  2377   0.376660E-06   0.571334E-07
  2378   0.374370E-06   0.568080E-07
  2379   0.372094E-06   0.564844E-07
  2380   0.369831E-06   0.561627E-07
  2381   0.367582E-06   0.558427E-07
  2382   0.365347E-06   0.555246E-07
  2383   0.363125E-06   0.552083E-07
  2384   0.360917E-06   0.548937E-07
  2385   0.358723E-06   0.545810E-07
  2386   0.356541E-06   0.542700E-07
  2387   0.354373E-06   0.539608E-07
  2388   0.352218E-06   0.536534E-07
  2389   0.350077E-06   0.533476E-07
  2390   0.347948E-06   0.530437E-07
  2391   0.345832E-06   0.527414E-07
  2392   0.343729E-06   0.524409E-07
  2393   0.341639E-06   0.521420E-07
  2394   0.339562E-06   0.518449E-07
  2395   0.337497E-06   0.515494E-07
  2396   0.335445E-06   0.512556E-07
  2397   0.333405E-06   0.509635E-07
  2398   0.331378E-06   0.506730E-07
  2399   0.329363E-06   0.503842E-07
  2400   0.327360E-06   0.500970E-07
  2401   0.325369E-06   0.498115E-07
  2402   0.323391E-06   0.495275E-07
  2403   0.321424E-06   0.492452E-07
  2404   0.319470E-06   0.489645E-07
  2405   0.317527E-06   0.486853E-07
  2406   0.315596E-06   0.484078E-07
  2407   0.313677E-06   0.481318E-07
  2408   0.311770E-06   0.478574E-07
  2409   0.309874E-06   0.475845E-07
  2410   0.307990E-06   0.473132E-07
  2411   0.306117E-06   0.470435E-07
  2412   0.304256E-06   0.467752E-07
  2413   0.302406E-06   0.465085E-07
  2414   0.300567E-06   0.462433E-07
  2415   0.298739E-06   0.459796E-07
  2416   0.296923E-06   0.457174E-07
  2417   0.295117E-06   0.454567E-07
  2418   0.293322E-06   0.451974E-07
  2419   0.291539E-06   0.449397E-07
  2420   0.289766E-06   0.446834E-07
  2421   0.288004E-06   0.444285E-07
  2422   0.286253E-06   0.441751E-07
  2423   0.284512E-06   0.439231E-07
  2424   0.282782E-06   0.436726E-07
  2425   0.281063E-06   0.434235E-07
  2426   0.279354E-06   0.431758E-07
  2427   0.277655E-06   0.429295E-07
  2428   0.275967E-06   0.426846E-07
  2429   0.274288E-06   0.424411E-07
  2430   0.272621E-06   0.421990E-07
  2431   0.270963E-06   0.419582E-07
  2432   0.269315E-06   0.417188E-07
  2433   0.267678E-06   0.414808E-07
  2434   0.266050E-06   0.412441E-07
  2435   0.264432E-06   0.410088E-07
  2436   0.262824E-06   0.407748E-07
  2437   0.261226E-06   0.405421E-07
  2438   0.259638E-06   0.403108E-07
  2439   0.258059E-06   0.400808E-07
  2440   0.256490E-06   0.398520E-07
  2441   0.254930E-06   0.396246E-07
  2442   0.253380E-06   0.393985E-07
  2443   0.251839E-06   0.391736E-07
  2444   0.250308E-06   0.389500E-07
  2445   0.248786E-06   0.387277E-07
  2446   0.247273E-06   0.385067E-07
  2447   0.245769E-06   0.382869E-07
  2448   0.244275E-06   0.380683E-07
  2449   0.242789E-06   0.378510E-07
  2450   0.241313E-06   0.376350E-07
  2451   0.239846E-06   0.374201E-07
  2452   0.238387E-06   0.372065E-07
  2453   0.236938E-06   0.369941E-07
  2454   0.235497E-06   0.367829E-07
  2455   0.234065E-06   0.365729E-07
  2456   0.232642E-06   0.363641E-07
  2457   0.231227E-06   0.361565E-07
  2458   0.229821E-06   0.359501E-07
  2459   0.228424E-06   0.357448E-07
  2460   0.227035E-06   0.355407E-07
  2461   0.225654E-06   0.353377E-07
  2462   0.224282E-06   0.351360E-07
  2463   0.222918E-06   0.349353E-07
  2464   0.221563E-06   0.347358E-07
  2465   0.220215E-06   0.345374E-07
  2466   0.218876E-06   0.343402E-07
  2467   0.217545E-06   0.341441E-07
  2468   0.216222E-06   0.339491E-07
  2469   0.214908E-06   0.337552E-07
  2470   0.213601E-06   0.335624E-07
  2471   0.212302E-06   0.333707E-07
  2472   0.211011E-06   0.331801E-07
  2473   0.209728E-06   0.329905E-07
  2474   0.208453E-06   0.328021E-07
  2475   0.207185E-06   0.326147E-07
  2476   0.205925E-06   0.324284E-07
  2477   0.204673E-06   0.322431E-07
  2478   0.203429E-06   0.320589E-07
  2479   0.202192E-06   0.318758E-07
  2480   0.200962E-06   0.316937E-07
  2481   0.199740E-06   0.315126E-07
  2482   0.198526E-06   0.313325E-07
  2483   0.197318E-06   0.311535E-07
  2484   0.196118E-06   0.309755E-07
  2485   0.194926E-06   0.307985E-07
  2486   0.193741E-06   0.306225E-07
  2487   0.192563E-06   0.304475E-07
  2488   0.191392E-06   0.302735E-07
  2489   0.190228E-06   0.301005E-07
  2490   0.189071E-06   0.299285E-07
  2491   0.187921E-06   0.297575E-07
  2492   0.186779E-06   0.295874E-07
  2493   0.185643E-06   0.294183E-07
  2494   0.184514E-06   0.292502E-07
  2495   0.183392E-06   0.290830E-07
  2496   0.182277E-06   0.289168E-07
  2497   0.181169E-06   0.287515E-07
  2498   0.180067E-06   0.285871E-07
  2499   0.178972E-06   0.284237E-07
  2500   0.177884E-06   0.282612E-07
  2501   0.176802E-06   0.280997E-07
  2502   0.175727E-06   0.279390E-07
  2503   0.174658E-06   0.277793E-07
  2504   0.173596E-06   0.276205E-07
  2505   0.172541E-06   0.274626E-07
  2506   0.171492E-06   0.273056E-07
  2507   0.170449E-06   0.271495E-07
  2508   0.169412E-06   0.269942E-07
  2509   0.168382E-06   0.268399E-07
  2510   0.167358E-06   0.266864E-07
  2511   0.166341E-06   0.265338E-07
  2512   0.165329E-06   0.263821E-07
  2513   0.164324E-06   0.262312E-07
  2514   0.163325E-06   0.260812E-07
  2515   0.162332E-06   0.259320E-07
  2516   0.161344E-06   0.257837E-07
  2517   0.160363E-06   0.256363E-07
  2518   0.159388E-06   0.254897E-07
  2519   0.158419E-06   0.253439E-07
  2520   0.157456E-06   0.251989E-07
  2521   0.156498E-06   0.250548E-07
  2522   0.155547E-06   0.249115E-07
  2523   0.154601E-06   0.247690E-07
  2524   0.153661E-06   0.246273E-07
  2525   0.152726E-06   0.244864E-07
  2526   0.151798E-06   0.243464E-07
  2527   0.150875E-06   0.242071E-07
  2528   0.149957E-06   0.240686E-07
  2529   0.149045E-06   0.239309E-07
  2530   0.148139E-06   0.237940E-07
  2531   0.147238E-06   0.236578E-07
  2532   0.146343E-06   0.235225E-07
  2533   0.145453E-06   0.233879E-07
  2534   0.144569E-06   0.232541E-07
  2535   0.143690E-06   0.231210E-07
  2536   0.142816E-06   0.229887E-07
  2537   0.141947E-06   0.228572E-07
  2538   0.141084E-06   0.227264E-07
  2539   0.140226E-06   0.225963E-07
  2540   0.139374E-06   0.224670E-07
  2541   0.138526E-06   0.223384E-07
  2542   0.137684E-06   0.222106E-07
  2543   0.136847E-06   0.220835E-07
  2544   0.136014E-06   0.219571E-07
  2545   0.135187E-06   0.218314E-07
  2546   0.134365E-06   0.217065E-07
  2547   0.133548E-06   0.215822E-07
  2548   0.132736E-06   0.214587E-07
  2549   0.131929E-06   0.213359E-07
  2550   0.131127E-06   0.212137E-07
  2551   0.130330E-06   0.210923E-07
  2552   0.129537E-06   0.209716E-07
  2553   0.128749E-06   0.208515E-07
  2554   0.127966E-06   0.207321E-07
  2555   0.127188E-06   0.206134E-07
  2556   0.126415E-06   0.204954E-07
  2557   0.125646E-06   0.203781E-07
  2558   0.124882E-06   0.202614E-07
  2559   0.124123E-06   0.201454E-07
  2560   0.123368E-06   0.200301E-07
  2561   0.122618E-06   0.199154E-07
  2562   0.121872E-06   0.198013E-07
  2563   0.121131E-06   0.196879E-07
  2564   0.120395E-06   0.195752E-07
  2565   0.119663E-06   0.194631E-07
  2566   0.118935E-06   0.193517E-07
  2567   0.118212E-06   0.192408E-07
  2568   0.117493E-06   0.191306E-07
  2569   0.116778E-06   0.190211E-07
  2570   0.116068E-06   0.189121E-07
  2571   0.115363E-06   0.188038E-07
  2572   0.114661E-06   0.186961E-07
  2573   0.113964E-06   0.185890E-07
  2574   0.113271E-06   0.184826E-07
  2575   0.112582E-06   0.183767E-07
  2576   0.111898E-06   0.182714E-07
  2577   0.111217E-06   0.181668E-07
  2578   0.110541E-06   0.180627E-07
  2579   0.109869E-06   0.179592E-07
  2580   0.109201E-06   0.178563E-07
  2581   0.108537E-06   0.177540E-07
  2582   0.107877E-06   0.176523E-07
  2583   0.107221E-06   0.175512E-07
  2584   0.106569E-06   0.174506E-07
  2585   0.105921E-06   0.173507E-07
  2586   0.105277E-06   0.172512E-07
  2587   0.104636E-06   0.171524E-07
  2588   0.104000E-06   0.170541E-07
  2589   0.103368E-06   0.169564E-07
  2590   0.102739E-06   0.168592E-07
  2591   0.102114E-06   0.167626E-07
  2592   0.101494E-06   0.166666E-07
  2593   0.100876E-06   0.165711E-07
  2594   0.100263E-06   0.164761E-07
  2595   0.996533E-07   0.163817E-07
