Iter     SteadyRMS     UnsteadyRMS
     1   0.721038       0.227432E-04
     2   0.716626       0.452073E-04
     3   0.712242       0.673950E-04
     4   0.707884       0.893089E-04
     5   0.703553       0.110951E-03
     6   0.699249       0.132325E-03
     7   0.694971       0.153432E-03
     8   0.690719       0.174275E-03
     9   0.686493       0.194857E-03
    10   0.682293       0.215180E-03
    11   0.678118       0.235246E-03
    12   0.673969       0.255058E-03
    13   0.669846       0.274618E-03
    14   0.665748       0.293928E-03
    15   0.661675       0.312992E-03
    16   0.657626       0.331810E-03
    17   0.653603       0.350386E-03
    18   0.649604       0.368721E-03
    19   0.645630       0.386818E-03
    20   0.641680       0.404679E-03
    21   0.637754       0.422307E-03
    22   0.633852       0.439703E-03
    23   0.629974       0.456870E-03
    24   0.626120       0.473810E-03
    25   0.622289       0.490524E-03
    26   0.618482       0.507016E-03
    27   0.614698       0.523287E-03
    28   0.610937       0.539340E-03
    29   0.607199       0.555175E-03
    30   0.603484       0.570797E-03
    31   0.599792       0.586205E-03
    32   0.596122       0.601403E-03
    33   0.592475       0.616393E-03
    34   0.588850       0.631176E-03
    35   0.585247       0.645755E-03
    36   0.581667       0.660131E-03
    37   0.578108       0.674306E-03
    38   0.574571       0.688283E-03
    39   0.571056       0.702063E-03
    40   0.567562       0.715647E-03
    41   0.564090       0.729039E-03
    42   0.560638       0.742240E-03
    43   0.557208       0.755251E-03
    44   0.553799       0.768075E-03
    45   0.550411       0.780713E-03
    46   0.547043       0.793167E-03
    47   0.543697       0.805438E-03
    48   0.540370       0.817530E-03
    49   0.537064       0.829443E-03
    50   0.533778       0.841179E-03
    51   0.530512       0.852739E-03
    52   0.527267       0.864127E-03
    53   0.524041       0.875342E-03
    54   0.520835       0.886387E-03
    55   0.517648       0.897264E-03
    56   0.514481       0.907974E-03
    57   0.511333       0.918519E-03
    58   0.508205       0.928901E-03
    59   0.505096       0.939121E-03
    60   0.502005       0.949180E-03
    61   0.498934       0.959080E-03
    62   0.495881       0.968824E-03
    63   0.492848       0.978411E-03
    64   0.489832       0.987845E-03
    65   0.486835       0.997126E-03
    66   0.483857       0.100626E-02
    67   0.480896       0.101524E-02
    68   0.477954       0.102407E-02
    69   0.475030       0.103276E-02
    70   0.472124       0.104130E-02
    71   0.469235       0.104969E-02
    72   0.466364       0.105795E-02
    73   0.463511       0.106606E-02
    74   0.460675       0.107404E-02
    75   0.457857       0.108187E-02
    76   0.455055       0.108958E-02
    77   0.452271       0.109714E-02
    78   0.449504       0.110457E-02
    79   0.446754       0.111187E-02
    80   0.444021       0.111904E-02
    81   0.441304       0.112608E-02
    82   0.438604       0.113299E-02
    83   0.435921       0.113977E-02
    84   0.433254       0.114643E-02
    85   0.430603       0.115296E-02
    86   0.427969       0.115937E-02
    87   0.425350       0.116565E-02
    88   0.422748       0.117182E-02
    89   0.420161       0.117787E-02
    90   0.417591       0.118380E-02
    91   0.415036       0.118961E-02
    92   0.412497       0.119530E-02
    93   0.409973       0.120088E-02
    94   0.407465       0.120635E-02
    95   0.404972       0.121171E-02
    96   0.402494       0.121695E-02
    97   0.400031       0.122209E-02
    98   0.397584       0.122711E-02
    99   0.395152       0.123203E-02
   100   0.392734       0.123684E-02
   101   0.390331       0.124155E-02
   102   0.387943       0.124615E-02
   103   0.385569       0.125065E-02
   104   0.383211       0.125504E-02
   105   0.380866       0.125934E-02
   106   0.378536       0.126353E-02
   107   0.376220       0.126763E-02
   108   0.373918       0.127163E-02
   109   0.371630       0.127553E-02
   110   0.369357       0.127934E-02
   111   0.367097       0.128305E-02
   112   0.364851       0.128667E-02
   113   0.362619       0.129019E-02
   114   0.360400       0.129363E-02
   115   0.358195       0.129697E-02
   116   0.356004       0.130022E-02
   117   0.353826       0.130339E-02
   118   0.351661       0.130647E-02
   119   0.349509       0.130946E-02
   120   0.347371       0.131236E-02
   121   0.345246       0.131518E-02
   122   0.343133       0.131791E-02
   123   0.341034       0.132057E-02
   124   0.338948       0.132314E-02
   125   0.336874       0.132563E-02
   126   0.334813       0.132804E-02
   127   0.332764       0.133036E-02
   128   0.330728       0.133262E-02
   129   0.328705       0.133479E-02
   130   0.326694       0.133688E-02
   131   0.324695       0.133891E-02
   132   0.322709       0.134085E-02
   133   0.320734       0.134272E-02
   134   0.318772       0.134452E-02
   135   0.316822       0.134624E-02
   136   0.314883       0.134790E-02
   137   0.312957       0.134948E-02
   138   0.311042       0.135099E-02
   139   0.309139       0.135244E-02
   140   0.307248       0.135381E-02
   141   0.305368       0.135512E-02
   142   0.303500       0.135636E-02
   143   0.301643       0.135753E-02
   144   0.299797       0.135864E-02
   145   0.297963       0.135968E-02
   146   0.296140       0.136066E-02
   147   0.294328       0.136158E-02
   148   0.292527       0.136243E-02
   149   0.290738       0.136322E-02
   150   0.288959       0.136396E-02
   151   0.287191       0.136463E-02
   152   0.285434       0.136524E-02
   153   0.283688       0.136579E-02
   154   0.281952       0.136628E-02
   155   0.280227       0.136672E-02
   156   0.278512       0.136710E-02
   157   0.276808       0.136743E-02
   158   0.275115       0.136769E-02
   159   0.273432       0.136791E-02
   160   0.271759       0.136807E-02
   161   0.270096       0.136818E-02
   162   0.268444       0.136823E-02
   163   0.266801       0.136823E-02
   164   0.265169       0.136818E-02
   165   0.263547       0.136808E-02
   166   0.261934       0.136793E-02
   167   0.260332       0.136773E-02
   168   0.258739       0.136748E-02
   169   0.257156       0.136718E-02
   170   0.255582       0.136683E-02
   171   0.254019       0.136644E-02
   172   0.252465       0.136600E-02
   173   0.250920       0.136552E-02
   174   0.249385       0.136498E-02
   175   0.247859       0.136441E-02
   176   0.246343       0.136379E-02
   177   0.244835       0.136312E-02
   178   0.243338       0.136242E-02
   179   0.241849       0.136167E-02
   180   0.240369       0.136088E-02
   181   0.238898       0.136004E-02
   182   0.237437       0.135917E-02
   183   0.235984       0.135825E-02
   184   0.234540       0.135730E-02
   185   0.233105       0.135630E-02
   186   0.231679       0.135527E-02
   187   0.230262       0.135420E-02
   188   0.228853       0.135309E-02
   189   0.227453       0.135195E-02
   190   0.226061       0.135076E-02
   191   0.224678       0.134954E-02
   192   0.223304       0.134829E-02
   193   0.221937       0.134700E-02
   194   0.220579       0.134567E-02
   195   0.219230       0.134431E-02
   196   0.217889       0.134292E-02
   197   0.216556       0.134149E-02
   198   0.215231       0.134003E-02
   199   0.213914       0.133853E-02
   200   0.212605       0.133701E-02
   201   0.211304       0.133545E-02
   202   0.210012       0.133386E-02
   203   0.208727       0.133224E-02
   204   0.207450       0.133060E-02
   205   0.206180       0.132892E-02
   206   0.204919       0.132721E-02
   207   0.203665       0.132547E-02
   208   0.202419       0.132370E-02
   209   0.201181       0.132191E-02
   210   0.199950       0.132009E-02
   211   0.198727       0.131824E-02
   212   0.197511       0.131636E-02
   213   0.196302       0.131446E-02
   214   0.195101       0.131253E-02
   215   0.193908       0.131057E-02
   216   0.192721       0.130859E-02
   217   0.191542       0.130659E-02
   218   0.190370       0.130456E-02
   219   0.189206       0.130250E-02
   220   0.188048       0.130042E-02
   221   0.186897       0.129832E-02
   222   0.185754       0.129620E-02
   223   0.184618       0.129405E-02
   224   0.183488       0.129188E-02
   225   0.182365       0.128969E-02
   226   0.181250       0.128747E-02
   227   0.180141       0.128524E-02
   228   0.179039       0.128298E-02
   229   0.177943       0.128071E-02
   230   0.176855       0.127841E-02
   231   0.175773       0.127609E-02
   232   0.174697       0.127375E-02
   233   0.173628       0.127140E-02
   234   0.172566       0.126902E-02
   235   0.171510       0.126663E-02
   236   0.170461       0.126422E-02
   237   0.169418       0.126178E-02
   238   0.168381       0.125934E-02
   239   0.167351       0.125687E-02
   240   0.166327       0.125439E-02
   241   0.165310       0.125189E-02
   242   0.164298       0.124937E-02
   243   0.163293       0.124684E-02
   244   0.162294       0.124429E-02
   245   0.161301       0.124173E-02
   246   0.160314       0.123915E-02
   247   0.159333       0.123655E-02
   248   0.158359       0.123394E-02
   249   0.157390       0.123132E-02
   250   0.156427       0.122868E-02
   251   0.155470       0.122603E-02
   252   0.154519       0.122337E-02
   253   0.153573       0.122069E-02
   254   0.152634       0.121799E-02
   255   0.151700       0.121529E-02
   256   0.150772       0.121257E-02
   257   0.149849       0.120984E-02
   258   0.148932       0.120710E-02
   259   0.148021       0.120434E-02
   260   0.147116       0.120158E-02
   261   0.146216       0.119880E-02
   262   0.145321       0.119601E-02
   263   0.144432       0.119321E-02
   264   0.143548       0.119040E-02
   265   0.142670       0.118758E-02
   266   0.141797       0.118475E-02
   267   0.140930       0.118191E-02
   268   0.140067       0.117906E-02
   269   0.139210       0.117620E-02
   270   0.138359       0.117333E-02
   271   0.137512       0.117046E-02
   272   0.136671       0.116757E-02
   273   0.135835       0.116467E-02
   274   0.135004       0.116177E-02
   275   0.134178       0.115886E-02
   276   0.133357       0.115594E-02
   277   0.132541       0.115301E-02
   278   0.131730       0.115007E-02
   279   0.130924       0.114713E-02
   280   0.130123       0.114418E-02
   281   0.129327       0.114123E-02
   282   0.128536       0.113826E-02
   283   0.127749       0.113529E-02
   284   0.126968       0.113231E-02
   285   0.126191       0.112933E-02
   286   0.125419       0.112634E-02
   287   0.124651       0.112335E-02
   288   0.123889       0.112035E-02
   289   0.123131       0.111734E-02
   290   0.122377       0.111433E-02
   291   0.121629       0.111132E-02
   292   0.120885       0.110829E-02
   293   0.120145       0.110527E-02
   294   0.119410       0.110224E-02
   295   0.118679       0.109920E-02
   296   0.117953       0.109616E-02
   297   0.117232       0.109312E-02
   298   0.116514       0.109007E-02
   299   0.115801       0.108702E-02
   300   0.115093       0.108397E-02
   301   0.114389       0.108091E-02
   302   0.113689       0.107785E-02
   303   0.112993       0.107479E-02
   304   0.112302       0.107172E-02
   305   0.111615       0.106865E-02
   306   0.110932       0.106558E-02
   307   0.110253       0.106250E-02
   308   0.109579       0.105942E-02
   309   0.108908       0.105634E-02
   310   0.108242       0.105326E-02
   311   0.107580       0.105018E-02
   312   0.106922       0.104709E-02
   313   0.106268       0.104401E-02
   314   0.105617       0.104092E-02
   315   0.104971       0.103783E-02
   316   0.104329       0.103474E-02
   317   0.103691       0.103164E-02
   318   0.103056       0.102855E-02
   319   0.102426       0.102545E-02
   320   0.101799       0.102236E-02
   321   0.101176       0.101926E-02
   322   0.100557       0.101617E-02
   323   0.999420E-01   0.101307E-02
   324   0.993306E-01   0.100997E-02
   325   0.987228E-01   0.100688E-02
   326   0.981188E-01   0.100378E-02
   327   0.975185E-01   0.100068E-02
   328   0.969219E-01   0.997587E-03
   329   0.963289E-01   0.994491E-03
   330   0.957396E-01   0.991395E-03
   331   0.951538E-01   0.988300E-03
   332   0.945716E-01   0.985205E-03
   333   0.939930E-01   0.982112E-03
   334   0.934180E-01   0.979019E-03
   335   0.928464E-01   0.975927E-03
   336   0.922784E-01   0.972836E-03
   337   0.917138E-01   0.969746E-03
   338   0.911527E-01   0.966658E-03
   339   0.905950E-01   0.963571E-03
   340   0.900407E-01   0.960486E-03
   341   0.894898E-01   0.957402E-03
   342   0.889423E-01   0.954320E-03
   343   0.883982E-01   0.951240E-03
   344   0.878573E-01   0.948161E-03
   345   0.873198E-01   0.945085E-03
   346   0.867856E-01   0.942010E-03
   347   0.862546E-01   0.938938E-03
   348   0.857269E-01   0.935868E-03
   349   0.852024E-01   0.932800E-03
   350   0.846811E-01   0.929735E-03
   351   0.841630E-01   0.926672E-03
   352   0.836481E-01   0.923612E-03
   353   0.831363E-01   0.920555E-03
   354   0.826277E-01   0.917500E-03
   355   0.821221E-01   0.914448E-03
   356   0.816197E-01   0.911399E-03
   357   0.811203E-01   0.908353E-03
   358   0.806240E-01   0.905310E-03
   359   0.801308E-01   0.902271E-03
   360   0.796405E-01   0.899234E-03
   361   0.791532E-01   0.896201E-03
   362   0.786690E-01   0.893171E-03
   363   0.781877E-01   0.890145E-03
   364   0.777093E-01   0.887122E-03
   365   0.772339E-01   0.884103E-03
   366   0.767613E-01   0.881087E-03
   367   0.762917E-01   0.878075E-03
   368   0.758249E-01   0.875067E-03
   369   0.753610E-01   0.872063E-03
   370   0.748999E-01   0.869063E-03
   371   0.744417E-01   0.866067E-03
   372   0.739862E-01   0.863074E-03
   373   0.735336E-01   0.860086E-03
   374   0.730837E-01   0.857102E-03
   375   0.726366E-01   0.854123E-03
   376   0.721922E-01   0.851147E-03
   377   0.717505E-01   0.848177E-03
   378   0.713115E-01   0.845210E-03
   379   0.708752E-01   0.842248E-03
   380   0.704416E-01   0.839290E-03
   381   0.700106E-01   0.836337E-03
   382   0.695823E-01   0.833389E-03
   383   0.691565E-01   0.830446E-03
   384   0.687334E-01   0.827507E-03
   385   0.683129E-01   0.824573E-03
   386   0.678950E-01   0.821644E-03
   387   0.674796E-01   0.818719E-03
   388   0.670667E-01   0.815800E-03
   389   0.666564E-01   0.812886E-03
   390   0.662486E-01   0.809976E-03
   391   0.658433E-01   0.807072E-03
   392   0.654404E-01   0.804173E-03
   393   0.650400E-01   0.801280E-03
   394   0.646421E-01   0.798391E-03
   395   0.642466E-01   0.795508E-03
   396   0.638536E-01   0.792630E-03
   397   0.634629E-01   0.789757E-03
   398   0.630746E-01   0.786890E-03
   399   0.626887E-01   0.784029E-03
   400   0.623052E-01   0.781173E-03
   401   0.619240E-01   0.778322E-03
   402   0.615451E-01   0.775477E-03
   403   0.611686E-01   0.772637E-03
   404   0.607943E-01   0.769804E-03
   405   0.604224E-01   0.766976E-03
   406   0.600527E-01   0.764153E-03
   407   0.596853E-01   0.761337E-03
   408   0.593201E-01   0.758526E-03
   409   0.589572E-01   0.755721E-03
   410   0.585965E-01   0.752922E-03
   411   0.582380E-01   0.750129E-03
   412   0.578817E-01   0.747342E-03
   413   0.575275E-01   0.744560E-03
   414   0.571756E-01   0.741785E-03
   415   0.568258E-01   0.739016E-03
   416   0.564781E-01   0.736253E-03
   417   0.561326E-01   0.733496E-03
   418   0.557891E-01   0.730745E-03
   419   0.554478E-01   0.728000E-03
   420   0.551086E-01   0.725261E-03
   421   0.547714E-01   0.722529E-03
   422   0.544363E-01   0.719803E-03
   423   0.541033E-01   0.717083E-03
   424   0.537722E-01   0.714369E-03
   425   0.534433E-01   0.711662E-03
   426   0.531163E-01   0.708961E-03
   427   0.527913E-01   0.706267E-03
   428   0.524683E-01   0.703578E-03
   429   0.521473E-01   0.700896E-03
   430   0.518283E-01   0.698221E-03
   431   0.515112E-01   0.695552E-03
   432   0.511960E-01   0.692890E-03
   433   0.508828E-01   0.690234E-03
   434   0.505715E-01   0.687584E-03
   435   0.502621E-01   0.684941E-03
   436   0.499546E-01   0.682305E-03
   437   0.496489E-01   0.679675E-03
   438   0.493452E-01   0.677052E-03
   439   0.490433E-01   0.674435E-03
   440   0.487432E-01   0.671825E-03
   441   0.484450E-01   0.669222E-03
   442   0.481486E-01   0.666625E-03
   443   0.478540E-01   0.664035E-03
   444   0.475612E-01   0.661452E-03
   445   0.472703E-01   0.658875E-03
   446   0.469810E-01   0.656306E-03
   447   0.466936E-01   0.653742E-03
   448   0.464079E-01   0.651186E-03
   449   0.461240E-01   0.648636E-03
   450   0.458418E-01   0.646094E-03
   451   0.455613E-01   0.643557E-03
   452   0.452826E-01   0.641028E-03
   453   0.450055E-01   0.638506E-03
   454   0.447302E-01   0.635990E-03
   455   0.444565E-01   0.633481E-03
   456   0.441845E-01   0.630979E-03
   457   0.439142E-01   0.628484E-03
   458   0.436455E-01   0.625996E-03
   459   0.433785E-01   0.623515E-03
   460   0.431131E-01   0.621040E-03
   461   0.428493E-01   0.618573E-03
   462   0.425872E-01   0.616112E-03
   463   0.423266E-01   0.613659E-03
   464   0.420676E-01   0.611212E-03
   465   0.418103E-01   0.608772E-03
   466   0.415545E-01   0.606339E-03
   467   0.413002E-01   0.603913E-03
   468   0.410475E-01   0.601494E-03
   469   0.407964E-01   0.599082E-03
   470   0.405468E-01   0.596677E-03
   471   0.402987E-01   0.594279E-03
   472   0.400522E-01   0.591887E-03
   473   0.398071E-01   0.589503E-03
   474   0.395636E-01   0.587126E-03
   475   0.393215E-01   0.584756E-03
   476   0.390810E-01   0.582392E-03
   477   0.388419E-01   0.580036E-03
   478   0.386042E-01   0.577687E-03
   479   0.383680E-01   0.575345E-03
   480   0.381333E-01   0.573009E-03
   481   0.379000E-01   0.570681E-03
   482   0.376681E-01   0.568360E-03
   483   0.374376E-01   0.566046E-03
   484   0.372086E-01   0.563738E-03
   485   0.369809E-01   0.561438E-03
   486   0.367547E-01   0.559145E-03
   487   0.365298E-01   0.556859E-03
   488   0.363063E-01   0.554579E-03
   489   0.360842E-01   0.552307E-03
   490   0.358634E-01   0.550042E-03
   491   0.356440E-01   0.547784E-03
   492   0.354259E-01   0.545532E-03
   493   0.352092E-01   0.543288E-03
   494   0.349938E-01   0.541051E-03
   495   0.347797E-01   0.538821E-03
   496   0.345669E-01   0.536598E-03
   497   0.343554E-01   0.534382E-03
   498   0.341452E-01   0.532172E-03
   499   0.339363E-01   0.529970E-03
   500   0.337287E-01   0.527775E-03
   501   0.335223E-01   0.525587E-03
   502   0.333172E-01   0.523406E-03
   503   0.331134E-01   0.521231E-03
   504   0.329108E-01   0.519064E-03
   505   0.327094E-01   0.516904E-03
   506   0.325093E-01   0.514751E-03
   507   0.323104E-01   0.512604E-03
   508   0.321127E-01   0.510465E-03
   509   0.319163E-01   0.508333E-03
   510   0.317210E-01   0.506207E-03
   511   0.315269E-01   0.504089E-03
   512   0.313340E-01   0.501977E-03
   513   0.311423E-01   0.499872E-03
   514   0.309518E-01   0.497775E-03
   515   0.307624E-01   0.495684E-03
   516   0.305742E-01   0.493600E-03
   517   0.303872E-01   0.491523E-03
   518   0.302012E-01   0.489453E-03
   519   0.300165E-01   0.487390E-03
   520   0.298328E-01   0.485334E-03
   521   0.296503E-01   0.483285E-03
   522   0.294689E-01   0.481242E-03
   523   0.292886E-01   0.479207E-03
   524   0.291094E-01   0.477178E-03
   525   0.289313E-01   0.475156E-03
   526   0.287543E-01   0.473141E-03
   527   0.285784E-01   0.471133E-03
   528   0.284035E-01   0.469131E-03
   529   0.282298E-01   0.467137E-03
   530   0.280570E-01   0.465149E-03
   531   0.278854E-01   0.463168E-03
   532   0.277148E-01   0.461194E-03
   533   0.275452E-01   0.459227E-03
   534   0.273767E-01   0.457267E-03
   535   0.272092E-01   0.455313E-03
   536   0.270427E-01   0.453366E-03
   537   0.268773E-01   0.451426E-03
   538   0.267128E-01   0.449492E-03
   539   0.265494E-01   0.447565E-03
   540   0.263870E-01   0.445645E-03
   541   0.262255E-01   0.443732E-03
   542   0.260651E-01   0.441826E-03
   543   0.259056E-01   0.439926E-03
   544   0.257471E-01   0.438032E-03
   545   0.255896E-01   0.436146E-03
   546   0.254330E-01   0.434266E-03
   547   0.252774E-01   0.432393E-03
   548   0.251228E-01   0.430526E-03
   549   0.249691E-01   0.428666E-03
   550   0.248163E-01   0.426813E-03
   551   0.246645E-01   0.424966E-03
   552   0.245136E-01   0.423126E-03
   553   0.243636E-01   0.421293E-03
   554   0.242145E-01   0.419466E-03
   555   0.240664E-01   0.417645E-03
   556   0.239191E-01   0.415831E-03
   557   0.237728E-01   0.414024E-03
   558   0.236273E-01   0.412223E-03
   559   0.234828E-01   0.410429E-03
   560   0.233391E-01   0.408641E-03
   561   0.231963E-01   0.406860E-03
   562   0.230544E-01   0.405085E-03
   563   0.229134E-01   0.403317E-03
   564   0.227732E-01   0.401555E-03
   565   0.226338E-01   0.399799E-03
   566   0.224954E-01   0.398050E-03
   567   0.223577E-01   0.396308E-03
   568   0.222209E-01   0.394572E-03
   569   0.220850E-01   0.392842E-03
   570   0.219499E-01   0.391118E-03
   571   0.218156E-01   0.389401E-03
   572   0.216821E-01   0.387691E-03
   573   0.215494E-01   0.385986E-03
   574   0.214176E-01   0.384288E-03
   575   0.212866E-01   0.382596E-03
   576   0.211563E-01   0.380911E-03
   577   0.210269E-01   0.379232E-03
   578   0.208983E-01   0.377559E-03
   579   0.207704E-01   0.375892E-03
   580   0.206433E-01   0.374232E-03
   581   0.205170E-01   0.372578E-03
   582   0.203915E-01   0.370930E-03
   583   0.202667E-01   0.369288E-03
   584   0.201427E-01   0.367652E-03
   585   0.200195E-01   0.366023E-03
   586   0.198970E-01   0.364400E-03
   587   0.197753E-01   0.362782E-03
   588   0.196543E-01   0.361171E-03
   589   0.195340E-01   0.359567E-03
   590   0.194145E-01   0.357968E-03
   591   0.192958E-01   0.356375E-03
   592   0.191777E-01   0.354788E-03
   593   0.190604E-01   0.353208E-03
   594   0.189438E-01   0.351633E-03
   595   0.188278E-01   0.350065E-03
   596   0.187127E-01   0.348502E-03
   597   0.185982E-01   0.346946E-03
   598   0.184844E-01   0.345395E-03
   599   0.183713E-01   0.343851E-03
   600   0.182589E-01   0.342312E-03
   601   0.181472E-01   0.340780E-03
   602   0.180362E-01   0.339253E-03
   603   0.179258E-01   0.337732E-03
   604   0.178161E-01   0.336217E-03
   605   0.177071E-01   0.334708E-03
   606   0.175988E-01   0.333205E-03
   607   0.174911E-01   0.331707E-03
   608   0.173841E-01   0.330216E-03
   609   0.172778E-01   0.328730E-03
   610   0.171720E-01   0.327250E-03
   611   0.170670E-01   0.325776E-03
   612   0.169626E-01   0.324308E-03
   613   0.168588E-01   0.322845E-03
   614   0.167556E-01   0.321389E-03
   615   0.166531E-01   0.319937E-03
   616   0.165512E-01   0.318492E-03
   617   0.164500E-01   0.317052E-03
   618   0.163493E-01   0.315618E-03
   619   0.162493E-01   0.314190E-03
   620   0.161499E-01   0.312767E-03
   621   0.160511E-01   0.311350E-03
   622   0.159529E-01   0.309939E-03
   623   0.158553E-01   0.308533E-03
   624   0.157583E-01   0.307133E-03
   625   0.156619E-01   0.305738E-03
   626   0.155660E-01   0.304349E-03
   627   0.154708E-01   0.302965E-03
   628   0.153761E-01   0.301587E-03
   629   0.152821E-01   0.300214E-03
   630   0.151886E-01   0.298847E-03
   631   0.150956E-01   0.297486E-03
   632   0.150033E-01   0.296130E-03
   633   0.149115E-01   0.294779E-03
   634   0.148203E-01   0.293434E-03
   635   0.147296E-01   0.292094E-03
   636   0.146395E-01   0.290759E-03
   637   0.145499E-01   0.289430E-03
   638   0.144609E-01   0.288106E-03
   639   0.143724E-01   0.286788E-03
   640   0.142845E-01   0.285475E-03
   641   0.141971E-01   0.284167E-03
   642   0.141102E-01   0.282865E-03
   643   0.140239E-01   0.281568E-03
   644   0.139381E-01   0.280276E-03
   645   0.138528E-01   0.278989E-03
   646   0.137681E-01   0.277708E-03
   647   0.136838E-01   0.276432E-03
   648   0.136001E-01   0.275161E-03
   649   0.135169E-01   0.273895E-03
   650   0.134342E-01   0.272634E-03
   651   0.133520E-01   0.271379E-03
   652   0.132703E-01   0.270129E-03
   653   0.131891E-01   0.268884E-03
   654   0.131084E-01   0.267644E-03
   655   0.130282E-01   0.266409E-03
   656   0.129485E-01   0.265179E-03
   657   0.128693E-01   0.263954E-03
   658   0.127906E-01   0.262734E-03
   659   0.127123E-01   0.261520E-03
   660   0.126345E-01   0.260310E-03
   661   0.125572E-01   0.259105E-03
   662   0.124804E-01   0.257905E-03
   663   0.124041E-01   0.256711E-03
   664   0.123282E-01   0.255521E-03
   665   0.122527E-01   0.254336E-03
   666   0.121778E-01   0.253156E-03
   667   0.121033E-01   0.251981E-03
   668   0.120292E-01   0.250811E-03
   669   0.119556E-01   0.249646E-03
   670   0.118825E-01   0.248485E-03
   671   0.118098E-01   0.247330E-03
   672   0.117375E-01   0.246179E-03
   673   0.116657E-01   0.245033E-03
   674   0.115943E-01   0.243892E-03
   675   0.115234E-01   0.242756E-03
   676   0.114529E-01   0.241624E-03
   677   0.113828E-01   0.240497E-03
   678   0.113132E-01   0.239375E-03
   679   0.112440E-01   0.238258E-03
   680   0.111752E-01   0.237145E-03
   681   0.111068E-01   0.236037E-03
   682   0.110389E-01   0.234934E-03
   683   0.109713E-01   0.233835E-03
   684   0.109042E-01   0.232741E-03
   685   0.108375E-01   0.231652E-03
   686   0.107712E-01   0.230567E-03
   687   0.107053E-01   0.229487E-03
   688   0.106398E-01   0.228411E-03
   689   0.105747E-01   0.227340E-03
   690   0.105100E-01   0.226273E-03
   691   0.104457E-01   0.225211E-03
   692   0.103818E-01   0.224154E-03
   693   0.103183E-01   0.223101E-03
   694   0.102551E-01   0.222052E-03
   695   0.101924E-01   0.221008E-03
   696   0.101300E-01   0.219969E-03
   697   0.100681E-01   0.218934E-03
   698   0.100065E-01   0.217903E-03
   699   0.994523E-02   0.216877E-03
   700   0.988439E-02   0.215855E-03
   701   0.982391E-02   0.214837E-03
   702   0.976381E-02   0.213824E-03
   703   0.970407E-02   0.212815E-03
   704   0.964470E-02   0.211811E-03
   705   0.958569E-02   0.210811E-03
   706   0.952704E-02   0.209815E-03
   707   0.946876E-02   0.208823E-03
   708   0.941083E-02   0.207836E-03
   709   0.935325E-02   0.206853E-03
   710   0.929602E-02   0.205874E-03
   711   0.923915E-02   0.204899E-03
   712   0.918262E-02   0.203929E-03
   713   0.912644E-02   0.202963E-03
   714   0.907060E-02   0.202001E-03
   715   0.901511E-02   0.201043E-03
   716   0.895995E-02   0.200089E-03
   717   0.890513E-02   0.199140E-03
   718   0.885065E-02   0.198194E-03
   719   0.879650E-02   0.197253E-03
   720   0.874268E-02   0.196316E-03
   721   0.868919E-02   0.195382E-03
   722   0.863603E-02   0.194453E-03
   723   0.858320E-02   0.193528E-03
   724   0.853068E-02   0.192607E-03
   725   0.847849E-02   0.191690E-03
   726   0.842662E-02   0.190777E-03
   727   0.837506E-02   0.189868E-03
   728   0.832382E-02   0.188963E-03
   729   0.827290E-02   0.188062E-03
   730   0.822228E-02   0.187165E-03
   731   0.817197E-02   0.186272E-03
   732   0.812198E-02   0.185382E-03
   733   0.807229E-02   0.184497E-03
   734   0.802290E-02   0.183616E-03
   735   0.797381E-02   0.182738E-03
   736   0.792503E-02   0.181864E-03
   737   0.787654E-02   0.180994E-03
   738   0.782835E-02   0.180128E-03
   739   0.778046E-02   0.179266E-03
   740   0.773285E-02   0.178407E-03
   741   0.768554E-02   0.177553E-03
   742   0.763852E-02   0.176702E-03
   743   0.759179E-02   0.175854E-03
   744   0.754534E-02   0.175011E-03
   745   0.749918E-02   0.174171E-03
   746   0.745329E-02   0.173335E-03
   747   0.740769E-02   0.172503E-03
   748   0.736237E-02   0.171675E-03
   749   0.731733E-02   0.170850E-03
   750   0.727256E-02   0.170028E-03
   751   0.722807E-02   0.169211E-03
   752   0.718384E-02   0.168397E-03
   753   0.713989E-02   0.167586E-03
   754   0.709621E-02   0.166780E-03
   755   0.705279E-02   0.165977E-03
   756   0.700964E-02   0.165177E-03
   757   0.696676E-02   0.164381E-03
   758   0.692413E-02   0.163589E-03
   759   0.688177E-02   0.162800E-03
   760   0.683966E-02   0.162014E-03
   761   0.679782E-02   0.161232E-03
   762   0.675623E-02   0.160454E-03
   763   0.671489E-02   0.159679E-03
   764   0.667381E-02   0.158908E-03
   765   0.663298E-02   0.158140E-03
   766   0.659240E-02   0.157375E-03
   767   0.655206E-02   0.156614E-03
   768   0.651198E-02   0.155856E-03
   769   0.647214E-02   0.155102E-03
   770   0.643254E-02   0.154351E-03
   771   0.639318E-02   0.153603E-03
   772   0.635407E-02   0.152859E-03
   773   0.631519E-02   0.152119E-03
   774   0.627656E-02   0.151381E-03
   775   0.623815E-02   0.150647E-03
   776   0.619999E-02   0.149916E-03
   777   0.616206E-02   0.149188E-03
   778   0.612436E-02   0.148464E-03
   779   0.608689E-02   0.147743E-03
   780   0.604964E-02   0.147026E-03
   781   0.601263E-02   0.146311E-03
   782   0.597585E-02   0.145600E-03
   783   0.593928E-02   0.144892E-03
   784   0.590295E-02   0.144187E-03
   785   0.586683E-02   0.143485E-03
   786   0.583094E-02   0.142787E-03
   787   0.579526E-02   0.142092E-03
   788   0.575981E-02   0.141399E-03
   789   0.572457E-02   0.140710E-03
   790   0.568954E-02   0.140025E-03
   791   0.565473E-02   0.139342E-03
   792   0.562014E-02   0.138662E-03
   793   0.558575E-02   0.137986E-03
   794   0.555158E-02   0.137312E-03
   795   0.551761E-02   0.136642E-03
   796   0.548385E-02   0.135975E-03
   797   0.545030E-02   0.135310E-03
   798   0.541696E-02   0.134649E-03
   799   0.538382E-02   0.133991E-03
   800   0.535088E-02   0.133336E-03
   801   0.531814E-02   0.132684E-03
   802   0.528560E-02   0.132034E-03
   803   0.525326E-02   0.131388E-03
   804   0.522112E-02   0.130745E-03
   805   0.518918E-02   0.130104E-03
   806   0.515743E-02   0.129467E-03
   807   0.512588E-02   0.128833E-03
   808   0.509452E-02   0.128201E-03
   809   0.506335E-02   0.127572E-03
   810   0.503237E-02   0.126947E-03
   811   0.500158E-02   0.126324E-03
   812   0.497098E-02   0.125704E-03
   813   0.494057E-02   0.125086E-03
   814   0.491034E-02   0.124472E-03
   815   0.488030E-02   0.123861E-03
   816   0.485044E-02   0.123252E-03
   817   0.482076E-02   0.122646E-03
   818   0.479127E-02   0.122043E-03
   819   0.476195E-02   0.121443E-03
   820   0.473282E-02   0.120845E-03
   821   0.470386E-02   0.120250E-03
   822   0.467508E-02   0.119658E-03
   823   0.464648E-02   0.119069E-03
   824   0.461805E-02   0.118483E-03
   825   0.458980E-02   0.117899E-03
   826   0.456172E-02   0.117318E-03
   827   0.453381E-02   0.116739E-03
   828   0.450607E-02   0.116163E-03
   829   0.447850E-02   0.115590E-03
   830   0.445110E-02   0.115020E-03
   831   0.442387E-02   0.114452E-03
   832   0.439680E-02   0.113887E-03
   833   0.436990E-02   0.113324E-03
   834   0.434317E-02   0.112765E-03
   835   0.431659E-02   0.112207E-03
   836   0.429018E-02   0.111653E-03
   837   0.426394E-02   0.111100E-03
   838   0.423785E-02   0.110551E-03
   839   0.421192E-02   0.110004E-03
   840   0.418615E-02   0.109459E-03
   841   0.416054E-02   0.108918E-03
   842   0.413509E-02   0.108378E-03
   843   0.410979E-02   0.107841E-03
   844   0.408464E-02   0.107307E-03
   845   0.405965E-02   0.106775E-03
   846   0.403481E-02   0.106246E-03
   847   0.401013E-02   0.105719E-03
   848   0.398559E-02   0.105195E-03
   849   0.396121E-02   0.104673E-03
   850   0.393697E-02   0.104153E-03
   851   0.391289E-02   0.103636E-03
   852   0.388895E-02   0.103121E-03
   853   0.386515E-02   0.102609E-03
   854   0.384151E-02   0.102099E-03
   855   0.381800E-02   0.101592E-03
   856   0.379464E-02   0.101087E-03
   857   0.377143E-02   0.100584E-03
   858   0.374835E-02   0.100084E-03
   859   0.372542E-02   0.995859E-04
   860   0.370263E-02   0.990903E-04
   861   0.367997E-02   0.985970E-04
   862   0.365746E-02   0.981061E-04
   863   0.363508E-02   0.976174E-04
   864   0.361284E-02   0.971311E-04
   865   0.359074E-02   0.966470E-04
   866   0.356877E-02   0.961652E-04
   867   0.354694E-02   0.956858E-04
   868   0.352523E-02   0.952085E-04
   869   0.350367E-02   0.947336E-04
   870   0.348223E-02   0.942608E-04
   871   0.346093E-02   0.937903E-04
   872   0.343975E-02   0.933221E-04
   873   0.341871E-02   0.928560E-04
   874   0.339779E-02   0.923922E-04
   875   0.337700E-02   0.919305E-04
   876   0.335634E-02   0.914711E-04
   877   0.333581E-02   0.910138E-04
   878   0.331540E-02   0.905587E-04
   879   0.329511E-02   0.901057E-04
   880   0.327495E-02   0.896549E-04
   881   0.325492E-02   0.892062E-04
   882   0.323500E-02   0.887597E-04
   883   0.321521E-02   0.883153E-04
   884   0.319554E-02   0.878730E-04
   885   0.317599E-02   0.874328E-04
   886   0.315656E-02   0.869947E-04
   887   0.313724E-02   0.865587E-04
   888   0.311805E-02   0.861247E-04
   889   0.309897E-02   0.856928E-04
   890   0.308001E-02   0.852630E-04
   891   0.306117E-02   0.848352E-04
   892   0.304244E-02   0.844095E-04
   893   0.302383E-02   0.839858E-04
   894   0.300533E-02   0.835641E-04
   895   0.298694E-02   0.831445E-04
   896   0.296866E-02   0.827268E-04
   897   0.295050E-02   0.823112E-04
   898   0.293245E-02   0.818975E-04
   899   0.291451E-02   0.814858E-04
   900   0.289668E-02   0.810760E-04
   901   0.287896E-02   0.806683E-04
   902   0.286134E-02   0.802625E-04
   903   0.284383E-02   0.798586E-04
   904   0.282644E-02   0.794566E-04
   905   0.280914E-02   0.790566E-04
   906   0.279196E-02   0.786585E-04
   907   0.277487E-02   0.782623E-04
   908   0.275790E-02   0.778681E-04
   909   0.274102E-02   0.774757E-04
   910   0.272425E-02   0.770852E-04
   911   0.270759E-02   0.766965E-04
   912   0.269102E-02   0.763098E-04
   913   0.267456E-02   0.759249E-04
   914   0.265819E-02   0.755418E-04
   915   0.264193E-02   0.751606E-04
   916   0.262577E-02   0.747812E-04
   917   0.260970E-02   0.744037E-04
   918   0.259374E-02   0.740279E-04
   919   0.257787E-02   0.736540E-04
   920   0.256209E-02   0.732819E-04
   921   0.254642E-02   0.729115E-04
   922   0.253084E-02   0.725430E-04
   923   0.251536E-02   0.721762E-04
   924   0.249997E-02   0.718112E-04
   925   0.248467E-02   0.714480E-04
   926   0.246947E-02   0.710865E-04
   927   0.245436E-02   0.707268E-04
   928   0.243934E-02   0.703688E-04
   929   0.242442E-02   0.700125E-04
   930   0.240959E-02   0.696580E-04
   931   0.239485E-02   0.693052E-04
   932   0.238019E-02   0.689541E-04
   933   0.236563E-02   0.686047E-04
   934   0.235116E-02   0.682569E-04
   935   0.233677E-02   0.679109E-04
   936   0.232248E-02   0.675665E-04
   937   0.230827E-02   0.672238E-04
   938   0.229414E-02   0.668828E-04
   939   0.228011E-02   0.665434E-04
   940   0.226616E-02   0.662057E-04
   941   0.225229E-02   0.658696E-04
   942   0.223851E-02   0.655351E-04
   943   0.222482E-02   0.652023E-04
   944   0.221121E-02   0.648711E-04
   945   0.219768E-02   0.645415E-04
   946   0.218423E-02   0.642135E-04
   947   0.217087E-02   0.638871E-04
   948   0.215759E-02   0.635623E-04
   949   0.214439E-02   0.632390E-04
   950   0.213127E-02   0.629174E-04
   951   0.211823E-02   0.625973E-04
   952   0.210527E-02   0.622787E-04
   953   0.209239E-02   0.619617E-04
   954   0.207959E-02   0.616463E-04
   955   0.206686E-02   0.613324E-04
   956   0.205422E-02   0.610200E-04
   957   0.204165E-02   0.607092E-04
   958   0.202916E-02   0.603998E-04
   959   0.201674E-02   0.600920E-04
   960   0.200440E-02   0.597857E-04
   961   0.199214E-02   0.594809E-04
   962   0.197995E-02   0.591776E-04
   963   0.196784E-02   0.588757E-04
   964   0.195580E-02   0.585754E-04
   965   0.194383E-02   0.582765E-04
   966   0.193194E-02   0.579790E-04
   967   0.192012E-02   0.576831E-04
   968   0.190837E-02   0.573885E-04
   969   0.189670E-02   0.570954E-04
   970   0.188509E-02   0.568038E-04
   971   0.187356E-02   0.565136E-04
   972   0.186210E-02   0.562248E-04
   973   0.185070E-02   0.559374E-04
   974   0.183938E-02   0.556514E-04
   975   0.182813E-02   0.553669E-04
   976   0.181694E-02   0.550837E-04
   977   0.180583E-02   0.548019E-04
   978   0.179478E-02   0.545215E-04
   979   0.178380E-02   0.542425E-04
   980   0.177288E-02   0.539649E-04
   981   0.176204E-02   0.536886E-04
   982   0.175126E-02   0.534137E-04
   983   0.174054E-02   0.531401E-04
   984   0.172989E-02   0.528679E-04
   985   0.171931E-02   0.525970E-04
   986   0.170879E-02   0.523274E-04
   987   0.169834E-02   0.520592E-04
   988   0.168795E-02   0.517923E-04
   989   0.167762E-02   0.515267E-04
   990   0.166735E-02   0.512625E-04
   991   0.165715E-02   0.509995E-04
   992   0.164701E-02   0.507378E-04
   993   0.163694E-02   0.504774E-04
   994   0.162692E-02   0.502184E-04
   995   0.161697E-02   0.499605E-04
   996   0.160708E-02   0.497040E-04
   997   0.159724E-02   0.494487E-04
   998   0.158747E-02   0.491947E-04
   999   0.157776E-02   0.489420E-04
  1000   0.156811E-02   0.486904E-04
  1001   0.155851E-02   0.484402E-04
  1002   0.154898E-02   0.481912E-04
  1003   0.153950E-02   0.479434E-04
  1004   0.153008E-02   0.476968E-04
  1005   0.152072E-02   0.474514E-04
  1006   0.151142E-02   0.472073E-04
  1007   0.150217E-02   0.469644E-04
  1008   0.149298E-02   0.467227E-04
  1009   0.148384E-02   0.464822E-04
  1010   0.147477E-02   0.462428E-04
  1011   0.146574E-02   0.460047E-04
  1012   0.145677E-02   0.457677E-04
  1013   0.144786E-02   0.455320E-04
  1014   0.143900E-02   0.452974E-04
  1015   0.143020E-02   0.450639E-04
  1016   0.142145E-02   0.448316E-04
  1017   0.141275E-02   0.446005E-04
  1018   0.140411E-02   0.443705E-04
  1019   0.139552E-02   0.441417E-04
  1020   0.138698E-02   0.439140E-04
  1021   0.137849E-02   0.436874E-04
  1022   0.137006E-02   0.434620E-04
  1023   0.136168E-02   0.432376E-04
  1024   0.135335E-02   0.430144E-04
  1025   0.134507E-02   0.427923E-04
  1026   0.133684E-02   0.425714E-04
  1027   0.132866E-02   0.423515E-04
  1028   0.132053E-02   0.421327E-04
  1029   0.131245E-02   0.419150E-04
  1030   0.130442E-02   0.416984E-04
  1031   0.129644E-02   0.414828E-04
  1032   0.128851E-02   0.412684E-04
  1033   0.128063E-02   0.410550E-04
  1034   0.127279E-02   0.408427E-04
  1035   0.126500E-02   0.406314E-04
  1036   0.125726E-02   0.404212E-04
  1037   0.124957E-02   0.402121E-04
  1038   0.124193E-02   0.400039E-04
  1039   0.123433E-02   0.397969E-04
  1040   0.122678E-02   0.395908E-04
  1041   0.121927E-02   0.393858E-04
  1042   0.121181E-02   0.391818E-04
  1043   0.120440E-02   0.389789E-04
  1044   0.119703E-02   0.387769E-04
  1045   0.118970E-02   0.385760E-04
  1046   0.118243E-02   0.383761E-04
  1047   0.117519E-02   0.381772E-04
  1048   0.116800E-02   0.379792E-04
  1049   0.116086E-02   0.377823E-04
  1050   0.115375E-02   0.375863E-04
  1051   0.114669E-02   0.373914E-04
  1052   0.113968E-02   0.371974E-04
  1053   0.113271E-02   0.370044E-04
  1054   0.112578E-02   0.368123E-04
  1055   0.111889E-02   0.366212E-04
  1056   0.111204E-02   0.364311E-04
  1057   0.110524E-02   0.362419E-04
  1058   0.109848E-02   0.360537E-04
  1059   0.109176E-02   0.358664E-04
  1060   0.108508E-02   0.356801E-04
  1061   0.107844E-02   0.354947E-04
  1062   0.107184E-02   0.353102E-04
  1063   0.106528E-02   0.351267E-04
  1064   0.105876E-02   0.349441E-04
  1065   0.105229E-02   0.347624E-04
  1066   0.104585E-02   0.345816E-04
  1067   0.103945E-02   0.344017E-04
  1068   0.103309E-02   0.342227E-04
  1069   0.102677E-02   0.340447E-04
  1070   0.102049E-02   0.338675E-04
  1071   0.101424E-02   0.336912E-04
  1072   0.100804E-02   0.335158E-04
  1073   0.100187E-02   0.333413E-04
  1074   0.995742E-03   0.331677E-04
  1075   0.989650E-03   0.329950E-04
  1076   0.983595E-03   0.328231E-04
  1077   0.977578E-03   0.326521E-04
  1078   0.971597E-03   0.324819E-04
  1079   0.965652E-03   0.323126E-04
  1080   0.959744E-03   0.321442E-04
  1081   0.953872E-03   0.319766E-04
  1082   0.948036E-03   0.318099E-04
  1083   0.942236E-03   0.316440E-04
  1084   0.936471E-03   0.314789E-04
  1085   0.930742E-03   0.313147E-04
  1086   0.925047E-03   0.311513E-04
  1087   0.919388E-03   0.309888E-04
  1088   0.913763E-03   0.308270E-04
  1089   0.908172E-03   0.306661E-04
  1090   0.902616E-03   0.305060E-04
  1091   0.897094E-03   0.303467E-04
  1092   0.891605E-03   0.301882E-04
  1093   0.886150E-03   0.300305E-04
  1094   0.880728E-03   0.298736E-04
  1095   0.875340E-03   0.297175E-04
  1096   0.869985E-03   0.295622E-04
  1097   0.864662E-03   0.294077E-04
  1098   0.859372E-03   0.292539E-04
  1099   0.854114E-03   0.291010E-04
  1100   0.848888E-03   0.289488E-04
  1101   0.843695E-03   0.287974E-04
  1102   0.838533E-03   0.286467E-04
  1103   0.833403E-03   0.284969E-04
  1104   0.828304E-03   0.283478E-04
  1105   0.823236E-03   0.281994E-04
  1106   0.818199E-03   0.280518E-04
  1107   0.813193E-03   0.279049E-04
  1108   0.808218E-03   0.277588E-04
  1109   0.803273E-03   0.276135E-04
  1110   0.798359E-03   0.274688E-04
  1111   0.793474E-03   0.273249E-04
  1112   0.788620E-03   0.271818E-04
  1113   0.783795E-03   0.270393E-04
  1114   0.778999E-03   0.268976E-04
  1115   0.774233E-03   0.267567E-04
  1116   0.769496E-03   0.266164E-04
  1117   0.764788E-03   0.264768E-04
  1118   0.760109E-03   0.263380E-04
  1119   0.755459E-03   0.261998E-04
  1120   0.750837E-03   0.260624E-04
  1121   0.746243E-03   0.259257E-04
  1122   0.741678E-03   0.257896E-04
  1123   0.737140E-03   0.256543E-04
  1124   0.732630E-03   0.255197E-04
  1125   0.728147E-03   0.253857E-04
  1126   0.723693E-03   0.252524E-04
  1127   0.719265E-03   0.251198E-04
  1128   0.714864E-03   0.249879E-04
  1129   0.710491E-03   0.248566E-04
  1130   0.706144E-03   0.247260E-04
  1131   0.701823E-03   0.245961E-04
  1132   0.697530E-03   0.244669E-04
  1133   0.693262E-03   0.243383E-04
  1134   0.689020E-03   0.242103E-04
  1135   0.684805E-03   0.240831E-04
  1136   0.680615E-03   0.239564E-04
  1137   0.676451E-03   0.238304E-04
  1138   0.672312E-03   0.237051E-04
  1139   0.668199E-03   0.235804E-04
  1140   0.664111E-03   0.234563E-04
  1141   0.660048E-03   0.233329E-04
  1142   0.656010E-03   0.232101E-04
  1143   0.651996E-03   0.230880E-04
  1144   0.648007E-03   0.229664E-04
  1145   0.644042E-03   0.228455E-04
  1146   0.640102E-03   0.227252E-04
  1147   0.636186E-03   0.226055E-04
  1148   0.632293E-03   0.224865E-04
  1149   0.628425E-03   0.223680E-04
  1150   0.624580E-03   0.222501E-04
  1151   0.620759E-03   0.221329E-04
  1152   0.616961E-03   0.220162E-04
  1153   0.613186E-03   0.219002E-04
  1154   0.609435E-03   0.217847E-04
  1155   0.605706E-03   0.216699E-04
  1156   0.602000E-03   0.215556E-04
  1157   0.598317E-03   0.214419E-04
  1158   0.594657E-03   0.213288E-04
  1159   0.591018E-03   0.212163E-04
  1160   0.587402E-03   0.211044E-04
  1161   0.583809E-03   0.209930E-04
  1162   0.580237E-03   0.208822E-04
  1163   0.576687E-03   0.207720E-04
  1164   0.573158E-03   0.206623E-04
  1165   0.569652E-03   0.205532E-04
  1166   0.566167E-03   0.204447E-04
  1167   0.562703E-03   0.203367E-04
  1168   0.559260E-03   0.202293E-04
  1169   0.555838E-03   0.201224E-04
  1170   0.552438E-03   0.200161E-04
  1171   0.549058E-03   0.199103E-04
  1172   0.545698E-03   0.198051E-04
  1173   0.542360E-03   0.197004E-04
  1174   0.539042E-03   0.195963E-04
  1175   0.535744E-03   0.194927E-04
  1176   0.532466E-03   0.193896E-04
  1177   0.529208E-03   0.192871E-04
  1178   0.525970E-03   0.191850E-04
  1179   0.522752E-03   0.190835E-04
  1180   0.519554E-03   0.189826E-04
  1181   0.516375E-03   0.188821E-04
  1182   0.513216E-03   0.187822E-04
  1183   0.510076E-03   0.186828E-04
  1184   0.506955E-03   0.185839E-04
  1185   0.503854E-03   0.184855E-04
  1186   0.500771E-03   0.183876E-04
  1187   0.497707E-03   0.182902E-04
  1188   0.494662E-03   0.181934E-04
  1189   0.491636E-03   0.180970E-04
  1190   0.488628E-03   0.180011E-04
  1191   0.485638E-03   0.179057E-04
  1192   0.482667E-03   0.178109E-04
  1193   0.479714E-03   0.177165E-04
  1194   0.476779E-03   0.176226E-04
  1195   0.473862E-03   0.175291E-04
  1196   0.470963E-03   0.174362E-04
  1197   0.468082E-03   0.173437E-04
  1198   0.465218E-03   0.172517E-04
  1199   0.462371E-03   0.171602E-04
  1200   0.459543E-03   0.170692E-04
  1201   0.456731E-03   0.169786E-04
  1202   0.453937E-03   0.168886E-04
  1203   0.451159E-03   0.167989E-04
  1204   0.448399E-03   0.167098E-04
  1205   0.445656E-03   0.166211E-04
  1206   0.442929E-03   0.165328E-04
  1207   0.440219E-03   0.164450E-04
  1208   0.437526E-03   0.163577E-04
  1209   0.434849E-03   0.162708E-04
  1210   0.432189E-03   0.161844E-04
  1211   0.429544E-03   0.160984E-04
  1212   0.426916E-03   0.160129E-04
  1213   0.424304E-03   0.159278E-04
  1214   0.421708E-03   0.158432E-04
  1215   0.419128E-03   0.157590E-04
  1216   0.416564E-03   0.156752E-04
  1217   0.414015E-03   0.155919E-04
  1218   0.411482E-03   0.155090E-04
  1219   0.408965E-03   0.154265E-04
  1220   0.406463E-03   0.153444E-04
  1221   0.403976E-03   0.152628E-04
  1222   0.401504E-03   0.151816E-04
  1223   0.399048E-03   0.151009E-04
  1224   0.396606E-03   0.150205E-04
  1225   0.394180E-03   0.149406E-04
  1226   0.391768E-03   0.148610E-04
  1227   0.389371E-03   0.147819E-04
  1228   0.386989E-03   0.147032E-04
  1229   0.384622E-03   0.146250E-04
  1230   0.382268E-03   0.145471E-04
  1231   0.379930E-03   0.144696E-04
  1232   0.377605E-03   0.143925E-04
  1233   0.375295E-03   0.143159E-04
  1234   0.372999E-03   0.142396E-04
  1235   0.370717E-03   0.141637E-04
  1236   0.368449E-03   0.140882E-04
  1237   0.366194E-03   0.140132E-04
  1238   0.363954E-03   0.139385E-04
  1239   0.361727E-03   0.138642E-04
  1240   0.359514E-03   0.137902E-04
  1241   0.357314E-03   0.137167E-04
  1242   0.355128E-03   0.136436E-04
  1243   0.352956E-03   0.135708E-04
  1244   0.350796E-03   0.134984E-04
  1245   0.348650E-03   0.134264E-04
  1246   0.346517E-03   0.133548E-04
  1247   0.344397E-03   0.132835E-04
  1248   0.342290E-03   0.132126E-04
  1249   0.340196E-03   0.131421E-04
  1250   0.338114E-03   0.130719E-04
  1251   0.336046E-03   0.130021E-04
  1252   0.333990E-03   0.129327E-04
  1253   0.331946E-03   0.128637E-04
  1254   0.329915E-03   0.127950E-04
  1255   0.327897E-03   0.127266E-04
  1256   0.325891E-03   0.126586E-04
  1257   0.323897E-03   0.125910E-04
  1258   0.321915E-03   0.125237E-04
  1259   0.319946E-03   0.124568E-04
  1260   0.317988E-03   0.123902E-04
  1261   0.316043E-03   0.123240E-04
  1262   0.314109E-03   0.122581E-04
  1263   0.312187E-03   0.121926E-04
  1264   0.310277E-03   0.121274E-04
  1265   0.308379E-03   0.120626E-04
  1266   0.306492E-03   0.119980E-04
  1267   0.304617E-03   0.119339E-04
  1268   0.302753E-03   0.118700E-04
  1269   0.300901E-03   0.118065E-04
  1270   0.299060E-03   0.117434E-04
  1271   0.297230E-03   0.116805E-04
  1272   0.295412E-03   0.116180E-04
  1273   0.293604E-03   0.115558E-04
  1274   0.291808E-03   0.114940E-04
  1275   0.290023E-03   0.114324E-04
  1276   0.288248E-03   0.113712E-04
  1277   0.286485E-03   0.113103E-04
  1278   0.284732E-03   0.112498E-04
  1279   0.282990E-03   0.111895E-04
  1280   0.281259E-03   0.111296E-04
  1281   0.279538E-03   0.110699E-04
  1282   0.277828E-03   0.110106E-04
  1283   0.276128E-03   0.109516E-04
  1284   0.274438E-03   0.108929E-04
  1285   0.272759E-03   0.108345E-04
  1286   0.271091E-03   0.107765E-04
  1287   0.269432E-03   0.107187E-04
  1288   0.267784E-03   0.106612E-04
  1289   0.266145E-03   0.106041E-04
  1290   0.264517E-03   0.105472E-04
  1291   0.262899E-03   0.104906E-04
  1292   0.261290E-03   0.104344E-04
  1293   0.259691E-03   0.103784E-04
  1294   0.258103E-03   0.103227E-04
  1295   0.256524E-03   0.102673E-04
  1296   0.254954E-03   0.102122E-04
  1297   0.253394E-03   0.101574E-04
  1298   0.251844E-03   0.101029E-04
  1299   0.250303E-03   0.100487E-04
  1300   0.248772E-03   0.999471E-05
  1301   0.247250E-03   0.994105E-05
  1302   0.245737E-03   0.988767E-05
  1303   0.244234E-03   0.983457E-05
  1304   0.242739E-03   0.978175E-05
  1305   0.241254E-03   0.972920E-05
  1306   0.239778E-03   0.967694E-05
  1307   0.238311E-03   0.962494E-05
  1308   0.236853E-03   0.957323E-05
  1309   0.235404E-03   0.952178E-05
  1310   0.233964E-03   0.947061E-05
  1311   0.232532E-03   0.941970E-05
  1312   0.231110E-03   0.936906E-05
  1313   0.229696E-03   0.931869E-05
  1314   0.228290E-03   0.926859E-05
  1315   0.226894E-03   0.921875E-05
  1316   0.225505E-03   0.916917E-05
  1317   0.224126E-03   0.911985E-05
  1318   0.222755E-03   0.907080E-05
  1319   0.221392E-03   0.902200E-05
  1320   0.220037E-03   0.897346E-05
  1321   0.218691E-03   0.892517E-05
  1322   0.217353E-03   0.887715E-05
  1323   0.216023E-03   0.882937E-05
  1324   0.214701E-03   0.878184E-05
  1325   0.213388E-03   0.873457E-05
  1326   0.212082E-03   0.868755E-05
  1327   0.210785E-03   0.864077E-05
  1328   0.209495E-03   0.859424E-05
  1329   0.208213E-03   0.854796E-05
  1330   0.206940E-03   0.850192E-05
  1331   0.205673E-03   0.845613E-05
  1332   0.204415E-03   0.841057E-05
  1333   0.203164E-03   0.836526E-05
  1334   0.201921E-03   0.832019E-05
  1335   0.200686E-03   0.827535E-05
  1336   0.199458E-03   0.823075E-05
  1337   0.198238E-03   0.818639E-05
  1338   0.197025E-03   0.814226E-05
  1339   0.195820E-03   0.809837E-05
  1340   0.194622E-03   0.805471E-05
  1341   0.193431E-03   0.801128E-05
  1342   0.192247E-03   0.796807E-05
  1343   0.191071E-03   0.792510E-05
  1344   0.189902E-03   0.788236E-05
  1345   0.188740E-03   0.783984E-05
  1346   0.187586E-03   0.779754E-05
  1347   0.186438E-03   0.775547E-05
  1348   0.185297E-03   0.771362E-05
  1349   0.184164E-03   0.767200E-05
  1350   0.183037E-03   0.763059E-05
  1351   0.181917E-03   0.758941E-05
  1352   0.180804E-03   0.754844E-05
  1353   0.179698E-03   0.750769E-05
  1354   0.178598E-03   0.746715E-05
  1355   0.177506E-03   0.742683E-05
  1356   0.176420E-03   0.738672E-05
  1357   0.175340E-03   0.734683E-05
  1358   0.174268E-03   0.730715E-05
  1359   0.173201E-03   0.726768E-05
  1360   0.172142E-03   0.722841E-05
  1361   0.171089E-03   0.718936E-05
  1362   0.170042E-03   0.715051E-05
  1363   0.169001E-03   0.711187E-05
  1364   0.167967E-03   0.707343E-05
  1365   0.166940E-03   0.703520E-05
  1366   0.165918E-03   0.699717E-05
  1367   0.164903E-03   0.695934E-05
  1368   0.163894E-03   0.692172E-05
  1369   0.162892E-03   0.688429E-05
  1370   0.161895E-03   0.684706E-05
  1371   0.160905E-03   0.681003E-05
  1372   0.159920E-03   0.677319E-05
  1373   0.158942E-03   0.673656E-05
  1374   0.157969E-03   0.670011E-05
  1375   0.157003E-03   0.666386E-05
  1376   0.156042E-03   0.662780E-05
  1377   0.155088E-03   0.659194E-05
  1378   0.154139E-03   0.655626E-05
  1379   0.153196E-03   0.652078E-05
  1380   0.152258E-03   0.648548E-05
  1381   0.151327E-03   0.645037E-05
  1382   0.150401E-03   0.641545E-05
  1383   0.149481E-03   0.638071E-05
  1384   0.148566E-03   0.634616E-05
  1385   0.147657E-03   0.631179E-05
  1386   0.146754E-03   0.627761E-05
  1387   0.145856E-03   0.624360E-05
  1388   0.144964E-03   0.620978E-05
  1389   0.144077E-03   0.617614E-05
  1390   0.143195E-03   0.614267E-05
  1391   0.142319E-03   0.610939E-05
  1392   0.141448E-03   0.607628E-05
  1393   0.140583E-03   0.604335E-05
  1394   0.139723E-03   0.601059E-05
  1395   0.138868E-03   0.597801E-05
  1396   0.138018E-03   0.594560E-05
  1397   0.137174E-03   0.591336E-05
  1398   0.136335E-03   0.588130E-05
  1399   0.135501E-03   0.584941E-05
  1400   0.134672E-03   0.581768E-05
  1401   0.133848E-03   0.578613E-05
  1402   0.133029E-03   0.575474E-05
  1403   0.132215E-03   0.572353E-05
  1404   0.131406E-03   0.569247E-05
  1405   0.130602E-03   0.566159E-05
  1406   0.129803E-03   0.563087E-05
  1407   0.129009E-03   0.560031E-05
  1408   0.128220E-03   0.556991E-05
  1409   0.127435E-03   0.553968E-05
  1410   0.126655E-03   0.550961E-05
  1411   0.125881E-03   0.547970E-05
  1412   0.125110E-03   0.544995E-05
  1413   0.124345E-03   0.542035E-05
  1414   0.123584E-03   0.539092E-05
  1415   0.122828E-03   0.536164E-05
  1416   0.122077E-03   0.533252E-05
  1417   0.121330E-03   0.530356E-05
  1418   0.120587E-03   0.527475E-05
  1419   0.119850E-03   0.524609E-05
  1420   0.119116E-03   0.521758E-05
  1421   0.118388E-03   0.518923E-05
  1422   0.117663E-03   0.516103E-05
  1423   0.116943E-03   0.513298E-05
  1424   0.116228E-03   0.510508E-05
  1425   0.115517E-03   0.507733E-05
  1426   0.114810E-03   0.504973E-05
  1427   0.114108E-03   0.502228E-05
  1428   0.113409E-03   0.499497E-05
  1429   0.112716E-03   0.496781E-05
  1430   0.112026E-03   0.494079E-05
  1431   0.111341E-03   0.491392E-05
  1432   0.110659E-03   0.488719E-05
  1433   0.109982E-03   0.486061E-05
  1434   0.109309E-03   0.483417E-05
  1435   0.108641E-03   0.480787E-05
  1436   0.107976E-03   0.478171E-05
  1437   0.107315E-03   0.475569E-05
  1438   0.106659E-03   0.472980E-05
  1439   0.106006E-03   0.470406E-05
  1440   0.105358E-03   0.467846E-05
  1441   0.104713E-03   0.465299E-05
  1442   0.104072E-03   0.462766E-05
  1443   0.103436E-03   0.460246E-05
  1444   0.102803E-03   0.457740E-05
  1445   0.102174E-03   0.455248E-05
  1446   0.101549E-03   0.452769E-05
  1447   0.100928E-03   0.450303E-05
  1448   0.100310E-03   0.447850E-05
  1449   0.996963E-04   0.445410E-05
  1450   0.990863E-04   0.442984E-05
  1451   0.984801E-04   0.440570E-05
  1452   0.978776E-04   0.438170E-05
  1453   0.972788E-04   0.435782E-05
  1454   0.966836E-04   0.433407E-05
  1455   0.960921E-04   0.431045E-05
  1456   0.955042E-04   0.428695E-05
  1457   0.949199E-04   0.426359E-05
  1458   0.943391E-04   0.424034E-05
  1459   0.937619E-04   0.421722E-05
  1460   0.931883E-04   0.419423E-05
  1461   0.926181E-04   0.417136E-05
  1462   0.920515E-04   0.414861E-05
  1463   0.914883E-04   0.412598E-05
  1464   0.909286E-04   0.410348E-05
  1465   0.903722E-04   0.408110E-05
  1466   0.898193E-04   0.405883E-05
  1467   0.892698E-04   0.403669E-05
  1468   0.887236E-04   0.401466E-05
  1469   0.881808E-04   0.399276E-05
  1470   0.876413E-04   0.397097E-05
  1471   0.871051E-04   0.394929E-05
  1472   0.865722E-04   0.392774E-05
  1473   0.860425E-04   0.390630E-05
  1474   0.855161E-04   0.388497E-05
  1475   0.849929E-04   0.386377E-05
  1476   0.844729E-04   0.384267E-05
  1477   0.839561E-04   0.382169E-05
  1478   0.834424E-04   0.380082E-05
  1479   0.829319E-04   0.378006E-05
  1480   0.824245E-04   0.375941E-05
  1481   0.819202E-04   0.373888E-05
  1482   0.814190E-04   0.371846E-05
  1483   0.809209E-04   0.369814E-05
  1484   0.804258E-04   0.367794E-05
  1485   0.799337E-04   0.365784E-05
  1486   0.794447E-04   0.363785E-05
  1487   0.789586E-04   0.361797E-05
  1488   0.784756E-04   0.359820E-05
  1489   0.779954E-04   0.357853E-05
  1490   0.775182E-04   0.355897E-05
  1491   0.770440E-04   0.353951E-05
  1492   0.765726E-04   0.352016E-05
  1493   0.761041E-04   0.350092E-05
  1494   0.756385E-04   0.348177E-05
  1495   0.751757E-04   0.346273E-05
  1496   0.747158E-04   0.344380E-05
  1497   0.742587E-04   0.342496E-05
  1498   0.738043E-04   0.340623E-05
  1499   0.733528E-04   0.338759E-05
  1500   0.729040E-04   0.336906E-05
  1501   0.724580E-04   0.335063E-05
  1502   0.720147E-04   0.333229E-05
  1503   0.715741E-04   0.331406E-05
  1504   0.711362E-04   0.329592E-05
  1505   0.707009E-04   0.327789E-05
  1506   0.702684E-04   0.325995E-05
  1507   0.698385E-04   0.324210E-05
  1508   0.694112E-04   0.322435E-05
  1509   0.689865E-04   0.320670E-05
  1510   0.685644E-04   0.318914E-05
  1511   0.681450E-04   0.317168E-05
  1512   0.677280E-04   0.315431E-05
  1513   0.673137E-04   0.313704E-05
  1514   0.669018E-04   0.311986E-05
  1515   0.664925E-04   0.310277E-05
  1516   0.660857E-04   0.308577E-05
  1517   0.656814E-04   0.306887E-05
  1518   0.652795E-04   0.305206E-05
  1519   0.648801E-04   0.303533E-05
  1520   0.644832E-04   0.301870E-05
  1521   0.640887E-04   0.300216E-05
  1522   0.636966E-04   0.298571E-05
  1523   0.633069E-04   0.296934E-05
  1524   0.629195E-04   0.295307E-05
  1525   0.625346E-04   0.293688E-05
  1526   0.621520E-04   0.292078E-05
  1527   0.617717E-04   0.290477E-05
  1528   0.613938E-04   0.288884E-05
  1529   0.610182E-04   0.287300E-05
  1530   0.606449E-04   0.285725E-05
  1531   0.602738E-04   0.284158E-05
  1532   0.599051E-04   0.282599E-05
  1533   0.595385E-04   0.281049E-05
  1534   0.591743E-04   0.279508E-05
  1535   0.588122E-04   0.277974E-05
  1536   0.584524E-04   0.276449E-05
  1537   0.580948E-04   0.274932E-05
  1538   0.577394E-04   0.273424E-05
  1539   0.573861E-04   0.271923E-05
  1540   0.570350E-04   0.270431E-05
  1541   0.566861E-04   0.268947E-05
  1542   0.563392E-04   0.267471E-05
  1543   0.559945E-04   0.266002E-05
  1544   0.556520E-04   0.264542E-05
  1545   0.553115E-04   0.263090E-05
  1546   0.549731E-04   0.261645E-05
  1547   0.546367E-04   0.260209E-05
  1548   0.543025E-04   0.258780E-05
  1549   0.539702E-04   0.257359E-05
  1550   0.536400E-04   0.255945E-05
  1551   0.533119E-04   0.254540E-05
  1552   0.529857E-04   0.253141E-05
  1553   0.526615E-04   0.251751E-05
  1554   0.523393E-04   0.250368E-05
  1555   0.520191E-04   0.248992E-05
  1556   0.517008E-04   0.247624E-05
  1557   0.513845E-04   0.246263E-05
  1558   0.510701E-04   0.244910E-05
  1559   0.507577E-04   0.243564E-05
  1560   0.504471E-04   0.242225E-05
  1561   0.501385E-04   0.240894E-05
  1562   0.498317E-04   0.239570E-05
  1563   0.495269E-04   0.238253E-05
  1564   0.492238E-04   0.236943E-05
  1565   0.489227E-04   0.235640E-05
  1566   0.486234E-04   0.234344E-05
  1567   0.483259E-04   0.233056E-05
  1568   0.480302E-04   0.231774E-05
  1569   0.477364E-04   0.230499E-05
  1570   0.474443E-04   0.229232E-05
  1571   0.471540E-04   0.227971E-05
  1572   0.468655E-04   0.226716E-05
  1573   0.465788E-04   0.225469E-05
  1574   0.462938E-04   0.224229E-05
  1575   0.460106E-04   0.222995E-05
  1576   0.457291E-04   0.221768E-05
  1577   0.454493E-04   0.220547E-05
  1578   0.451712E-04   0.219334E-05
  1579   0.448949E-04   0.218126E-05
  1580   0.446202E-04   0.216926E-05
  1581   0.443472E-04   0.215732E-05
  1582   0.440759E-04   0.214544E-05
  1583   0.438062E-04   0.213363E-05
  1584   0.435382E-04   0.212188E-05
  1585   0.432718E-04   0.211020E-05
  1586   0.430071E-04   0.209858E-05
  1587   0.427440E-04   0.208702E-05
  1588   0.424825E-04   0.207553E-05
  1589   0.422225E-04   0.206410E-05
  1590   0.419642E-04   0.205273E-05
  1591   0.417075E-04   0.204142E-05
  1592   0.414523E-04   0.203017E-05
  1593   0.411987E-04   0.201899E-05
  1594   0.409466E-04   0.200786E-05
  1595   0.406961E-04   0.199680E-05
  1596   0.404471E-04   0.198580E-05
  1597   0.401997E-04   0.197485E-05
  1598   0.399537E-04   0.196397E-05
  1599   0.397093E-04   0.195314E-05
  1600   0.394663E-04   0.194238E-05
  1601   0.392249E-04   0.193167E-05
  1602   0.389849E-04   0.192102E-05
  1603   0.387464E-04   0.191043E-05
  1604   0.385093E-04   0.189990E-05
  1605   0.382737E-04   0.188942E-05
  1606   0.380395E-04   0.187900E-05
  1607   0.378068E-04   0.186864E-05
  1608   0.375755E-04   0.185833E-05
  1609   0.373456E-04   0.184808E-05
  1610   0.371171E-04   0.183789E-05
  1611   0.368900E-04   0.182775E-05
  1612   0.366643E-04   0.181767E-05
  1613   0.364400E-04   0.180764E-05
  1614   0.362171E-04   0.179766E-05
  1615   0.359955E-04   0.178774E-05
  1616   0.357752E-04   0.177788E-05
  1617   0.355564E-04   0.176807E-05
  1618   0.353388E-04   0.175831E-05
  1619   0.351226E-04   0.174860E-05
  1620   0.349077E-04   0.173895E-05
  1621   0.346942E-04   0.172935E-05
  1622   0.344819E-04   0.171981E-05
  1623   0.342709E-04   0.171031E-05
  1624   0.340613E-04   0.170087E-05
  1625   0.338529E-04   0.169148E-05
  1626   0.336457E-04   0.168214E-05
  1627   0.334399E-04   0.167285E-05
  1628   0.332353E-04   0.166361E-05
  1629   0.330320E-04   0.165442E-05
  1630   0.328299E-04   0.164528E-05
  1631   0.326290E-04   0.163619E-05
  1632   0.324294E-04   0.162715E-05
  1633   0.322310E-04   0.161816E-05
  1634   0.320338E-04   0.160922E-05
  1635   0.318378E-04   0.160033E-05
  1636   0.316430E-04   0.159149E-05
  1637   0.314494E-04   0.158269E-05
  1638   0.312570E-04   0.157395E-05
  1639   0.310658E-04   0.156525E-05
  1640   0.308757E-04   0.155660E-05
  1641   0.306868E-04   0.154799E-05
  1642   0.304990E-04   0.153943E-05
  1643   0.303124E-04   0.153092E-05
  1644   0.301270E-04   0.152246E-05
  1645   0.299427E-04   0.151404E-05
  1646   0.297595E-04   0.150567E-05
  1647   0.295774E-04   0.149734E-05
  1648   0.293964E-04   0.148906E-05
  1649   0.292166E-04   0.148083E-05
  1650   0.290378E-04   0.147264E-05
  1651   0.288602E-04   0.146449E-05
  1652   0.286836E-04   0.145639E-05
  1653   0.285081E-04   0.144833E-05
  1654   0.283337E-04   0.144032E-05
  1655   0.281603E-04   0.143235E-05
  1656   0.279881E-04   0.142443E-05
  1657   0.278168E-04   0.141654E-05
  1658   0.276466E-04   0.140870E-05
  1659   0.274775E-04   0.140091E-05
  1660   0.273094E-04   0.139315E-05
  1661   0.271423E-04   0.138544E-05
  1662   0.269762E-04   0.137777E-05
  1663   0.268112E-04   0.137015E-05
  1664   0.266472E-04   0.136256E-05
  1665   0.264841E-04   0.135502E-05
  1666   0.263221E-04   0.134752E-05
  1667   0.261610E-04   0.134005E-05
  1668   0.260010E-04   0.133263E-05
  1669   0.258419E-04   0.132525E-05
  1670   0.256838E-04   0.131791E-05
  1671   0.255267E-04   0.131062E-05
  1672   0.253705E-04   0.130336E-05
  1673   0.252153E-04   0.129614E-05
  1674   0.250610E-04   0.128896E-05
  1675   0.249077E-04   0.128182E-05
  1676   0.247553E-04   0.127471E-05
  1677   0.246038E-04   0.126765E-05
  1678   0.244533E-04   0.126063E-05
  1679   0.243037E-04   0.125364E-05
  1680   0.241550E-04   0.124669E-05
  1681   0.240072E-04   0.123978E-05
  1682   0.238603E-04   0.123291E-05
  1683   0.237143E-04   0.122608E-05
  1684   0.235693E-04   0.121928E-05
  1685   0.234251E-04   0.121252E-05
  1686   0.232817E-04   0.120580E-05
  1687   0.231393E-04   0.119912E-05
  1688   0.229977E-04   0.119247E-05
  1689   0.228570E-04   0.118586E-05
  1690   0.227172E-04   0.117928E-05
  1691   0.225782E-04   0.117274E-05
  1692   0.224401E-04   0.116624E-05
  1693   0.223028E-04   0.115977E-05
  1694   0.221663E-04   0.115333E-05
  1695   0.220307E-04   0.114694E-05
  1696   0.218959E-04   0.114057E-05
  1697   0.217619E-04   0.113425E-05
  1698   0.216288E-04   0.112795E-05
  1699   0.214965E-04   0.112170E-05
  1700   0.213649E-04   0.111547E-05
  1701   0.212342E-04   0.110928E-05
  1702   0.211043E-04   0.110313E-05
  1703   0.209752E-04   0.109700E-05
  1704   0.208469E-04   0.109092E-05
  1705   0.207193E-04   0.108486E-05
  1706   0.205926E-04   0.107884E-05
  1707   0.204666E-04   0.107285E-05
  1708   0.203414E-04   0.106689E-05
  1709   0.202169E-04   0.106097E-05
  1710   0.200932E-04   0.105508E-05
  1711   0.199703E-04   0.104922E-05
  1712   0.198481E-04   0.104340E-05
  1713   0.197267E-04   0.103760E-05
  1714   0.196060E-04   0.103184E-05
  1715   0.194860E-04   0.102611E-05
  1716   0.193668E-04   0.102041E-05
  1717   0.192483E-04   0.101474E-05
  1718   0.191305E-04   0.100910E-05
  1719   0.190135E-04   0.100350E-05
  1720   0.188972E-04   0.997924E-06
  1721   0.187816E-04   0.992379E-06
  1722   0.186667E-04   0.986866E-06
  1723   0.185524E-04   0.981382E-06
  1724   0.184389E-04   0.975929E-06
  1725   0.183261E-04   0.970505E-06
  1726   0.182140E-04   0.965112E-06
  1727   0.181026E-04   0.959748E-06
  1728   0.179918E-04   0.954413E-06
  1729   0.178817E-04   0.949108E-06
  1730   0.177723E-04   0.943832E-06
  1731   0.176636E-04   0.938585E-06
  1732   0.175555E-04   0.933367E-06
  1733   0.174481E-04   0.928178E-06
  1734   0.173414E-04   0.923017E-06
  1735   0.172353E-04   0.917884E-06
  1736   0.171298E-04   0.912780E-06
  1737   0.170250E-04   0.907704E-06
  1738   0.169209E-04   0.902656E-06
  1739   0.168173E-04   0.897635E-06
  1740   0.167144E-04   0.892642E-06
  1741   0.166122E-04   0.887677E-06
  1742   0.165105E-04   0.882739E-06
  1743   0.164095E-04   0.877828E-06
  1744   0.163091E-04   0.872944E-06
  1745   0.162094E-04   0.868087E-06
  1746   0.161102E-04   0.863257E-06
  1747   0.160116E-04   0.858454E-06
  1748   0.159137E-04   0.853677E-06
  1749   0.158163E-04   0.848926E-06
  1750   0.157195E-04   0.844201E-06
  1751   0.156234E-04   0.839503E-06
  1752   0.155278E-04   0.834830E-06
  1753   0.154328E-04   0.830183E-06
  1754   0.153383E-04   0.825561E-06
  1755   0.152445E-04   0.820965E-06
  1756   0.151512E-04   0.816395E-06
  1757   0.150585E-04   0.811849E-06
  1758   0.149664E-04   0.807329E-06
  1759   0.148748E-04   0.802833E-06
  1760   0.147838E-04   0.798363E-06
  1761   0.146934E-04   0.793917E-06
  1762   0.146035E-04   0.789495E-06
  1763   0.145141E-04   0.785098E-06
  1764   0.144253E-04   0.780725E-06
  1765   0.143371E-04   0.776376E-06
  1766   0.142494E-04   0.772051E-06
  1767   0.141622E-04   0.767750E-06
  1768   0.140755E-04   0.763473E-06
  1769   0.139894E-04   0.759219E-06
  1770   0.139038E-04   0.754989E-06
  1771   0.138188E-04   0.750782E-06
  1772   0.137342E-04   0.746598E-06
  1773   0.136502E-04   0.742437E-06
  1774   0.135667E-04   0.738300E-06
  1775   0.134837E-04   0.734185E-06
  1776   0.134012E-04   0.730093E-06
  1777   0.133192E-04   0.726023E-06
  1778   0.132377E-04   0.721976E-06
  1779   0.131567E-04   0.717951E-06
  1780   0.130762E-04   0.713949E-06
  1781   0.129962E-04   0.709968E-06
  1782   0.129167E-04   0.706009E-06
  1783   0.128377E-04   0.702073E-06
  1784   0.127591E-04   0.698158E-06
  1785   0.126811E-04   0.694264E-06
  1786   0.126035E-04   0.690393E-06
  1787   0.125264E-04   0.686542E-06
  1788   0.124497E-04   0.682713E-06
  1789   0.123736E-04   0.678905E-06
  1790   0.122979E-04   0.675118E-06
  1791   0.122226E-04   0.671352E-06
  1792   0.121478E-04   0.667606E-06
  1793   0.120735E-04   0.663882E-06
  1794   0.119996E-04   0.660178E-06
  1795   0.119262E-04   0.656494E-06
  1796   0.118533E-04   0.652831E-06
  1797   0.117807E-04   0.649188E-06
  1798   0.117087E-04   0.645565E-06
  1799   0.116370E-04   0.641962E-06
  1800   0.115658E-04   0.638379E-06
  1801   0.114951E-04   0.634816E-06
  1802   0.114247E-04   0.631273E-06
  1803   0.113548E-04   0.627749E-06
  1804   0.112854E-04   0.624244E-06
  1805   0.112163E-04   0.620759E-06
  1806   0.111477E-04   0.617294E-06
  1807   0.110795E-04   0.613847E-06
  1808   0.110117E-04   0.610419E-06
  1809   0.109443E-04   0.607011E-06
  1810   0.108774E-04   0.603621E-06
  1811   0.108108E-04   0.600250E-06
  1812   0.107447E-04   0.596898E-06
  1813   0.106790E-04   0.593564E-06
  1814   0.106136E-04   0.590249E-06
  1815   0.105487E-04   0.586952E-06
  1816   0.104841E-04   0.583673E-06
  1817   0.104200E-04   0.580412E-06
  1818   0.103563E-04   0.577170E-06
  1819   0.102929E-04   0.573945E-06
  1820   0.102299E-04   0.570738E-06
  1821   0.101673E-04   0.567549E-06
  1822   0.101051E-04   0.564378E-06
  1823   0.100433E-04   0.561224E-06
  1824   0.998185E-05   0.558087E-06
  1825   0.992078E-05   0.554968E-06
  1826   0.986008E-05   0.551867E-06
  1827   0.979976E-05   0.548782E-06
  1828   0.973980E-05   0.545715E-06
  1829   0.968021E-05   0.542664E-06
  1830   0.962099E-05   0.539630E-06
  1831   0.956212E-05   0.536613E-06
  1832   0.950362E-05   0.533613E-06
  1833   0.944548E-05   0.530630E-06
  1834   0.938769E-05   0.527663E-06
  1835   0.933025E-05   0.524712E-06
  1836   0.927317E-05   0.521778E-06
  1837   0.921643E-05   0.518860E-06
  1838   0.916005E-05   0.515958E-06
  1839   0.910400E-05   0.513072E-06
  1840   0.904830E-05   0.510203E-06
  1841   0.899294E-05   0.507349E-06
  1842   0.893792E-05   0.504511E-06
  1843   0.888324E-05   0.501689E-06
  1844   0.882889E-05   0.498882E-06
  1845   0.877487E-05   0.496091E-06
  1846   0.872119E-05   0.493315E-06
  1847   0.866783E-05   0.490555E-06
  1848   0.861480E-05   0.487810E-06
  1849   0.856209E-05   0.485080E-06
  1850   0.850971E-05   0.482366E-06
  1851   0.845764E-05   0.479666E-06
  1852   0.840590E-05   0.476982E-06
  1853   0.835447E-05   0.474312E-06
  1854   0.830336E-05   0.471657E-06
  1855   0.825255E-05   0.469017E-06
  1856   0.820206E-05   0.466391E-06
  1857   0.815188E-05   0.463780E-06
  1858   0.810201E-05   0.461184E-06
  1859   0.805244E-05   0.458602E-06
  1860   0.800317E-05   0.456034E-06
  1861   0.795421E-05   0.453481E-06
  1862   0.790554E-05   0.450941E-06
  1863   0.785718E-05   0.448416E-06
  1864   0.780910E-05   0.445905E-06
  1865   0.776133E-05   0.443407E-06
  1866   0.771384E-05   0.440924E-06
  1867   0.766665E-05   0.438454E-06
  1868   0.761974E-05   0.435998E-06
  1869   0.757312E-05   0.433556E-06
  1870   0.752679E-05   0.431127E-06
  1871   0.748074E-05   0.428712E-06
  1872   0.743497E-05   0.426310E-06
  1873   0.738948E-05   0.423922E-06
  1874   0.734427E-05   0.421547E-06
  1875   0.729934E-05   0.419184E-06
  1876   0.725468E-05   0.416835E-06
  1877   0.721029E-05   0.414500E-06
  1878   0.716618E-05   0.412177E-06
  1879   0.712234E-05   0.409867E-06
  1880   0.707876E-05   0.407569E-06
  1881   0.703545E-05   0.405285E-06
  1882   0.699241E-05   0.403013E-06
  1883   0.694963E-05   0.400754E-06
  1884   0.690711E-05   0.398508E-06
  1885   0.686485E-05   0.396273E-06
  1886   0.682285E-05   0.394052E-06
  1887   0.678111E-05   0.391842E-06
  1888   0.673962E-05   0.389645E-06
  1889   0.669838E-05   0.387461E-06
  1890   0.665740E-05   0.385288E-06
  1891   0.661667E-05   0.383127E-06
  1892   0.657619E-05   0.380979E-06
  1893   0.653595E-05   0.378842E-06
  1894   0.649597E-05   0.376717E-06
  1895   0.645622E-05   0.374604E-06
  1896   0.641672E-05   0.372503E-06
  1897   0.637746E-05   0.370413E-06
  1898   0.633845E-05   0.368335E-06
  1899   0.629967E-05   0.366269E-06
  1900   0.626112E-05   0.364214E-06
  1901   0.622282E-05   0.362171E-06
  1902   0.618474E-05   0.360139E-06
  1903   0.614691E-05   0.358118E-06
  1904   0.610930E-05   0.356108E-06
  1905   0.607192E-05   0.354110E-06
  1906   0.603477E-05   0.352123E-06
  1907   0.599785E-05   0.350146E-06
  1908   0.596115E-05   0.348181E-06
  1909   0.592468E-05   0.346227E-06
  1910   0.588843E-05   0.344284E-06
  1911   0.585241E-05   0.342351E-06
  1912   0.581660E-05   0.340429E-06
  1913   0.578101E-05   0.338518E-06
  1914   0.574565E-05   0.336618E-06
  1915   0.571049E-05   0.334728E-06
  1916   0.567555E-05   0.332848E-06
  1917   0.564083E-05   0.330979E-06
  1918   0.560632E-05   0.329121E-06
  1919   0.557202E-05   0.327273E-06
  1920   0.553793E-05   0.325435E-06
  1921   0.550405E-05   0.323607E-06
  1922   0.547037E-05   0.321790E-06
  1923   0.543690E-05   0.319982E-06
  1924   0.540364E-05   0.318185E-06
  1925   0.537058E-05   0.316398E-06
  1926   0.533772E-05   0.314620E-06
  1927   0.530506E-05   0.312853E-06
  1928   0.527261E-05   0.311095E-06
  1929   0.524035E-05   0.309347E-06
  1930   0.520829E-05   0.307609E-06
  1931   0.517642E-05   0.305881E-06
  1932   0.514475E-05   0.304162E-06
  1933   0.511327E-05   0.302453E-06
  1934   0.508199E-05   0.300753E-06
  1935   0.505090E-05   0.299063E-06
  1936   0.502000E-05   0.297383E-06
  1937   0.498928E-05   0.295711E-06
  1938   0.495876E-05   0.294049E-06
  1939   0.492842E-05   0.292396E-06
  1940   0.489827E-05   0.290753E-06
  1941   0.486830E-05   0.289118E-06
  1942   0.483851E-05   0.287493E-06
  1943   0.480891E-05   0.285877E-06
  1944   0.477949E-05   0.284269E-06
  1945   0.475025E-05   0.282671E-06
  1946   0.472118E-05   0.281082E-06
  1947   0.469230E-05   0.279501E-06
  1948   0.466359E-05   0.277930E-06
  1949   0.463506E-05   0.276367E-06
  1950   0.460670E-05   0.274812E-06
  1951   0.457851E-05   0.273267E-06
  1952   0.455050E-05   0.271730E-06
  1953   0.452266E-05   0.270202E-06
  1954   0.449499E-05   0.268682E-06
  1955   0.446749E-05   0.267170E-06
  1956   0.444016E-05   0.265668E-06
  1957   0.441299E-05   0.264173E-06
  1958   0.438599E-05   0.262687E-06
  1959   0.435916E-05   0.261209E-06
  1960   0.433249E-05   0.259739E-06
  1961   0.430598E-05   0.258278E-06
  1962   0.427964E-05   0.256824E-06
  1963   0.425345E-05   0.255379E-06
  1964   0.422743E-05   0.253942E-06
  1965   0.420157E-05   0.252513E-06
  1966   0.417586E-05   0.251092E-06
  1967   0.415031E-05   0.249679E-06
  1968   0.412492E-05   0.248274E-06
  1969   0.409968E-05   0.246876E-06
  1970   0.407460E-05   0.245486E-06
  1971   0.404967E-05   0.244105E-06
  1972   0.402489E-05   0.242730E-06
  1973   0.400027E-05   0.241364E-06
  1974   0.397579E-05   0.240005E-06
  1975   0.395147E-05   0.238654E-06
  1976   0.392729E-05   0.237310E-06
  1977   0.390327E-05   0.235974E-06
  1978   0.387939E-05   0.234645E-06
  1979   0.385565E-05   0.233324E-06
  1980   0.383206E-05   0.232010E-06
  1981   0.380862E-05   0.230703E-06
  1982   0.378531E-05   0.229404E-06
  1983   0.376216E-05   0.228112E-06
  1984   0.373914E-05   0.226827E-06
  1985   0.371626E-05   0.225549E-06
  1986   0.369352E-05   0.224279E-06
  1987   0.367093E-05   0.223015E-06
  1988   0.364847E-05   0.221759E-06
  1989   0.362615E-05   0.220510E-06
  1990   0.360396E-05   0.219267E-06
  1991   0.358191E-05   0.218032E-06
  1992   0.356000E-05   0.216803E-06
  1993   0.353822E-05   0.215582E-06
  1994   0.351657E-05   0.214367E-06
  1995   0.349505E-05   0.213159E-06
  1996   0.347367E-05   0.211958E-06
  1997   0.345242E-05   0.210763E-06
  1998   0.343129E-05   0.209575E-06
  1999   0.341030E-05   0.208394E-06
  2000   0.338944E-05   0.207219E-06
  2001   0.336870E-05   0.206051E-06
  2002   0.334809E-05   0.204890E-06
  2003   0.332760E-05   0.203735E-06
  2004   0.330725E-05   0.202586E-06
  2005   0.328701E-05   0.201444E-06
  2006   0.326690E-05   0.200308E-06
  2007   0.324691E-05   0.199179E-06
  2008   0.322705E-05   0.198056E-06
  2009   0.320730E-05   0.196939E-06
  2010   0.318768E-05   0.195829E-06
  2011   0.316818E-05   0.194724E-06
  2012   0.314880E-05   0.193626E-06
  2013   0.312953E-05   0.192534E-06
  2014   0.311038E-05   0.191448E-06
  2015   0.309135E-05   0.190369E-06
  2016   0.307244E-05   0.189295E-06
  2017   0.305364E-05   0.188227E-06
  2018   0.303496E-05   0.187165E-06
  2019   0.301639E-05   0.186109E-06
  2020   0.299794E-05   0.185059E-06
  2021   0.297960E-05   0.184015E-06
  2022   0.296137E-05   0.182977E-06
  2023   0.294325E-05   0.181945E-06
  2024   0.292524E-05   0.180918E-06
  2025   0.290734E-05   0.179897E-06
  2026   0.288956E-05   0.178882E-06
  2027   0.287188E-05   0.177873E-06
  2028   0.285431E-05   0.176869E-06
  2029   0.283684E-05   0.175871E-06
  2030   0.281949E-05   0.174878E-06
  2031   0.280224E-05   0.173891E-06
  2032   0.278509E-05   0.172910E-06
  2033   0.276805E-05   0.171934E-06
  2034   0.275112E-05   0.170963E-06
  2035   0.273429E-05   0.169998E-06
  2036   0.271756E-05   0.169038E-06
  2037   0.270093E-05   0.168084E-06
  2038   0.268441E-05   0.167135E-06
  2039   0.266798E-05   0.166191E-06
  2040   0.265166E-05   0.165253E-06
  2041   0.263544E-05   0.164320E-06
  2042   0.261931E-05   0.163392E-06
  2043   0.260329E-05   0.162469E-06
  2044   0.258736E-05   0.161552E-06
  2045   0.257153E-05   0.160640E-06
  2046   0.255580E-05   0.159732E-06
  2047   0.254016E-05   0.158830E-06
  2048   0.252462E-05   0.157933E-06
  2049   0.250917E-05   0.157041E-06
  2050   0.249382E-05   0.156154E-06
  2051   0.247856E-05   0.155272E-06
  2052   0.246340E-05   0.154395E-06
  2053   0.244833E-05   0.153523E-06
  2054   0.243335E-05   0.152655E-06
  2055   0.241846E-05   0.151793E-06
  2056   0.240366E-05   0.150935E-06
  2057   0.238896E-05   0.150082E-06
  2058   0.237434E-05   0.149234E-06
  2059   0.235981E-05   0.148391E-06
  2060   0.234538E-05   0.147552E-06
  2061   0.233103E-05   0.146719E-06
  2062   0.231677E-05   0.145889E-06
  2063   0.230259E-05   0.145065E-06
  2064   0.228850E-05   0.144245E-06
  2065   0.227450E-05   0.143430E-06
  2066   0.226059E-05   0.142619E-06
  2067   0.224676E-05   0.141813E-06
  2068   0.223301E-05   0.141011E-06
  2069   0.221935E-05   0.140214E-06
  2070   0.220577E-05   0.139421E-06
  2071   0.219227E-05   0.138633E-06
  2072   0.217886E-05   0.137849E-06
  2073   0.216553E-05   0.137070E-06
  2074   0.215228E-05   0.136295E-06
  2075   0.213911E-05   0.135524E-06
  2076   0.212603E-05   0.134758E-06
  2077   0.211302E-05   0.133996E-06
  2078   0.210009E-05   0.133238E-06
  2079   0.208724E-05   0.132484E-06
  2080   0.207447E-05   0.131735E-06
  2081   0.206178E-05   0.130990E-06
  2082   0.204917E-05   0.130249E-06
  2083   0.203663E-05   0.129513E-06
  2084   0.202417E-05   0.128780E-06
  2085   0.201178E-05   0.128051E-06
  2086   0.199948E-05   0.127327E-06
  2087   0.198724E-05   0.126607E-06
  2088   0.197508E-05   0.125890E-06
  2089   0.196300E-05   0.125178E-06
  2090   0.195099E-05   0.124470E-06
  2091   0.193905E-05   0.123766E-06
  2092   0.192719E-05   0.123065E-06
  2093   0.191540E-05   0.122369E-06
  2094   0.190368E-05   0.121677E-06
  2095   0.189203E-05   0.120988E-06
  2096   0.188046E-05   0.120303E-06
  2097   0.186895E-05   0.119622E-06
  2098   0.185752E-05   0.118945E-06
  2099   0.184615E-05   0.118272E-06
  2100   0.183486E-05   0.117603E-06
  2101   0.182363E-05   0.116937E-06
  2102   0.181248E-05   0.116275E-06
  2103   0.180139E-05   0.115617E-06
  2104   0.179037E-05   0.114962E-06
  2105   0.177941E-05   0.114312E-06
  2106   0.176853E-05   0.113664E-06
  2107   0.175770E-05   0.113021E-06
  2108   0.174695E-05   0.112381E-06
  2109   0.173626E-05   0.111745E-06
  2110   0.172564E-05   0.111112E-06
  2111   0.171508E-05   0.110483E-06
  2112   0.170459E-05   0.109857E-06
  2113   0.169416E-05   0.109235E-06
  2114   0.168380E-05   0.108616E-06
  2115   0.167349E-05   0.108001E-06
  2116   0.166325E-05   0.107389E-06
  2117   0.165308E-05   0.106781E-06
  2118   0.164296E-05   0.106176E-06
  2119   0.163291E-05   0.105575E-06
  2120   0.162292E-05   0.104977E-06
  2121   0.161299E-05   0.104382E-06
  2122   0.160312E-05   0.103791E-06
  2123   0.159332E-05   0.103203E-06
  2124   0.158357E-05   0.102618E-06
  2125   0.157388E-05   0.102037E-06
  2126   0.156425E-05   0.101459E-06
  2127   0.155468E-05   0.100884E-06
  2128   0.154517E-05   0.100312E-06
  2129   0.153571E-05   0.997436E-07
  2130   0.152632E-05   0.991784E-07
  2131   0.151698E-05   0.986163E-07
  2132   0.150770E-05   0.980575E-07
  2133   0.149848E-05   0.975017E-07
  2134   0.148931E-05   0.969491E-07
  2135   0.148020E-05   0.963996E-07
  2136   0.147114E-05   0.958532E-07
  2137   0.146214E-05   0.953099E-07
  2138   0.145319E-05   0.947696E-07
  2139   0.144430E-05   0.942324E-07
  2140   0.143547E-05   0.936982E-07
  2141   0.142668E-05   0.931670E-07
  2142   0.141795E-05   0.926387E-07
  2143   0.140928E-05   0.921135E-07
  2144   0.140066E-05   0.915912E-07
  2145   0.139209E-05   0.910719E-07
  2146   0.138357E-05   0.905555E-07
  2147   0.137511E-05   0.900420E-07
  2148   0.136669E-05   0.895314E-07
  2149   0.135833E-05   0.890237E-07
  2150   0.135002E-05   0.885188E-07
  2151   0.134176E-05   0.880168E-07
  2152   0.133355E-05   0.875176E-07
  2153   0.132539E-05   0.870212E-07
  2154   0.131728E-05   0.865276E-07
  2155   0.130922E-05   0.860368E-07
  2156   0.130121E-05   0.855488E-07
  2157   0.129325E-05   0.850635E-07
  2158   0.128534E-05   0.845809E-07
  2159   0.127748E-05   0.841011E-07
  2160   0.126966E-05   0.836239E-07
  2161   0.126189E-05   0.831495E-07
  2162   0.125417E-05   0.826777E-07
  2163   0.124650E-05   0.822086E-07
  2164   0.123887E-05   0.817421E-07
  2165   0.123129E-05   0.812783E-07
  2166   0.122376E-05   0.808171E-07
  2167   0.121627E-05   0.803585E-07
  2168   0.120883E-05   0.799024E-07
  2169   0.120144E-05   0.794490E-07
  2170   0.119409E-05   0.789981E-07
  2171   0.118678E-05   0.785497E-07
  2172   0.117952E-05   0.781039E-07
  2173   0.117230E-05   0.776605E-07
  2174   0.116513E-05   0.772197E-07
  2175   0.115800E-05   0.767814E-07
  2176   0.115092E-05   0.763455E-07
  2177   0.114388E-05   0.759121E-07
  2178   0.113688E-05   0.754811E-07
  2179   0.112992E-05   0.750526E-07
  2180   0.112301E-05   0.746265E-07
  2181   0.111614E-05   0.742028E-07
  2182   0.110931E-05   0.737814E-07
  2183   0.110252E-05   0.733625E-07
  2184   0.109578E-05   0.729459E-07
  2185   0.108907E-05   0.725317E-07
  2186   0.108241E-05   0.721198E-07
  2187   0.107579E-05   0.717102E-07
  2188   0.106920E-05   0.713030E-07
  2189   0.106266E-05   0.708980E-07
  2190   0.105616E-05   0.704953E-07
  2191   0.104970E-05   0.700949E-07
  2192   0.104328E-05   0.696968E-07
  2193   0.103689E-05   0.693009E-07
  2194   0.103055E-05   0.689072E-07
  2195   0.102425E-05   0.685158E-07
  2196   0.101798E-05   0.681266E-07
  2197   0.101175E-05   0.677395E-07
  2198   0.100556E-05   0.673547E-07
  2199   0.999409E-06   0.669720E-07
  2200   0.993294E-06   0.665915E-07
  2201   0.987217E-06   0.662131E-07
  2202   0.981177E-06   0.658369E-07
  2203   0.975174E-06   0.654628E-07
  2204   0.969208E-06   0.650908E-07
  2205   0.963278E-06   0.647209E-07
  2206   0.957385E-06   0.643531E-07
  2207   0.951527E-06   0.639874E-07
  2208   0.945706E-06   0.636237E-07
  2209   0.939920E-06   0.632621E-07
  2210   0.934169E-06   0.629025E-07
  2211   0.928454E-06   0.625450E-07
  2212   0.922773E-06   0.621895E-07
  2213   0.917127E-06   0.618360E-07
  2214   0.911516E-06   0.614845E-07
  2215   0.905940E-06   0.611350E-07
  2216   0.900397E-06   0.607874E-07
  2217   0.894888E-06   0.604418E-07
  2218   0.889413E-06   0.600982E-07
  2219   0.883971E-06   0.597565E-07
  2220   0.878563E-06   0.594167E-07
  2221   0.873188E-06   0.590789E-07
  2222   0.867846E-06   0.587430E-07
  2223   0.862536E-06   0.584089E-07
  2224   0.857259E-06   0.580768E-07
  2225   0.852014E-06   0.577465E-07
  2226   0.846801E-06   0.574181E-07
  2227   0.841620E-06   0.570916E-07
  2228   0.836471E-06   0.567668E-07
  2229   0.831353E-06   0.564440E-07
  2230   0.826267E-06   0.561229E-07
  2231   0.821212E-06   0.558037E-07
  2232   0.816188E-06   0.554863E-07
  2233   0.811194E-06   0.551707E-07
  2234   0.806231E-06   0.548568E-07
  2235   0.801298E-06   0.545448E-07
  2236   0.796396E-06   0.542345E-07
  2237   0.791523E-06   0.539259E-07
  2238   0.786681E-06   0.536191E-07
  2239   0.781868E-06   0.533140E-07
  2240   0.777084E-06   0.530107E-07
  2241   0.772330E-06   0.527091E-07
  2242   0.767604E-06   0.524091E-07
  2243   0.762908E-06   0.521109E-07
  2244   0.758241E-06   0.518144E-07
  2245   0.753602E-06   0.515195E-07
  2246   0.748991E-06   0.512263E-07
  2247   0.744408E-06   0.509348E-07
  2248   0.739854E-06   0.506449E-07
  2249   0.735327E-06   0.503566E-07
  2250   0.730829E-06   0.500700E-07
  2251   0.726357E-06   0.497850E-07
  2252   0.721913E-06   0.495016E-07
  2253   0.717496E-06   0.492199E-07
  2254   0.713107E-06   0.489397E-07
  2255   0.708744E-06   0.486611E-07
  2256   0.704408E-06   0.483841E-07
  2257   0.700098E-06   0.481086E-07
  2258   0.695815E-06   0.478347E-07
  2259   0.691557E-06   0.475624E-07
  2260   0.687326E-06   0.472915E-07
  2261   0.683121E-06   0.470223E-07
  2262   0.678942E-06   0.467545E-07
  2263   0.674788E-06   0.464883E-07
  2264   0.670659E-06   0.462236E-07
  2265   0.666556E-06   0.459603E-07
  2266   0.662478E-06   0.456986E-07
  2267   0.658425E-06   0.454383E-07
  2268   0.654397E-06   0.451796E-07
  2269   0.650393E-06   0.449222E-07
  2270   0.646414E-06   0.446664E-07
  2271   0.642459E-06   0.444120E-07
  2272   0.638528E-06   0.441590E-07
  2273   0.634622E-06   0.439075E-07
  2274   0.630739E-06   0.436573E-07
  2275   0.626880E-06   0.434086E-07
  2276   0.623045E-06   0.431614E-07
  2277   0.619233E-06   0.429155E-07
  2278   0.615444E-06   0.426710E-07
  2279   0.611679E-06   0.424279E-07
  2280   0.607936E-06   0.421861E-07
  2281   0.604217E-06   0.419458E-07
  2282   0.600520E-06   0.417068E-07
  2283   0.596846E-06   0.414691E-07
  2284   0.593194E-06   0.412328E-07
  2285   0.589565E-06   0.409978E-07
  2286   0.585958E-06   0.407642E-07
  2287   0.582373E-06   0.405319E-07
  2288   0.578810E-06   0.403009E-07
  2289   0.575269E-06   0.400712E-07
  2290   0.571749E-06   0.398428E-07
  2291   0.568251E-06   0.396157E-07
  2292   0.564775E-06   0.393899E-07
  2293   0.561319E-06   0.391654E-07
  2294   0.557885E-06   0.389422E-07
  2295   0.554472E-06   0.387202E-07
  2296   0.551079E-06   0.384994E-07
  2297   0.547708E-06   0.382800E-07
  2298   0.544357E-06   0.380617E-07
  2299   0.541026E-06   0.378447E-07
  2300   0.537716E-06   0.376290E-07
  2301   0.534426E-06   0.374144E-07
  2302   0.531157E-06   0.372011E-07
  2303   0.527907E-06   0.369890E-07
  2304   0.524677E-06   0.367781E-07
  2305   0.521467E-06   0.365683E-07
  2306   0.518277E-06   0.363598E-07
  2307   0.515106E-06   0.361525E-07
  2308   0.511954E-06   0.359463E-07
  2309   0.508822E-06   0.357413E-07
  2310   0.505709E-06   0.355375E-07
  2311   0.502615E-06   0.353348E-07
  2312   0.499540E-06   0.351332E-07
  2313   0.496484E-06   0.349328E-07
  2314   0.493446E-06   0.347336E-07
  2315   0.490427E-06   0.345355E-07
  2316   0.487427E-06   0.343385E-07
  2317   0.484444E-06   0.341426E-07
  2318   0.481480E-06   0.339478E-07
  2319   0.478535E-06   0.337541E-07
  2320   0.475607E-06   0.335616E-07
  2321   0.472697E-06   0.333701E-07
  2322   0.469805E-06   0.331797E-07
  2323   0.466931E-06   0.329904E-07
  2324   0.464074E-06   0.328021E-07
  2325   0.461235E-06   0.326150E-07
  2326   0.458413E-06   0.324289E-07
  2327   0.455608E-06   0.322438E-07
  2328   0.452821E-06   0.320598E-07
  2329   0.450050E-06   0.318769E-07
  2330   0.447297E-06   0.316949E-07
  2331   0.444560E-06   0.315141E-07
  2332   0.441840E-06   0.313342E-07
  2333   0.439137E-06   0.311554E-07
  2334   0.436450E-06   0.309775E-07
  2335   0.433780E-06   0.308007E-07
  2336   0.431126E-06   0.306249E-07
  2337   0.428488E-06   0.304501E-07
  2338   0.425867E-06   0.302763E-07
  2339   0.423261E-06   0.301034E-07
  2340   0.420672E-06   0.299316E-07
  2341   0.418098E-06   0.297607E-07
  2342   0.415540E-06   0.295908E-07
  2343   0.412998E-06   0.294219E-07
  2344   0.410471E-06   0.292539E-07
  2345   0.407959E-06   0.290868E-07
  2346   0.405463E-06   0.289208E-07
  2347   0.402983E-06   0.287556E-07
  2348   0.400517E-06   0.285914E-07
  2349   0.398067E-06   0.284282E-07
  2350   0.395631E-06   0.282658E-07
  2351   0.393211E-06   0.281044E-07
  2352   0.390805E-06   0.279439E-07
  2353   0.388414E-06   0.277843E-07
  2354   0.386038E-06   0.276256E-07
  2355   0.383676E-06   0.274678E-07
  2356   0.381328E-06   0.273110E-07
  2357   0.378995E-06   0.271550E-07
  2358   0.376677E-06   0.269999E-07
  2359   0.374372E-06   0.268456E-07
  2360   0.372082E-06   0.266923E-07
  2361   0.369805E-06   0.265398E-07
  2362   0.367543E-06   0.263882E-07
  2363   0.365294E-06   0.262374E-07
  2364   0.363059E-06   0.260875E-07
  2365   0.360838E-06   0.259385E-07
  2366   0.358630E-06   0.257903E-07
  2367   0.356436E-06   0.256429E-07
  2368   0.354255E-06   0.254964E-07
  2369   0.352088E-06   0.253507E-07
  2370   0.349934E-06   0.252059E-07
  2371   0.347793E-06   0.250618E-07
  2372   0.345665E-06   0.249186E-07
  2373   0.343550E-06   0.247762E-07
  2374   0.341448E-06   0.246346E-07
  2375   0.339359E-06   0.244939E-07
  2376   0.337283E-06   0.243539E-07
  2377   0.335219E-06   0.242147E-07
  2378   0.333168E-06   0.240763E-07
  2379   0.331130E-06   0.239387E-07
  2380   0.329104E-06   0.238018E-07
  2381   0.327091E-06   0.236658E-07
  2382   0.325089E-06   0.235305E-07
  2383   0.323100E-06   0.233960E-07
  2384   0.321124E-06   0.232622E-07
  2385   0.319159E-06   0.231293E-07
  2386   0.317206E-06   0.229970E-07
  2387   0.315266E-06   0.228656E-07
  2388   0.313337E-06   0.227348E-07
  2389   0.311420E-06   0.226048E-07
  2390   0.309514E-06   0.224756E-07
  2391   0.307621E-06   0.223471E-07
  2392   0.305739E-06   0.222193E-07
  2393   0.303868E-06   0.220922E-07
  2394   0.302009E-06   0.219659E-07
  2395   0.300161E-06   0.218403E-07
  2396   0.298325E-06   0.217154E-07
  2397   0.296500E-06   0.215912E-07
  2398   0.294686E-06   0.214677E-07
  2399   0.292883E-06   0.213450E-07
  2400   0.291091E-06   0.212229E-07
  2401   0.289310E-06   0.211015E-07
  2402   0.287540E-06   0.209808E-07
  2403   0.285781E-06   0.208608E-07
  2404   0.284032E-06   0.207415E-07
  2405   0.282294E-06   0.206228E-07
  2406   0.280567E-06   0.205049E-07
  2407   0.278851E-06   0.203876E-07
  2408   0.277145E-06   0.202709E-07
  2409   0.275449E-06   0.201550E-07
  2410   0.273764E-06   0.200396E-07
  2411   0.272089E-06   0.199250E-07
  2412   0.270424E-06   0.198110E-07
  2413   0.268770E-06   0.196976E-07
  2414   0.267125E-06   0.195849E-07
  2415   0.265491E-06   0.194729E-07
  2416   0.263867E-06   0.193615E-07
  2417   0.262252E-06   0.192507E-07
  2418   0.260648E-06   0.191405E-07
  2419   0.259053E-06   0.190310E-07
  2420   0.257468E-06   0.189221E-07
  2421   0.255893E-06   0.188138E-07
  2422   0.254327E-06   0.187061E-07
  2423   0.252771E-06   0.185990E-07
  2424   0.251225E-06   0.184926E-07
  2425   0.249688E-06   0.183867E-07
  2426   0.248160E-06   0.182815E-07
  2427   0.246642E-06   0.181769E-07
  2428   0.245133E-06   0.180728E-07
  2429   0.243633E-06   0.179693E-07
  2430   0.242142E-06   0.178665E-07
  2431   0.240661E-06   0.177642E-07
  2432   0.239189E-06   0.176625E-07
  2433   0.237725E-06   0.175614E-07
  2434   0.236271E-06   0.174608E-07
  2435   0.234825E-06   0.173609E-07
  2436   0.233388E-06   0.172615E-07
  2437   0.231961E-06   0.171626E-07
  2438   0.230541E-06   0.170644E-07
  2439   0.229131E-06   0.169667E-07
  2440   0.227729E-06   0.168695E-07
  2441   0.226336E-06   0.167729E-07
  2442   0.224951E-06   0.166769E-07
  2443   0.223575E-06   0.165814E-07
  2444   0.222207E-06   0.164864E-07
  2445   0.220847E-06   0.163920E-07
  2446   0.219496E-06   0.162981E-07
  2447   0.218153E-06   0.162048E-07
  2448   0.216819E-06   0.161119E-07
  2449   0.215492E-06   0.160197E-07
  2450   0.214174E-06   0.159279E-07
  2451   0.212863E-06   0.158367E-07
  2452   0.211561E-06   0.157460E-07
  2453   0.210267E-06   0.156558E-07
  2454   0.208980E-06   0.155661E-07
  2455   0.207702E-06   0.154769E-07
  2456   0.206431E-06   0.153882E-07
  2457   0.205168E-06   0.153001E-07
  2458   0.203913E-06   0.152124E-07
  2459   0.202665E-06   0.151253E-07
  2460   0.201425E-06   0.150386E-07
  2461   0.200193E-06   0.149524E-07
  2462   0.198968E-06   0.148668E-07
  2463   0.197751E-06   0.147816E-07
  2464   0.196541E-06   0.146969E-07
  2465   0.195338E-06   0.146127E-07
  2466   0.194143E-06   0.145289E-07
  2467   0.192955E-06   0.144457E-07
  2468   0.191775E-06   0.143629E-07
  2469   0.190601E-06   0.142806E-07
  2470   0.189435E-06   0.141987E-07
  2471   0.188276E-06   0.141174E-07
  2472   0.187124E-06   0.140364E-07
  2473   0.185980E-06   0.139560E-07
  2474   0.184842E-06   0.138760E-07
  2475   0.183711E-06   0.137965E-07
  2476   0.182587E-06   0.137174E-07
  2477   0.181470E-06   0.136387E-07
  2478   0.180359E-06   0.135606E-07
  2479   0.179256E-06   0.134828E-07
  2480   0.178159E-06   0.134055E-07
  2481   0.177069E-06   0.133287E-07
  2482   0.175986E-06   0.132523E-07
  2483   0.174909E-06   0.131763E-07
  2484   0.173839E-06   0.131007E-07
  2485   0.172776E-06   0.130256E-07
  2486   0.171718E-06   0.129509E-07
  2487   0.170668E-06   0.128767E-07
  2488   0.169624E-06   0.128029E-07
  2489   0.168586E-06   0.127294E-07
  2490   0.167554E-06   0.126564E-07
  2491   0.166529E-06   0.125839E-07
  2492   0.165510E-06   0.125117E-07
  2493   0.164498E-06   0.124399E-07
  2494   0.163491E-06   0.123686E-07
  2495   0.162491E-06   0.122977E-07
  2496   0.161497E-06   0.122271E-07
  2497   0.160509E-06   0.121570E-07
  2498   0.159527E-06   0.120873E-07
  2499   0.158551E-06   0.120180E-07
  2500   0.157581E-06   0.119490E-07
  2501   0.156617E-06   0.118805E-07
  2502   0.155659E-06   0.118123E-07
  2503   0.154706E-06   0.117446E-07
  2504   0.153760E-06   0.116772E-07
  2505   0.152819E-06   0.116102E-07
  2506   0.151884E-06   0.115436E-07
  2507   0.150955E-06   0.114774E-07
  2508   0.150031E-06   0.114115E-07
  2509   0.149113E-06   0.113461E-07
  2510   0.148201E-06   0.112810E-07
  2511   0.147294E-06   0.112162E-07
  2512   0.146393E-06   0.111519E-07
  2513   0.145497E-06   0.110879E-07
  2514   0.144607E-06   0.110243E-07
  2515   0.143723E-06   0.109610E-07
  2516   0.142843E-06   0.108981E-07
  2517   0.141969E-06   0.108356E-07
  2518   0.141101E-06   0.107734E-07
  2519   0.140237E-06   0.107115E-07
  2520   0.139379E-06   0.106501E-07
  2521   0.138527E-06   0.105889E-07
  2522   0.137679E-06   0.105282E-07
  2523   0.136837E-06   0.104677E-07
  2524   0.136000E-06   0.104077E-07
  2525   0.135168E-06   0.103479E-07
  2526   0.134341E-06   0.102885E-07
  2527   0.133519E-06   0.102295E-07
  2528   0.132702E-06   0.101708E-07
  2529   0.131890E-06   0.101124E-07
  2530   0.131083E-06   0.100543E-07
  2531   0.130281E-06   0.999660E-08
  2532   0.129484E-06   0.993921E-08
  2533   0.128692E-06   0.988214E-08
  2534   0.127904E-06   0.982541E-08
  2535   0.127122E-06   0.976900E-08
  2536   0.126344E-06   0.971291E-08
  2537   0.125571E-06   0.965714E-08
  2538   0.124803E-06   0.960169E-08
  2539   0.124039E-06   0.954655E-08
  2540   0.123280E-06   0.949174E-08
  2541   0.122526E-06   0.943723E-08
  2542   0.121776E-06   0.938304E-08
  2543   0.121031E-06   0.932915E-08
  2544   0.120291E-06   0.927558E-08
  2545   0.119555E-06   0.922231E-08
  2546   0.118823E-06   0.916934E-08
  2547   0.118096E-06   0.911668E-08
  2548   0.117374E-06   0.906432E-08
  2549   0.116656E-06   0.901226E-08
  2550   0.115942E-06   0.896050E-08
  2551   0.115233E-06   0.890903E-08
  2552   0.114528E-06   0.885785E-08
  2553   0.113827E-06   0.880697E-08
  2554   0.113131E-06   0.875638E-08
  2555   0.112438E-06   0.870608E-08
  2556   0.111751E-06   0.865607E-08
  2557   0.111067E-06   0.860634E-08
  2558   0.110387E-06   0.855690E-08
  2559   0.109712E-06   0.850774E-08
  2560   0.109041E-06   0.845886E-08
  2561   0.108374E-06   0.841026E-08
  2562   0.107711E-06   0.836194E-08
  2563   0.107052E-06   0.831389E-08
  2564   0.106397E-06   0.826612E-08
  2565   0.105746E-06   0.821862E-08
  2566   0.105099E-06   0.817140E-08
  2567   0.104456E-06   0.812444E-08
  2568   0.103817E-06   0.807776E-08
  2569   0.103181E-06   0.803134E-08
  2570   0.102550E-06   0.798518E-08
  2571   0.101923E-06   0.793929E-08
  2572   0.101299E-06   0.789366E-08
  2573   0.100679E-06   0.784830E-08
  2574   0.100063E-06   0.780319E-08
  2575   0.994512E-07   0.775834E-08
