Iter     SteadyRMS     UnsteadyRMS
     1   0.585995       0.339465E-03
     2   0.480747       0.557151E-03
     3   0.394401       0.685824E-03
     4   0.323564       0.750411E-03
     5   0.265450       0.769763E-03
     6   0.217774       0.758030E-03
     7   0.178660       0.725740E-03
     8   0.146571       0.680646E-03
     9   0.120246       0.628379E-03
    10   0.986493E-01   0.572964E-03
    11   0.809312E-01   0.517211E-03
    12   0.663954E-01   0.463025E-03
    13   0.544704E-01   0.411638E-03
    14   0.446872E-01   0.363787E-03
    15   0.366610E-01   0.319859E-03
    16   0.300765E-01   0.279986E-03
    17   0.246746E-01   0.244125E-03
    18   0.202428E-01   0.212122E-03
    19   0.166071E-01   0.183744E-03
    20   0.136244E-01   0.158723E-03
    21   0.111773E-01   0.136765E-03
    22   0.916981E-02   0.117578E-03
    23   0.752285E-02   0.100874E-03
    24   0.617170E-02   0.863799E-04
    25   0.506322E-02   0.738397E-04
    26   0.415383E-02   0.630190E-04
    27   0.340778E-02   0.537044E-04
    28   0.279572E-02   0.457038E-04
    29   0.229359E-02   0.388455E-04
    30   0.188165E-02   0.329771E-04
    31   0.154369E-02   0.279641E-04
    32   0.126643E-02   0.236885E-04
    33   0.103897E-02   0.200470E-04
    34   0.852367E-03   0.169498E-04
    35   0.699276E-03   0.143186E-04
    36   0.573682E-03   0.120860E-04
    37   0.470645E-03   0.101937E-04
    38   0.386114E-03   0.859136E-05
    39   0.316765E-03   0.723588E-05
    40   0.259872E-03   0.609025E-05
    41   0.213197E-03   0.512280E-05
    42   0.174906E-03   0.430647E-05
    43   0.143492E-03   0.361817E-05
    44   0.117720E-03   0.303824E-05
    45   0.965763E-04   0.254994E-05
    46   0.792306E-04   0.213906E-05
    47   0.650003E-04   0.179354E-05
    48   0.533258E-04   0.150316E-05
    49   0.437481E-04   0.125924E-05
    50   0.358907E-04   0.105446E-05
    51   0.294445E-04   0.882630E-06
    52   0.241561E-04   0.738517E-06
    53   0.198175E-04   0.617706E-06
    54   0.162581E-04   0.516473E-06
    55   0.133381E-04   0.431684E-06
    56   0.109425E-04   0.360694E-06
    57   0.897712E-05   0.301283E-06
    58   0.736477E-05   0.251580E-06
    59   0.604201E-05   0.210015E-06
    60   0.495682E-05   0.175266E-06
    61   0.406655E-05   0.146226E-06
    62   0.333617E-05   0.121965E-06
    63   0.273697E-05   0.101703E-06
    64   0.224539E-05   0.847854E-07
    65   0.184211E-05   0.706648E-07
    66   0.151125E-05   0.588820E-07
    67   0.123982E-05   0.490526E-07
    68   0.101714E-05   0.408550E-07
    69   0.834456E-06   0.340200E-07
    70   0.684582E-06   0.283225E-07
    71   0.561627E-06   0.235744E-07
    72   0.460755E-06   0.196184E-07
    73   0.378000E-06   0.163231E-07
    74   0.310109E-06   0.135788E-07
    75   0.254411E-06   0.112938E-07
    76   0.208717E-06   0.939161E-08
    77   0.171230E-06   0.780847E-08
    78   0.140476E-06   0.649111E-08
    79   0.115246E-06   0.539511E-08
    80   0.945469E-07   0.448345E-08
