Iter     SteadyRMS     UnsteadyRMS
     1   0.705530       0.275287E-05
     2   0.696883       0.543824E-05
     3   0.688341       0.805736E-05
     4   0.679903       0.106114E-04
     5   0.671570       0.131017E-04
     6   0.663338       0.155293E-04
     7   0.655207       0.178954E-04
     8   0.647176       0.202012E-04
     9   0.639243       0.224477E-04
    10   0.631408       0.246361E-04
    11   0.623668       0.267675E-04
    12   0.616024       0.288429E-04
    13   0.608473       0.308635E-04
    14   0.601015       0.328301E-04
    15   0.593648       0.347439E-04
    16   0.586371       0.366058E-04
    17   0.579184       0.384169E-04
    18   0.572085       0.401780E-04
    19   0.565073       0.418902E-04
    20   0.558146       0.435544E-04
    21   0.551305       0.451715E-04
    22   0.544547       0.467423E-04
    23   0.537873       0.482679E-04
    24   0.531280       0.497491E-04
    25   0.524768       0.511866E-04
    26   0.518335       0.525815E-04
    27   0.511982       0.539345E-04
    28   0.505706       0.552463E-04
    29   0.499508       0.565180E-04
    30   0.493385       0.577501E-04
    31   0.487337       0.589435E-04
    32   0.481364       0.600990E-04
    33   0.475464       0.612173E-04
    34   0.469636       0.622992E-04
    35   0.463879       0.633453E-04
    36   0.458193       0.643564E-04
    37   0.452577       0.653332E-04
    38   0.447030       0.662764E-04
    39   0.441550       0.671866E-04
    40   0.436138       0.680646E-04
    41   0.430792       0.689109E-04
    42   0.425512       0.697262E-04
    43   0.420296       0.705112E-04
    44   0.415144       0.712665E-04
    45   0.410056       0.719927E-04
    46   0.405030       0.726903E-04
    47   0.400065       0.733600E-04
    48   0.395161       0.740024E-04
    49   0.390318       0.746180E-04
    50   0.385533       0.752074E-04
    51   0.380808       0.757711E-04
    52   0.376140       0.763097E-04
    53   0.371530       0.768237E-04
    54   0.366976       0.773136E-04
    55   0.362477       0.777800E-04
    56   0.358034       0.782233E-04
    57   0.353646       0.786441E-04
    58   0.349311       0.790428E-04
    59   0.345030       0.794199E-04
    60   0.340800       0.797758E-04
    61   0.336623       0.801111E-04
    62   0.332497       0.804262E-04
    63   0.328421       0.807215E-04
    64   0.324396       0.809975E-04
    65   0.320420       0.812546E-04
    66   0.316492       0.814933E-04
    67   0.312613       0.817138E-04
    68   0.308781       0.819167E-04
    69   0.304996       0.821024E-04
    70   0.301258       0.822712E-04
    71   0.297565       0.824235E-04
    72   0.293918       0.825597E-04
    73   0.290315       0.826802E-04
    74   0.286756       0.827853E-04
    75   0.283242       0.828754E-04
    76   0.279770       0.829509E-04
    77   0.276341       0.830120E-04
    78   0.272953       0.830592E-04
    79   0.269608       0.830928E-04
    80   0.266303       0.831130E-04
    81   0.263039       0.831203E-04
    82   0.259815       0.831149E-04
    83   0.256630       0.830971E-04
    84   0.253484       0.830673E-04
    85   0.250377       0.830258E-04
    86   0.247308       0.829727E-04
    87   0.244277       0.829085E-04
    88   0.241283       0.828334E-04
    89   0.238325       0.827477E-04
    90   0.235404       0.826516E-04
    91   0.232519       0.825454E-04
    92   0.229669       0.824295E-04
    93   0.226853       0.823039E-04
    94   0.224073       0.821691E-04
    95   0.221326       0.820252E-04
    96   0.218613       0.818724E-04
    97   0.215934       0.817111E-04
    98   0.213287       0.815414E-04
    99   0.210673       0.813637E-04
   100   0.208090       0.811780E-04
   101   0.205540       0.809846E-04
   102   0.203020       0.807838E-04
   103   0.200532       0.805757E-04
   104   0.198074       0.803606E-04
   105   0.195646       0.801387E-04
   106   0.193248       0.799101E-04
   107   0.190879       0.796751E-04
   108   0.188540       0.794339E-04
   109   0.186229       0.791865E-04
   110   0.183946       0.789333E-04
   111   0.181691       0.786744E-04
   112   0.179464       0.784100E-04
   113   0.177264       0.781403E-04
   114   0.175092       0.778654E-04
   115   0.172945       0.775855E-04
   116   0.170826       0.773007E-04
   117   0.168732       0.770113E-04
   118   0.166664       0.767173E-04
   119   0.164621       0.764190E-04
   120   0.162603       0.761165E-04
   121   0.160610       0.758098E-04
   122   0.158641       0.754993E-04
   123   0.156697       0.751850E-04
   124   0.154776       0.748671E-04
   125   0.152879       0.745456E-04
   126   0.151005       0.742208E-04
   127   0.149154       0.738927E-04
   128   0.147326       0.735616E-04
   129   0.145520       0.732274E-04
   130   0.143736       0.728904E-04
   131   0.141974       0.725506E-04
   132   0.140234       0.722082E-04
   133   0.138515       0.718633E-04
   134   0.136817       0.715160E-04
   135   0.135140       0.711665E-04
   136   0.133484       0.708147E-04
   137   0.131848       0.704609E-04
   138   0.130232       0.701051E-04
   139   0.128635       0.697474E-04
   140   0.127059       0.693880E-04
   141   0.125501       0.690269E-04
   142   0.123963       0.686642E-04
   143   0.122443       0.683001E-04
   144   0.120943       0.679345E-04
   145   0.119460       0.675677E-04
   146   0.117996       0.671996E-04
   147   0.116550       0.668305E-04
   148   0.115121       0.664602E-04
   149   0.113710       0.660890E-04
   150   0.112316       0.657169E-04
   151   0.110939       0.653440E-04
   152   0.109580       0.649704E-04
   153   0.108236       0.645961E-04
   154   0.106910       0.642212E-04
   155   0.105599       0.638458E-04
   156   0.104305       0.634700E-04
   157   0.103026       0.630937E-04
   158   0.101764       0.627172E-04
   159   0.100516       0.623404E-04
   160   0.992842E-01   0.619634E-04
   161   0.980672E-01   0.615863E-04
   162   0.968652E-01   0.612092E-04
   163   0.956779E-01   0.608320E-04
   164   0.945051E-01   0.604548E-04
   165   0.933467E-01   0.600778E-04
   166   0.922026E-01   0.597010E-04
   167   0.910724E-01   0.593243E-04
   168   0.899561E-01   0.589479E-04
   169   0.888535E-01   0.585718E-04
   170   0.877644E-01   0.581961E-04
   171   0.866886E-01   0.578208E-04
   172   0.856260E-01   0.574459E-04
   173   0.845765E-01   0.570716E-04
   174   0.835398E-01   0.566978E-04
   175   0.825158E-01   0.563246E-04
   176   0.815044E-01   0.559520E-04
   177   0.805054E-01   0.555801E-04
   178   0.795186E-01   0.552088E-04
   179   0.785439E-01   0.548384E-04
   180   0.775811E-01   0.544687E-04
   181   0.766302E-01   0.540999E-04
   182   0.756909E-01   0.537319E-04
   183   0.747631E-01   0.533648E-04
   184   0.738467E-01   0.529986E-04
   185   0.729416E-01   0.526334E-04
   186   0.720475E-01   0.522691E-04
   187   0.711644E-01   0.519059E-04
   188   0.702921E-01   0.515438E-04
   189   0.694305E-01   0.511827E-04
   190   0.685795E-01   0.508227E-04
   191   0.677389E-01   0.504639E-04
   192   0.669086E-01   0.501062E-04
   193   0.660885E-01   0.497497E-04
   194   0.652784E-01   0.493944E-04
   195   0.644782E-01   0.490403E-04
   196   0.636879E-01   0.486875E-04
   197   0.629073E-01   0.483360E-04
   198   0.621362E-01   0.479858E-04
   199   0.613746E-01   0.476369E-04
   200   0.606223E-01   0.472894E-04
   201   0.598792E-01   0.469432E-04
   202   0.591452E-01   0.465984E-04
   203   0.584203E-01   0.462550E-04
   204   0.577042E-01   0.459130E-04
   205   0.569969E-01   0.455724E-04
   206   0.562983E-01   0.452333E-04
   207   0.556082E-01   0.448957E-04
   208   0.549266E-01   0.445595E-04
   209   0.542533E-01   0.442249E-04
   210   0.535883E-01   0.438917E-04
   211   0.529315E-01   0.435601E-04
   212   0.522827E-01   0.432300E-04
   213   0.516418E-01   0.429014E-04
   214   0.510088E-01   0.425744E-04
   215   0.503836E-01   0.422490E-04
   216   0.497660E-01   0.419252E-04
   217   0.491560E-01   0.416029E-04
   218   0.485535E-01   0.412822E-04
   219   0.479584E-01   0.409632E-04
   220   0.473705E-01   0.406458E-04
   221   0.467899E-01   0.403300E-04
   222   0.462164E-01   0.400158E-04
   223   0.456499E-01   0.397033E-04
   224   0.450903E-01   0.393924E-04
   225   0.445376E-01   0.390832E-04
   226   0.439917E-01   0.387756E-04
   227   0.434525E-01   0.384697E-04
   228   0.429199E-01   0.381655E-04
   229   0.423938E-01   0.378630E-04
   230   0.418742E-01   0.375621E-04
   231   0.413609E-01   0.372629E-04
   232   0.408539E-01   0.369655E-04
   233   0.403532E-01   0.366697E-04
   234   0.398585E-01   0.363756E-04
   235   0.393700E-01   0.360832E-04
   236   0.388874E-01   0.357925E-04
   237   0.384108E-01   0.355035E-04
   238   0.379399E-01   0.352162E-04
   239   0.374749E-01   0.349307E-04
   240   0.370156E-01   0.346468E-04
   241   0.365618E-01   0.343646E-04
   242   0.361137E-01   0.340842E-04
   243   0.356710E-01   0.338055E-04
   244   0.352338E-01   0.335284E-04
   245   0.348019E-01   0.332531E-04
   246   0.343753E-01   0.329795E-04
   247   0.339540E-01   0.327077E-04
   248   0.335378E-01   0.324375E-04
   249   0.331267E-01   0.321690E-04
   250   0.327207E-01   0.319023E-04
   251   0.323196E-01   0.316372E-04
   252   0.319235E-01   0.313738E-04
   253   0.315322E-01   0.311122E-04
   254   0.311457E-01   0.308523E-04
   255   0.307639E-01   0.305940E-04
   256   0.303868E-01   0.303374E-04
   257   0.300143E-01   0.300826E-04
   258   0.296464E-01   0.298294E-04
   259   0.292831E-01   0.295779E-04
   260   0.289241E-01   0.293281E-04
   261   0.285696E-01   0.290800E-04
   262   0.282194E-01   0.288335E-04
   263   0.278735E-01   0.285888E-04
   264   0.275319E-01   0.283457E-04
   265   0.271944E-01   0.281042E-04
   266   0.268611E-01   0.278644E-04
   267   0.265318E-01   0.276263E-04
   268   0.262066E-01   0.273898E-04
   269   0.258854E-01   0.271550E-04
   270   0.255681E-01   0.269218E-04
   271   0.252547E-01   0.266903E-04
   272   0.249451E-01   0.264603E-04
   273   0.246394E-01   0.262320E-04
   274   0.243374E-01   0.260054E-04
   275   0.240390E-01   0.257803E-04
   276   0.237444E-01   0.255568E-04
   277   0.234533E-01   0.253350E-04
   278   0.231659E-01   0.251147E-04
   279   0.228819E-01   0.248961E-04
   280   0.226014E-01   0.246790E-04
   281   0.223244E-01   0.244635E-04
   282   0.220508E-01   0.242496E-04
   283   0.217805E-01   0.240373E-04
   284   0.215135E-01   0.238265E-04
   285   0.212498E-01   0.236173E-04
   286   0.209894E-01   0.234096E-04
   287   0.207321E-01   0.232034E-04
   288   0.204780E-01   0.229988E-04
   289   0.202270E-01   0.227958E-04
   290   0.199790E-01   0.225942E-04
   291   0.197341E-01   0.223942E-04
   292   0.194922E-01   0.221957E-04
   293   0.192533E-01   0.219986E-04
   294   0.190173E-01   0.218031E-04
   295   0.187842E-01   0.216091E-04
   296   0.185540E-01   0.214165E-04
   297   0.183266E-01   0.212254E-04
   298   0.181019E-01   0.210358E-04
   299   0.178800E-01   0.208477E-04
   300   0.176609E-01   0.206609E-04
   301   0.174444E-01   0.204757E-04
   302   0.172306E-01   0.202919E-04
   303   0.170194E-01   0.201095E-04
   304   0.168108E-01   0.199285E-04
   305   0.166047E-01   0.197489E-04
   306   0.164012E-01   0.195708E-04
   307   0.162001E-01   0.193940E-04
   308   0.160016E-01   0.192187E-04
   309   0.158054E-01   0.190447E-04
   310   0.156117E-01   0.188721E-04
   311   0.154203E-01   0.187009E-04
   312   0.152313E-01   0.185310E-04
   313   0.150446E-01   0.183625E-04
   314   0.148602E-01   0.181953E-04
   315   0.146781E-01   0.180295E-04
   316   0.144982E-01   0.178650E-04
   317   0.143205E-01   0.177018E-04
   318   0.141449E-01   0.175400E-04
   319   0.139715E-01   0.173794E-04
   320   0.138003E-01   0.172202E-04
   321   0.136311E-01   0.170622E-04
   322   0.134641E-01   0.169056E-04
   323   0.132990E-01   0.167502E-04
   324   0.131360E-01   0.165961E-04
   325   0.129750E-01   0.164432E-04
   326   0.128160E-01   0.162916E-04
   327   0.126589E-01   0.161412E-04
   328   0.125037E-01   0.159921E-04
   329   0.123504E-01   0.158442E-04
   330   0.121991E-01   0.156975E-04
   331   0.120495E-01   0.155521E-04
   332   0.119018E-01   0.154078E-04
   333   0.117560E-01   0.152648E-04
   334   0.116119E-01   0.151229E-04
   335   0.114695E-01   0.149823E-04
   336   0.113289E-01   0.148428E-04
   337   0.111901E-01   0.147044E-04
   338   0.110529E-01   0.145673E-04
   339   0.109174E-01   0.144312E-04
   340   0.107836E-01   0.142964E-04
   341   0.106514E-01   0.141626E-04
   342   0.105209E-01   0.140300E-04
   343   0.103919E-01   0.138986E-04
   344   0.102645E-01   0.137682E-04
   345   0.101387E-01   0.136390E-04
   346   0.100145E-01   0.135108E-04
   347   0.989170E-02   0.133837E-04
   348   0.977045E-02   0.132578E-04
   349   0.965069E-02   0.131329E-04
   350   0.953240E-02   0.130090E-04
   351   0.941556E-02   0.128863E-04
   352   0.930015E-02   0.127645E-04
   353   0.918615E-02   0.126439E-04
   354   0.907356E-02   0.125243E-04
   355   0.896234E-02   0.124057E-04
   356   0.885248E-02   0.122881E-04
   357   0.874398E-02   0.121715E-04
   358   0.863680E-02   0.120560E-04
   359   0.853093E-02   0.119415E-04
   360   0.842637E-02   0.118279E-04
   361   0.832308E-02   0.117154E-04
   362   0.822106E-02   0.116038E-04
   363   0.812029E-02   0.114932E-04
   364   0.802076E-02   0.113836E-04
   365   0.792245E-02   0.112749E-04
   366   0.782534E-02   0.111672E-04
   367   0.772942E-02   0.110605E-04
   368   0.763468E-02   0.109546E-04
   369   0.754110E-02   0.108497E-04
   370   0.744866E-02   0.107458E-04
   371   0.735736E-02   0.106427E-04
   372   0.726718E-02   0.105406E-04
   373   0.717810E-02   0.104394E-04
   374   0.709012E-02   0.103390E-04
   375   0.700321E-02   0.102396E-04
   376   0.691737E-02   0.101410E-04
   377   0.683258E-02   0.100433E-04
   378   0.674883E-02   0.994652E-05
   379   0.666611E-02   0.985058E-05
   380   0.658440E-02   0.975549E-05
   381   0.650370E-02   0.966125E-05
   382   0.642398E-02   0.956786E-05
   383   0.634524E-02   0.947530E-05
   384   0.626746E-02   0.938358E-05
   385   0.619064E-02   0.929268E-05
   386   0.611476E-02   0.920260E-05
   387   0.603981E-02   0.911333E-05
   388   0.596577E-02   0.902486E-05
   389   0.589265E-02   0.893720E-05
   390   0.582042E-02   0.885033E-05
   391   0.574908E-02   0.876425E-05
   392   0.567861E-02   0.867894E-05
   393   0.560900E-02   0.859441E-05
   394   0.554025E-02   0.851065E-05
   395   0.547234E-02   0.842766E-05
   396   0.540527E-02   0.834541E-05
   397   0.533901E-02   0.826392E-05
   398   0.527357E-02   0.818317E-05
   399   0.520893E-02   0.810316E-05
   400   0.514508E-02   0.802388E-05
   401   0.508202E-02   0.794533E-05
   402   0.501973E-02   0.786749E-05
   403   0.495820E-02   0.779037E-05
   404   0.489742E-02   0.771396E-05
   405   0.483739E-02   0.763826E-05
   406   0.477810E-02   0.756325E-05
   407   0.471953E-02   0.748893E-05
   408   0.466168E-02   0.741529E-05
   409   0.460454E-02   0.734234E-05
   410   0.454810E-02   0.727006E-05
   411   0.449236E-02   0.719845E-05
   412   0.443729E-02   0.712750E-05
   413   0.438290E-02   0.705721E-05
   414   0.432918E-02   0.698757E-05
   415   0.427612E-02   0.691858E-05
   416   0.422370E-02   0.685023E-05
   417   0.417193E-02   0.678251E-05
   418   0.412079E-02   0.671543E-05
   419   0.407028E-02   0.664897E-05
   420   0.402039E-02   0.658314E-05
   421   0.397111E-02   0.651791E-05
   422   0.392244E-02   0.645330E-05
   423   0.387436E-02   0.638929E-05
   424   0.382687E-02   0.632588E-05
   425   0.377996E-02   0.626307E-05
   426   0.373363E-02   0.620084E-05
   427   0.368787E-02   0.613920E-05
   428   0.364266E-02   0.607814E-05
   429   0.359801E-02   0.601766E-05
   430   0.355391E-02   0.595774E-05
   431   0.351035E-02   0.589839E-05
   432   0.346732E-02   0.583959E-05
   433   0.342482E-02   0.578136E-05
   434   0.338284E-02   0.572367E-05
   435   0.334138E-02   0.566653E-05
   436   0.330042E-02   0.560993E-05
   437   0.325997E-02   0.555386E-05
   438   0.322001E-02   0.549833E-05
   439   0.318054E-02   0.544332E-05
   440   0.314155E-02   0.538884E-05
   441   0.310305E-02   0.533487E-05
   442   0.306501E-02   0.528142E-05
   443   0.302744E-02   0.522848E-05
   444   0.299033E-02   0.517604E-05
   445   0.295368E-02   0.512410E-05
   446   0.291748E-02   0.507265E-05
   447   0.288172E-02   0.502170E-05
   448   0.284639E-02   0.497123E-05
   449   0.281150E-02   0.492125E-05
   450   0.277704E-02   0.487175E-05
   451   0.274300E-02   0.482272E-05
   452   0.270938E-02   0.477415E-05
   453   0.267617E-02   0.472606E-05
   454   0.264337E-02   0.467843E-05
   455   0.261097E-02   0.463125E-05
   456   0.257896E-02   0.458453E-05
   457   0.254735E-02   0.453826E-05
   458   0.251613E-02   0.449243E-05
   459   0.248529E-02   0.444704E-05
   460   0.245482E-02   0.440210E-05
   461   0.242474E-02   0.435758E-05
   462   0.239501E-02   0.431350E-05
   463   0.236566E-02   0.426984E-05
   464   0.233666E-02   0.422660E-05
   465   0.230802E-02   0.418379E-05
   466   0.227973E-02   0.414138E-05
   467   0.225179E-02   0.409939E-05
   468   0.222418E-02   0.405780E-05
   469   0.219692E-02   0.401662E-05
   470   0.216999E-02   0.397584E-05
   471   0.214340E-02   0.393546E-05
   472   0.211712E-02   0.389546E-05
   473   0.209117E-02   0.385586E-05
   474   0.206554E-02   0.381664E-05
   475   0.204022E-02   0.377781E-05
   476   0.201521E-02   0.373935E-05
   477   0.199051E-02   0.370127E-05
   478   0.196611E-02   0.366356E-05
   479   0.194202E-02   0.362621E-05
   480   0.191821E-02   0.358924E-05
   481   0.189470E-02   0.355262E-05
   482   0.187148E-02   0.351636E-05
   483   0.184854E-02   0.348046E-05
   484   0.182588E-02   0.344491E-05
   485   0.180350E-02   0.340971E-05
   486   0.178139E-02   0.337485E-05
   487   0.175956E-02   0.334034E-05
   488   0.173799E-02   0.330616E-05
   489   0.171669E-02   0.327232E-05
   490   0.169564E-02   0.323882E-05
   491   0.167486E-02   0.320564E-05
   492   0.165433E-02   0.317279E-05
   493   0.163405E-02   0.314026E-05
   494   0.161402E-02   0.310806E-05
   495   0.159424E-02   0.307617E-05
   496   0.157470E-02   0.304460E-05
   497   0.155540E-02   0.301333E-05
   498   0.153633E-02   0.298238E-05
   499   0.151750E-02   0.295174E-05
   500   0.149890E-02   0.292139E-05
   501   0.148053E-02   0.289135E-05
   502   0.146238E-02   0.286160E-05
   503   0.144445E-02   0.283215E-05
   504   0.142675E-02   0.280299E-05
   505   0.140926E-02   0.277412E-05
   506   0.139199E-02   0.274554E-05
   507   0.137493E-02   0.271724E-05
   508   0.135807E-02   0.268923E-05
   509   0.134143E-02   0.266149E-05
   510   0.132498E-02   0.263402E-05
   511   0.130874E-02   0.260683E-05
   512   0.129270E-02   0.257991E-05
   513   0.127686E-02   0.255326E-05
   514   0.126121E-02   0.252688E-05
   515   0.124575E-02   0.250076E-05
   516   0.123048E-02   0.247490E-05
   517   0.121539E-02   0.244929E-05
   518   0.120050E-02   0.242395E-05
   519   0.118578E-02   0.239885E-05
   520   0.117125E-02   0.237401E-05
   521   0.115689E-02   0.234941E-05
   522   0.114271E-02   0.232507E-05
   523   0.112870E-02   0.230096E-05
   524   0.111487E-02   0.227710E-05
   525   0.110120E-02   0.225348E-05
   526   0.108771E-02   0.223009E-05
   527   0.107437E-02   0.220694E-05
   528   0.106120E-02   0.218402E-05
   529   0.104820E-02   0.216133E-05
   530   0.103535E-02   0.213887E-05
   531   0.102266E-02   0.211663E-05
   532   0.101012E-02   0.209462E-05
   533   0.997741E-03   0.207283E-05
   534   0.985512E-03   0.205126E-05
   535   0.973432E-03   0.202991E-05
   536   0.961500E-03   0.200877E-05
   537   0.949715E-03   0.198785E-05
   538   0.938074E-03   0.196714E-05
   539   0.926575E-03   0.194663E-05
   540   0.915218E-03   0.192633E-05
   541   0.904000E-03   0.190624E-05
   542   0.892919E-03   0.188635E-05
   543   0.881974E-03   0.186667E-05
   544   0.871164E-03   0.184718E-05
   545   0.860486E-03   0.182789E-05
   546   0.849938E-03   0.180879E-05
   547   0.839520E-03   0.178989E-05
   548   0.829230E-03   0.177118E-05
   549   0.819066E-03   0.175266E-05
   550   0.809026E-03   0.173432E-05
   551   0.799110E-03   0.171618E-05
   552   0.789315E-03   0.169821E-05
   553   0.779640E-03   0.168043E-05
   554   0.770083E-03   0.166283E-05
   555   0.760644E-03   0.164541E-05
   556   0.751321E-03   0.162817E-05
   557   0.742112E-03   0.161110E-05
   558   0.733015E-03   0.159421E-05
   559   0.724030E-03   0.157749E-05
   560   0.715156E-03   0.156094E-05
   561   0.706390E-03   0.154455E-05
   562   0.697731E-03   0.152834E-05
   563   0.689179E-03   0.151229E-05
   564   0.680731E-03   0.149640E-05
   565   0.672387E-03   0.148068E-05
   566   0.664146E-03   0.146511E-05
   567   0.656005E-03   0.144971E-05
   568   0.647964E-03   0.143446E-05
   569   0.640022E-03   0.141937E-05
   570   0.632177E-03   0.140443E-05
   571   0.624428E-03   0.138965E-05
   572   0.616774E-03   0.137502E-05
   573   0.609214E-03   0.136054E-05
   574   0.601747E-03   0.134620E-05
   575   0.594371E-03   0.133202E-05
   576   0.587086E-03   0.131797E-05
   577   0.579889E-03   0.130408E-05
   578   0.572782E-03   0.129032E-05
   579   0.565761E-03   0.127671E-05
   580   0.558826E-03   0.126324E-05
   581   0.551976E-03   0.124990E-05
   582   0.545211E-03   0.123670E-05
   583   0.538528E-03   0.122364E-05
   584   0.531927E-03   0.121071E-05
   585   0.525407E-03   0.119792E-05
   586   0.518967E-03   0.118525E-05
   587   0.512605E-03   0.117272E-05
   588   0.506322E-03   0.116032E-05
   589   0.500116E-03   0.114804E-05
   590   0.493986E-03   0.113589E-05
   591   0.487931E-03   0.112387E-05
   592   0.481950E-03   0.111197E-05
   593   0.476043E-03   0.110019E-05
   594   0.470208E-03   0.108854E-05
   595   0.464444E-03   0.107700E-05
   596   0.458751E-03   0.106559E-05
   597   0.453128E-03   0.105429E-05
   598   0.447574E-03   0.104311E-05
   599   0.442088E-03   0.103205E-05
   600   0.436669E-03   0.102110E-05
   601   0.431317E-03   0.101026E-05
   602   0.426030E-03   0.999534E-06
   603   0.420808E-03   0.988921E-06
   604   0.415650E-03   0.978417E-06
   605   0.410555E-03   0.968022E-06
   606   0.405523E-03   0.957736E-06
   607   0.400552E-03   0.947555E-06
   608   0.395643E-03   0.937481E-06
   609   0.390793E-03   0.927511E-06
   610   0.386003E-03   0.917645E-06
   611   0.381272E-03   0.907881E-06
   612   0.376598E-03   0.898219E-06
   613   0.371982E-03   0.888657E-06
   614   0.367423E-03   0.879195E-06
   615   0.362919E-03   0.869831E-06
   616   0.358471E-03   0.860564E-06
   617   0.354077E-03   0.851394E-06
   618   0.349737E-03   0.842320E-06
   619   0.345450E-03   0.833340E-06
   620   0.341215E-03   0.824453E-06
   621   0.337033E-03   0.815659E-06
   622   0.332902E-03   0.806957E-06
   623   0.328821E-03   0.798346E-06
   624   0.324791E-03   0.789825E-06
   625   0.320810E-03   0.781392E-06
   626   0.316878E-03   0.773048E-06
   627   0.312993E-03   0.764791E-06
   628   0.309157E-03   0.756620E-06
   629   0.305368E-03   0.748534E-06
   630   0.301625E-03   0.740533E-06
   631   0.297927E-03   0.732616E-06
   632   0.294276E-03   0.724781E-06
   633   0.290669E-03   0.717029E-06
   634   0.287106E-03   0.709357E-06
   635   0.283587E-03   0.701766E-06
   636   0.280111E-03   0.694255E-06
   637   0.276677E-03   0.686822E-06
   638   0.273286E-03   0.679467E-06
   639   0.269936E-03   0.672189E-06
   640   0.266627E-03   0.664987E-06
   641   0.263359E-03   0.657861E-06
   642   0.260131E-03   0.650810E-06
   643   0.256943E-03   0.643833E-06
   644   0.253793E-03   0.636929E-06
   645   0.250682E-03   0.630098E-06
   646   0.247610E-03   0.623338E-06
   647   0.244575E-03   0.616649E-06
   648   0.241577E-03   0.610031E-06
   649   0.238616E-03   0.603483E-06
   650   0.235691E-03   0.597003E-06
   651   0.232802E-03   0.590591E-06
   652   0.229948E-03   0.584247E-06
   653   0.227130E-03   0.577970E-06
   654   0.224346E-03   0.571758E-06
   655   0.221596E-03   0.565613E-06
   656   0.218880E-03   0.559531E-06
   657   0.216197E-03   0.553515E-06
   658   0.213547E-03   0.547561E-06
   659   0.210929E-03   0.541670E-06
   660   0.208344E-03   0.535842E-06
   661   0.205790E-03   0.530075E-06
   662   0.203268E-03   0.524368E-06
   663   0.200776E-03   0.518722E-06
   664   0.198315E-03   0.513136E-06
   665   0.195884E-03   0.507609E-06
   666   0.193483E-03   0.502140E-06
   667   0.191112E-03   0.496728E-06
   668   0.188769E-03   0.491374E-06
   669   0.186455E-03   0.486077E-06
   670   0.184170E-03   0.480836E-06
   671   0.181912E-03   0.475650E-06
   672   0.179683E-03   0.470519E-06
   673   0.177480E-03   0.465442E-06
   674   0.175305E-03   0.460420E-06
   675   0.173156E-03   0.455450E-06
   676   0.171034E-03   0.450533E-06
   677   0.168937E-03   0.445668E-06
   678   0.166866E-03   0.440855E-06
   679   0.164821E-03   0.436092E-06
   680   0.162801E-03   0.431380E-06
   681   0.160805E-03   0.426719E-06
   682   0.158834E-03   0.422106E-06
   683   0.156887E-03   0.417543E-06
   684   0.154964E-03   0.413028E-06
   685   0.153065E-03   0.408561E-06
   686   0.151189E-03   0.404141E-06
   687   0.149336E-03   0.399769E-06
   688   0.147505E-03   0.395443E-06
   689   0.145697E-03   0.391163E-06
   690   0.143911E-03   0.386928E-06
   691   0.142147E-03   0.382738E-06
   692   0.140405E-03   0.378593E-06
   693   0.138684E-03   0.374493E-06
   694   0.136984E-03   0.370435E-06
   695   0.135305E-03   0.366421E-06
   696   0.133646E-03   0.362450E-06
   697   0.132008E-03   0.358521E-06
   698   0.130390E-03   0.354634E-06
   699   0.128792E-03   0.350788E-06
   700   0.127213E-03   0.346983E-06
   701   0.125654E-03   0.343219E-06
   702   0.124114E-03   0.339495E-06
   703   0.122593E-03   0.335811E-06
   704   0.121090E-03   0.332166E-06
   705   0.119606E-03   0.328560E-06
   706   0.118140E-03   0.324992E-06
   707   0.116692E-03   0.321463E-06
   708   0.115261E-03   0.317971E-06
   709   0.113848E-03   0.314517E-06
   710   0.112453E-03   0.311099E-06
   711   0.111075E-03   0.307718E-06
   712   0.109713E-03   0.304373E-06
   713   0.108368E-03   0.301064E-06
   714   0.107040E-03   0.297790E-06
   715   0.105728E-03   0.294551E-06
   716   0.104432E-03   0.291347E-06
   717   0.103152E-03   0.288177E-06
   718   0.101888E-03   0.285042E-06
   719   0.100639E-03   0.281939E-06
   720   0.994051E-04   0.278870E-06
   721   0.981867E-04   0.275834E-06
   722   0.969832E-04   0.272830E-06
   723   0.957944E-04   0.269859E-06
   724   0.946202E-04   0.266919E-06
   725   0.934604E-04   0.264011E-06
   726   0.923149E-04   0.261134E-06
   727   0.911833E-04   0.258288E-06
   728   0.900657E-04   0.255473E-06
   729   0.889617E-04   0.252688E-06
   730   0.878712E-04   0.249932E-06
   731   0.867942E-04   0.247206E-06
   732   0.857303E-04   0.244510E-06
   733   0.846795E-04   0.241842E-06
   734   0.836415E-04   0.239203E-06
   735   0.826163E-04   0.236593E-06
   736   0.816037E-04   0.234010E-06
   737   0.806034E-04   0.231455E-06
   738   0.796154E-04   0.228928E-06
   739   0.786395E-04   0.226428E-06
   740   0.776756E-04   0.223955E-06
   741   0.767235E-04   0.221508E-06
   742   0.757831E-04   0.219088E-06
   743   0.748542E-04   0.216694E-06
   744   0.739367E-04   0.214325E-06
   745   0.730304E-04   0.211982E-06
   746   0.721353E-04   0.209665E-06
   747   0.712511E-04   0.207372E-06
   748   0.703777E-04   0.205104E-06
   749   0.695151E-04   0.202860E-06
   750   0.686630E-04   0.200641E-06
   751   0.678214E-04   0.198446E-06
   752   0.669901E-04   0.196274E-06
   753   0.661689E-04   0.194125E-06
   754   0.653579E-04   0.192000E-06
   755   0.645568E-04   0.189898E-06
   756   0.637655E-04   0.187818E-06
   757   0.629839E-04   0.185761E-06
   758   0.622119E-04   0.183726E-06
   759   0.614493E-04   0.181713E-06
   760   0.606961E-04   0.179722E-06
   761   0.599521E-04   0.177752E-06
   762   0.592173E-04   0.175804E-06
   763   0.584914E-04   0.173877E-06
   764   0.577745E-04   0.171970E-06
   765   0.570663E-04   0.170084E-06
   766   0.563668E-04   0.168219E-06
   767   0.556759E-04   0.166373E-06
   768   0.549935E-04   0.164548E-06
   769   0.543194E-04   0.162742E-06
   770   0.536536E-04   0.160956E-06
   771   0.529959E-04   0.159190E-06
   772   0.523464E-04   0.157442E-06
   773   0.517047E-04   0.155713E-06
   774   0.510710E-04   0.154003E-06
   775   0.504450E-04   0.152312E-06
   776   0.498266E-04   0.150639E-06
   777   0.492159E-04   0.148984E-06
   778   0.486126E-04   0.147347E-06
   779   0.480168E-04   0.145727E-06
   780   0.474282E-04   0.144126E-06
   781   0.468469E-04   0.142541E-06
   782   0.462727E-04   0.140974E-06
   783   0.457055E-04   0.139424E-06
   784   0.451452E-04   0.137891E-06
   785   0.445919E-04   0.136374E-06
   786   0.440453E-04   0.134874E-06
   787   0.435054E-04   0.133390E-06
   788   0.429722E-04   0.131922E-06
   789   0.424454E-04   0.130470E-06
   790   0.419252E-04   0.129034E-06
   791   0.414113E-04   0.127613E-06
   792   0.409037E-04   0.126208E-06
   793   0.404023E-04   0.124818E-06
   794   0.399071E-04   0.123444E-06
   795   0.394179E-04   0.122084E-06
   796   0.389348E-04   0.120739E-06
   797   0.384575E-04   0.119409E-06
   798   0.379861E-04   0.118093E-06
   799   0.375205E-04   0.116791E-06
   800   0.370606E-04   0.115504E-06
   801   0.366064E-04   0.114230E-06
   802   0.361577E-04   0.112971E-06
   803   0.357145E-04   0.111725E-06
   804   0.352767E-04   0.110493E-06
   805   0.348443E-04   0.109274E-06
   806   0.344172E-04   0.108068E-06
   807   0.339953E-04   0.106876E-06
   808   0.335787E-04   0.105697E-06
   809   0.331671E-04   0.104530E-06
   810   0.327605E-04   0.103376E-06
   811   0.323590E-04   0.102235E-06
   812   0.319623E-04   0.101106E-06
   813   0.315706E-04   0.999896E-07
   814   0.311836E-04   0.988853E-07
   815   0.308014E-04   0.977931E-07
   816   0.304238E-04   0.967127E-07
   817   0.300509E-04   0.956441E-07
   818   0.296826E-04   0.945872E-07
   819   0.293187E-04   0.935419E-07
   820   0.289594E-04   0.925079E-07
   821   0.286044E-04   0.914853E-07
   822   0.282538E-04   0.904738E-07
   823   0.279075E-04   0.894734E-07
   824   0.275654E-04   0.884839E-07
   825   0.272275E-04   0.875052E-07
   826   0.268938E-04   0.865372E-07
   827   0.265641E-04   0.855798E-07
   828   0.262385E-04   0.846329E-07
   829   0.259169E-04   0.836963E-07
   830   0.255992E-04   0.827700E-07
   831   0.252855E-04   0.818538E-07
   832   0.249755E-04   0.809476E-07
   833   0.246694E-04   0.800513E-07
   834   0.243670E-04   0.791649E-07
   835   0.240683E-04   0.782881E-07
   836   0.237733E-04   0.774210E-07
   837   0.234819E-04   0.765633E-07
   838   0.231941E-04   0.757151E-07
   839   0.229098E-04   0.748761E-07
   840   0.226290E-04   0.740463E-07
   841   0.223516E-04   0.732256E-07
   842   0.220776E-04   0.724140E-07
   843   0.218070E-04   0.716112E-07
   844   0.215397E-04   0.708172E-07
   845   0.212757E-04   0.700319E-07
   846   0.210149E-04   0.692552E-07
   847   0.207573E-04   0.684870E-07
   848   0.205029E-04   0.677273E-07
   849   0.202516E-04   0.669759E-07
   850   0.200034E-04   0.662327E-07
   851   0.197582E-04   0.654977E-07
   852   0.195160E-04   0.647708E-07
   853   0.192768E-04   0.640519E-07
   854   0.190405E-04   0.633408E-07
   855   0.188071E-04   0.626375E-07
   856   0.185766E-04   0.619420E-07
   857   0.183489E-04   0.612541E-07
   858   0.181240E-04   0.605738E-07
   859   0.179018E-04   0.599009E-07
   860   0.176824E-04   0.592355E-07
   861   0.174656E-04   0.585773E-07
   862   0.172516E-04   0.579264E-07
   863   0.170401E-04   0.572826E-07
   864   0.168312E-04   0.566460E-07
   865   0.166249E-04   0.560163E-07
   866   0.164212E-04   0.553935E-07
   867   0.162199E-04   0.547776E-07
   868   0.160211E-04   0.541685E-07
   869   0.158247E-04   0.535661E-07
   870   0.156307E-04   0.529703E-07
   871   0.154391E-04   0.523810E-07
   872   0.152499E-04   0.517983E-07
   873   0.150630E-04   0.512219E-07
   874   0.148783E-04   0.506519E-07
   875   0.146960E-04   0.500882E-07
   876   0.145158E-04   0.495307E-07
   877   0.143379E-04   0.489794E-07
   878   0.141622E-04   0.484341E-07
   879   0.139886E-04   0.478948E-07
   880   0.138171E-04   0.473615E-07
   881   0.136477E-04   0.468340E-07
   882   0.134805E-04   0.463124E-07
   883   0.133152E-04   0.457965E-07
   884   0.131520E-04   0.452863E-07
   885   0.129908E-04   0.447817E-07
   886   0.128316E-04   0.442827E-07
   887   0.126743E-04   0.437892E-07
   888   0.125189E-04   0.433011E-07
   889   0.123655E-04   0.428184E-07
   890   0.122139E-04   0.423411E-07
   891   0.120642E-04   0.418690E-07
   892   0.119163E-04   0.414021E-07
   893   0.117703E-04   0.409404E-07
   894   0.116260E-04   0.404838E-07
   895   0.114835E-04   0.400322E-07
   896   0.113427E-04   0.395856E-07
   897   0.112037E-04   0.391440E-07
   898   0.110664E-04   0.387072E-07
   899   0.109307E-04   0.382753E-07
   900   0.107967E-04   0.378481E-07
   901   0.106644E-04   0.374256E-07
   902   0.105337E-04   0.370079E-07
   903   0.104046E-04   0.365947E-07
   904   0.102770E-04   0.361861E-07
   905   0.101511E-04   0.357820E-07
   906   0.100266E-04   0.353824E-07
   907   0.990375E-05   0.349872E-07
   908   0.978235E-05   0.345964E-07
   909   0.966245E-05   0.342099E-07
   910   0.954401E-05   0.338277E-07
   911   0.942703E-05   0.334497E-07
   912   0.931148E-05   0.330759E-07
   913   0.919734E-05   0.327062E-07
   914   0.908461E-05   0.323407E-07
   915   0.897325E-05   0.319791E-07
   916   0.886327E-05   0.316216E-07
   917   0.875463E-05   0.312681E-07
   918   0.864732E-05   0.309184E-07
   919   0.854132E-05   0.305727E-07
   920   0.843663E-05   0.302307E-07
   921   0.833322E-05   0.298926E-07
   922   0.823108E-05   0.295582E-07
   923   0.813018E-05   0.292275E-07
   924   0.803053E-05   0.289004E-07
   925   0.793210E-05   0.285770E-07
   926   0.783487E-05   0.282572E-07
   927   0.773884E-05   0.279409E-07
   928   0.764398E-05   0.276282E-07
   929   0.755028E-05   0.273189E-07
   930   0.745774E-05   0.270130E-07
   931   0.736632E-05   0.267105E-07
   932   0.727603E-05   0.264114E-07
   933   0.718685E-05   0.261156E-07
   934   0.709876E-05   0.258231E-07
   935   0.701174E-05   0.255339E-07
   936   0.692580E-05   0.252478E-07
   937   0.684091E-05   0.249649E-07
   938   0.675705E-05   0.246852E-07
   939   0.667423E-05   0.244086E-07
   940   0.659242E-05   0.241350E-07
   941   0.651162E-05   0.238645E-07
   942   0.643180E-05   0.235970E-07
   943   0.635296E-05   0.233324E-07
   944   0.627509E-05   0.230708E-07
   945   0.619818E-05   0.228122E-07
   946   0.612220E-05   0.225563E-07
   947   0.604716E-05   0.223034E-07
   948   0.597304E-05   0.220532E-07
   949   0.589983E-05   0.218058E-07
   950   0.582751E-05   0.215612E-07
   951   0.575608E-05   0.213193E-07
   952   0.568553E-05   0.210801E-07
   953   0.561584E-05   0.208435E-07
   954   0.554700E-05   0.206096E-07
   955   0.547901E-05   0.203783E-07
   956   0.541185E-05   0.201495E-07
   957   0.534552E-05   0.199233E-07
   958   0.527999E-05   0.196996E-07
   959   0.521528E-05   0.194784E-07
   960   0.515135E-05   0.192597E-07
   961   0.508821E-05   0.190434E-07
   962   0.502584E-05   0.188295E-07
   963   0.496424E-05   0.186180E-07
   964   0.490339E-05   0.184089E-07
   965   0.484329E-05   0.182021E-07
   966   0.478392E-05   0.179976E-07
   967   0.472528E-05   0.177953E-07
   968   0.466736E-05   0.175953E-07
   969   0.461015E-05   0.173976E-07
   970   0.455364E-05   0.172020E-07
   971   0.449783E-05   0.170087E-07
   972   0.444270E-05   0.168175E-07
   973   0.438824E-05   0.166284E-07
   974   0.433445E-05   0.164414E-07
   975   0.428132E-05   0.162565E-07
   976   0.422885E-05   0.160737E-07
   977   0.417701E-05   0.158929E-07
   978   0.412581E-05   0.157141E-07
   979   0.407524E-05   0.155374E-07
   980   0.402529E-05   0.153626E-07
   981   0.397595E-05   0.151897E-07
   982   0.392722E-05   0.150188E-07
   983   0.387908E-05   0.148498E-07
   984   0.383153E-05   0.146827E-07
   985   0.378457E-05   0.145174E-07
   986   0.373818E-05   0.143540E-07
   987   0.369236E-05   0.141924E-07
   988   0.364710E-05   0.140326E-07
   989   0.360239E-05   0.138746E-07
   990   0.355824E-05   0.137184E-07
   991   0.351462E-05   0.135639E-07
   992   0.347154E-05   0.134111E-07
   993   0.342899E-05   0.132601E-07
   994   0.338696E-05   0.131107E-07
   995   0.334545E-05   0.129630E-07
   996   0.330444E-05   0.128169E-07
   997   0.326394E-05   0.126725E-07
   998   0.322393E-05   0.125297E-07
   999   0.318441E-05   0.123885E-07
  1000   0.314538E-05   0.122489E-07
  1001   0.310683E-05   0.121108E-07
  1002   0.306874E-05   0.119743E-07
  1003   0.303113E-05   0.118393E-07
  1004   0.299398E-05   0.117058E-07
  1005   0.295728E-05   0.115738E-07
  1006   0.292103E-05   0.114433E-07
  1007   0.288523E-05   0.113143E-07
  1008   0.284986E-05   0.111867E-07
  1009   0.281493E-05   0.110605E-07
  1010   0.278042E-05   0.109357E-07
  1011   0.274634E-05   0.108124E-07
  1012   0.271268E-05   0.106904E-07
  1013   0.267943E-05   0.105697E-07
  1014   0.264659E-05   0.104505E-07
  1015   0.261415E-05   0.103325E-07
  1016   0.258211E-05   0.102159E-07
  1017   0.255046E-05   0.101006E-07
  1018   0.251919E-05   0.998660E-08
  1019   0.248831E-05   0.987386E-08
  1020   0.245781E-05   0.976239E-08
  1021   0.242769E-05   0.965216E-08
  1022   0.239793E-05   0.954317E-08
  1023   0.236854E-05   0.943540E-08
  1024   0.233951E-05   0.932884E-08
  1025   0.231083E-05   0.922347E-08
  1026   0.228251E-05   0.911929E-08
  1027   0.225453E-05   0.901627E-08
  1028   0.222689E-05   0.891441E-08
  1029   0.219960E-05   0.881369E-08
  1030   0.217264E-05   0.871410E-08
  1031   0.214601E-05   0.861563E-08
  1032   0.211970E-05   0.851826E-08
  1033   0.209372E-05   0.842199E-08
  1034   0.206806E-05   0.832679E-08
  1035   0.204271E-05   0.823267E-08
  1036   0.201767E-05   0.813960E-08
  1037   0.199294E-05   0.804757E-08
  1038   0.196851E-05   0.795658E-08
  1039   0.194438E-05   0.786661E-08
  1040   0.192055E-05   0.777765E-08
  1041   0.189701E-05   0.768969E-08
  1042   0.187375E-05   0.760271E-08
  1043   0.185079E-05   0.751672E-08
  1044   0.182810E-05   0.743168E-08
  1045   0.180569E-05   0.734761E-08
  1046   0.178356E-05   0.726448E-08
  1047   0.176170E-05   0.718228E-08
  1048   0.174011E-05   0.710101E-08
  1049   0.171878E-05   0.702065E-08
  1050   0.169771E-05   0.694119E-08
  1051   0.167690E-05   0.686262E-08
  1052   0.165634E-05   0.678494E-08
  1053   0.163604E-05   0.670813E-08
  1054   0.161599E-05   0.663219E-08
  1055   0.159618E-05   0.655710E-08
  1056   0.157662E-05   0.648285E-08
  1057   0.155729E-05   0.640944E-08
  1058   0.153820E-05   0.633686E-08
  1059   0.151935E-05   0.626509E-08
  1060   0.150073E-05   0.619412E-08
  1061   0.148233E-05   0.612396E-08
  1062   0.146416E-05   0.605459E-08
  1063   0.144621E-05   0.598599E-08
  1064   0.142849E-05   0.591817E-08
  1065   0.141098E-05   0.585111E-08
  1066   0.139368E-05   0.578481E-08
  1067   0.137660E-05   0.571925E-08
  1068   0.135973E-05   0.565443E-08
  1069   0.134306E-05   0.559034E-08
  1070   0.132660E-05   0.552697E-08
  1071   0.131034E-05   0.546432E-08
  1072   0.129428E-05   0.540237E-08
  1073   0.127841E-05   0.534112E-08
  1074   0.126274E-05   0.528056E-08
  1075   0.124726E-05   0.522068E-08
  1076   0.123198E-05   0.516147E-08
  1077   0.121687E-05   0.510293E-08
  1078   0.120196E-05   0.504505E-08
  1079   0.118723E-05   0.498783E-08
  1080   0.117267E-05   0.493125E-08
  1081   0.115830E-05   0.487530E-08
  1082   0.114410E-05   0.481999E-08
  1083   0.113008E-05   0.476530E-08
  1084   0.111623E-05   0.471123E-08
  1085   0.110254E-05   0.465776E-08
  1086   0.108903E-05   0.460490E-08
  1087   0.107568E-05   0.455264E-08
  1088   0.106250E-05   0.450096E-08
  1089   0.104947E-05   0.444987E-08
  1090   0.103661E-05   0.439936E-08
  1091   0.102390E-05   0.434941E-08
  1092   0.101135E-05   0.430003E-08
  1093   0.998957E-06   0.425120E-08
  1094   0.986712E-06   0.420293E-08
  1095   0.974618E-06   0.415519E-08
  1096   0.962671E-06   0.410800E-08
  1097   0.950871E-06   0.406134E-08
  1098   0.939216E-06   0.401521E-08
  1099   0.927704E-06   0.396960E-08
  1100   0.916333E-06   0.392450E-08
  1101   0.905101E-06   0.387992E-08
  1102   0.894007E-06   0.383583E-08
  1103   0.883049E-06   0.379225E-08
  1104   0.872225E-06   0.374915E-08
  1105   0.861534E-06   0.370654E-08
  1106   0.850973E-06   0.366442E-08
  1107   0.840543E-06   0.362277E-08
  1108   0.830240E-06   0.358159E-08
  1109   0.820063E-06   0.354087E-08
  1110   0.810012E-06   0.350062E-08
  1111   0.800083E-06   0.346082E-08
  1112   0.790276E-06   0.342147E-08
  1113   0.780589E-06   0.338256E-08
  1114   0.771021E-06   0.334409E-08
  1115   0.761571E-06   0.330606E-08
  1116   0.752236E-06   0.326846E-08
  1117   0.743015E-06   0.323129E-08
  1118   0.733908E-06   0.319453E-08
  1119   0.724912E-06   0.315819E-08
  1120   0.716027E-06   0.312226E-08
  1121   0.707250E-06   0.308674E-08
  1122   0.698581E-06   0.305162E-08
  1123   0.690018E-06   0.301689E-08
  1124   0.681561E-06   0.298256E-08
  1125   0.673206E-06   0.294862E-08
  1126   0.664955E-06   0.291506E-08
  1127   0.656804E-06   0.288188E-08
  1128   0.648753E-06   0.284907E-08
  1129   0.640801E-06   0.281664E-08
  1130   0.632947E-06   0.278458E-08
  1131   0.625189E-06   0.275287E-08
  1132   0.617525E-06   0.272153E-08
  1133   0.609956E-06   0.269054E-08
  1134   0.602480E-06   0.265990E-08
  1135   0.595095E-06   0.262961E-08
  1136   0.587801E-06   0.259966E-08
  1137   0.580596E-06   0.257005E-08
  1138   0.573479E-06   0.254078E-08
  1139   0.566450E-06   0.251183E-08
  1140   0.559507E-06   0.248322E-08
  1141   0.552649E-06   0.245493E-08
  1142   0.545875E-06   0.242696E-08
  1143   0.539184E-06   0.239930E-08
  1144   0.532575E-06   0.237196E-08
  1145   0.526047E-06   0.234493E-08
  1146   0.519599E-06   0.231821E-08
  1147   0.513230E-06   0.229179E-08
  1148   0.506939E-06   0.226566E-08
  1149   0.500725E-06   0.223984E-08
  1150   0.494588E-06   0.221430E-08
  1151   0.488525E-06   0.218906E-08
  1152   0.482537E-06   0.216410E-08
  1153   0.476623E-06   0.213943E-08
  1154   0.470781E-06   0.211503E-08
  1155   0.465010E-06   0.209091E-08
  1156   0.459310E-06   0.206707E-08
  1157   0.453680E-06   0.204349E-08
  1158   0.448119E-06   0.202019E-08
  1159   0.442627E-06   0.199714E-08
  1160   0.437201E-06   0.197436E-08
  1161   0.431842E-06   0.195184E-08
  1162   0.426549E-06   0.192957E-08
  1163   0.421321E-06   0.190756E-08
  1164   0.416156E-06   0.188579E-08
  1165   0.411055E-06   0.186427E-08
  1166   0.406017E-06   0.184300E-08
  1167   0.401040E-06   0.182197E-08
  1168   0.396124E-06   0.180117E-08
  1169   0.391269E-06   0.178061E-08
  1170   0.386473E-06   0.176029E-08
  1171   0.381736E-06   0.174020E-08
  1172   0.377057E-06   0.172033E-08
  1173   0.372435E-06   0.170069E-08
  1174   0.367870E-06   0.168127E-08
  1175   0.363361E-06   0.166208E-08
  1176   0.358907E-06   0.164310E-08
  1177   0.354508E-06   0.162433E-08
  1178   0.350163E-06   0.160578E-08
  1179   0.345870E-06   0.158744E-08
  1180   0.341631E-06   0.156931E-08
  1181   0.337444E-06   0.155139E-08
  1182   0.333307E-06   0.153367E-08
  1183   0.329222E-06   0.151615E-08
  1184   0.325187E-06   0.149883E-08
  1185   0.321201E-06   0.148170E-08
  1186   0.317264E-06   0.146477E-08
  1187   0.313375E-06   0.144803E-08
  1188   0.309534E-06   0.143149E-08
  1189   0.305739E-06   0.141513E-08
  1190   0.301992E-06   0.139896E-08
  1191   0.298290E-06   0.138297E-08
  1192   0.294634E-06   0.136716E-08
  1193   0.291023E-06   0.135153E-08
  1194   0.287455E-06   0.133608E-08
  1195   0.283932E-06   0.132081E-08
  1196   0.280452E-06   0.130571E-08
  1197   0.277014E-06   0.129078E-08
  1198   0.273619E-06   0.127602E-08
  1199   0.270265E-06   0.126143E-08
  1200   0.266952E-06   0.124700E-08
  1201   0.263680E-06   0.123274E-08
  1202   0.260448E-06   0.121864E-08
  1203   0.257256E-06   0.120471E-08
  1204   0.254102E-06   0.119093E-08
  1205   0.250988E-06   0.117730E-08
  1206   0.247911E-06   0.116384E-08
  1207   0.244872E-06   0.115052E-08
  1208   0.241871E-06   0.113736E-08
  1209   0.238906E-06   0.112434E-08
  1210   0.235978E-06   0.111148E-08
  1211   0.233085E-06   0.109876E-08
  1212   0.230228E-06   0.108619E-08
  1213   0.227406E-06   0.107376E-08
  1214   0.224619E-06   0.106147E-08
  1215   0.221866E-06   0.104932E-08
  1216   0.219146E-06   0.103731E-08
  1217   0.216460E-06   0.102543E-08
  1218   0.213807E-06   0.101369E-08
  1219   0.211186E-06   0.100209E-08
  1220   0.208598E-06   0.990616E-09
  1221   0.206041E-06   0.979273E-09
  1222   0.203515E-06   0.968060E-09
  1223   0.201021E-06   0.956975E-09
  1224   0.198557E-06   0.946016E-09
  1225   0.196123E-06   0.935182E-09
  1226   0.193719E-06   0.924471E-09
  1227   0.191344E-06   0.913883E-09
  1228   0.188999E-06   0.903415E-09
  1229   0.186682E-06   0.893066E-09
  1230   0.184394E-06   0.882835E-09
  1231   0.182134E-06   0.872721E-09
  1232   0.179902E-06   0.862723E-09
  1233   0.177696E-06   0.852838E-09
  1234   0.175518E-06   0.843066E-09
  1235   0.173367E-06   0.833405E-09
  1236   0.171242E-06   0.823855E-09
  1237   0.169143E-06   0.814413E-09
  1238   0.167070E-06   0.805080E-09
  1239   0.165022E-06   0.795852E-09
  1240   0.162999E-06   0.786730E-09
  1241   0.161001E-06   0.777712E-09
  1242   0.159028E-06   0.768797E-09
  1243   0.157079E-06   0.759983E-09
  1244   0.155153E-06   0.751270E-09
  1245   0.153251E-06   0.742657E-09
  1246   0.151373E-06   0.734141E-09
  1247   0.149517E-06   0.725723E-09
  1248   0.147685E-06   0.717401E-09
  1249   0.145875E-06   0.709174E-09
  1250   0.144087E-06   0.701041E-09
  1251   0.142320E-06   0.693001E-09
  1252   0.140576E-06   0.685052E-09
  1253   0.138853E-06   0.677194E-09
  1254   0.137151E-06   0.669426E-09
  1255   0.135470E-06   0.661746E-09
  1256   0.133809E-06   0.654155E-09
  1257   0.132169E-06   0.646650E-09
  1258   0.130549E-06   0.639230E-09
  1259   0.128949E-06   0.631896E-09
  1260   0.127368E-06   0.624645E-09
  1261   0.125807E-06   0.617477E-09
  1262   0.124265E-06   0.610390E-09
  1263   0.122742E-06   0.603385E-09
  1264   0.121237E-06   0.596460E-09
  1265   0.119751E-06   0.589614E-09
  1266   0.118284E-06   0.582846E-09
  1267   0.116834E-06   0.576155E-09
  1268   0.115402E-06   0.569541E-09
  1269   0.113987E-06   0.563003E-09
  1270   0.112590E-06   0.556539E-09
  1271   0.111210E-06   0.550149E-09
  1272   0.109847E-06   0.543832E-09
  1273   0.108500E-06   0.537587E-09
  1274   0.107170E-06   0.531414E-09
  1275   0.105857E-06   0.525311E-09
  1276   0.104559E-06   0.519278E-09
  1277   0.103278E-06   0.513314E-09
  1278   0.102012E-06   0.507418E-09
  1279   0.100761E-06   0.501590E-09
  1280   0.995262E-07   0.495828E-09
