Iter     SteadyRMS     UnsteadyRMS
     1   0.709895       0.142657E-05
     2   0.705531       0.283559E-05
     3   0.701193       0.422723E-05
     4   0.696883       0.560166E-05
     5   0.692599       0.695902E-05
     6   0.688341       0.829948E-05
     7   0.684109       0.962319E-05
     8   0.679904       0.109303E-04
     9   0.675724       0.122210E-04
    10   0.671570       0.134954E-04
    11   0.667441       0.147537E-04
    12   0.663338       0.159959E-04
    13   0.659260       0.172224E-04
    14   0.655208       0.184331E-04
    15   0.651180       0.196284E-04
    16   0.647177       0.208082E-04
    17   0.643198       0.219728E-04
    18   0.639244       0.231222E-04
    19   0.635314       0.242567E-04
    20   0.631409       0.253764E-04
    21   0.627527       0.264814E-04
    22   0.623669       0.275719E-04
    23   0.619835       0.286479E-04
    24   0.616025       0.297096E-04
    25   0.612238       0.307573E-04
    26   0.608474       0.317909E-04
    27   0.604733       0.328106E-04
    28   0.601016       0.338166E-04
    29   0.597321       0.348090E-04
    30   0.593649       0.357879E-04
    31   0.590000       0.367535E-04
    32   0.586373       0.377058E-04
    33   0.582768       0.386450E-04
    34   0.579185       0.395713E-04
    35   0.575625       0.404847E-04
    36   0.572086       0.413853E-04
    37   0.568569       0.422734E-04
    38   0.565074       0.431490E-04
    39   0.561600       0.440122E-04
    40   0.558148       0.448632E-04
    41   0.554716       0.457020E-04
    42   0.551306       0.465289E-04
    43   0.547917       0.473438E-04
    44   0.544549       0.481469E-04
    45   0.541201       0.489384E-04
    46   0.537874       0.497184E-04
    47   0.534567       0.504869E-04
    48   0.531281       0.512440E-04
    49   0.528015       0.519900E-04
    50   0.524769       0.527248E-04
    51   0.521543       0.534486E-04
    52   0.518337       0.541616E-04
    53   0.515150       0.548637E-04
    54   0.511984       0.555552E-04
    55   0.508836       0.562361E-04
    56   0.505708       0.569065E-04
    57   0.502599       0.575666E-04
    58   0.499509       0.582163E-04
    59   0.496439       0.588560E-04
    60   0.493387       0.594855E-04
    61   0.490354       0.601051E-04
    62   0.487339       0.607148E-04
    63   0.484343       0.613147E-04
    64   0.481366       0.619050E-04
    65   0.478407       0.624857E-04
    66   0.475466       0.630569E-04
    67   0.472543       0.636187E-04
    68   0.469638       0.641713E-04
    69   0.466751       0.647146E-04
    70   0.463881       0.652488E-04
    71   0.461029       0.657741E-04
    72   0.458195       0.662903E-04
    73   0.455379       0.667978E-04
    74   0.452579       0.672965E-04
    75   0.449797       0.677865E-04
    76   0.447032       0.682680E-04
    77   0.444284       0.687410E-04
    78   0.441552       0.692056E-04
    79   0.438838       0.696619E-04
    80   0.436140       0.701100E-04
    81   0.433459       0.705499E-04
    82   0.430794       0.709817E-04
    83   0.428146       0.714056E-04
    84   0.425514       0.718216E-04
    85   0.422898       0.722297E-04
    86   0.420298       0.726302E-04
    87   0.417714       0.730229E-04
    88   0.415147       0.734081E-04
    89   0.412594       0.737859E-04
    90   0.410058       0.741561E-04
    91   0.407537       0.745191E-04
    92   0.405032       0.748747E-04
    93   0.402542       0.752232E-04
    94   0.400067       0.755646E-04
    95   0.397608       0.758989E-04
    96   0.395164       0.762263E-04
    97   0.392734       0.765467E-04
    98   0.390320       0.768604E-04
    99   0.387920       0.771673E-04
   100   0.385536       0.774675E-04
   101   0.383166       0.777611E-04
   102   0.380810       0.780482E-04
   103   0.378469       0.783287E-04
   104   0.376142       0.786029E-04
   105   0.373830       0.788708E-04
   106   0.371532       0.791324E-04
   107   0.369248       0.793878E-04
   108   0.366978       0.796370E-04
   109   0.364722       0.798802E-04
   110   0.362480       0.801174E-04
   111   0.360251       0.803487E-04
   112   0.358037       0.805741E-04
   113   0.355836       0.807937E-04
   114   0.353648       0.810075E-04
   115   0.351474       0.812156E-04
   116   0.349314       0.814182E-04
   117   0.347166       0.816151E-04
   118   0.345032       0.818066E-04
   119   0.342911       0.819926E-04
   120   0.340803       0.821733E-04
   121   0.338708       0.823486E-04
   122   0.336625       0.825186E-04
   123   0.334556       0.826835E-04
   124   0.332499       0.828432E-04
   125   0.330455       0.829978E-04
   126   0.328424       0.831474E-04
   127   0.326405       0.832920E-04
   128   0.324398       0.834317E-04
   129   0.322404       0.835665E-04
   130   0.320422       0.836965E-04
   131   0.318452       0.838218E-04
   132   0.316495       0.839423E-04
   133   0.314549       0.840582E-04
   134   0.312615       0.841695E-04
   135   0.310693       0.842763E-04
   136   0.308783       0.843785E-04
   137   0.306885       0.844764E-04
   138   0.304999       0.845698E-04
   139   0.303124       0.846588E-04
   140   0.301260       0.847436E-04
   141   0.299408       0.848242E-04
   142   0.297567       0.849005E-04
   143   0.295738       0.849727E-04
   144   0.293920       0.850408E-04
   145   0.292113       0.851049E-04
   146   0.290317       0.851649E-04
   147   0.288533       0.852210E-04
   148   0.286759       0.852732E-04
   149   0.284996       0.853215E-04
   150   0.283244       0.853661E-04
   151   0.281503       0.854068E-04
   152   0.279772       0.854438E-04
   153   0.278052       0.854771E-04
   154   0.276343       0.855068E-04
   155   0.274644       0.855329E-04
   156   0.272956       0.855554E-04
   157   0.271278       0.855744E-04
   158   0.269610       0.855900E-04
   159   0.267953       0.856021E-04
   160   0.266305       0.856109E-04
   161   0.264668       0.856163E-04
   162   0.263041       0.856183E-04
   163   0.261424       0.856172E-04
   164   0.259817       0.856128E-04
   165   0.258220       0.856052E-04
   166   0.256633       0.855945E-04
   167   0.255055       0.855807E-04
   168   0.253487       0.855638E-04
   169   0.251929       0.855439E-04
   170   0.250380       0.855210E-04
   171   0.248841       0.854951E-04
   172   0.247311       0.854664E-04
   173   0.245791       0.854347E-04
   174   0.244280       0.854002E-04
   175   0.242778       0.853629E-04
   176   0.241285       0.853228E-04
   177   0.239802       0.852800E-04
   178   0.238328       0.852345E-04
   179   0.236863       0.851864E-04
   180   0.235407       0.851356E-04
   181   0.233959       0.850822E-04
   182   0.232521       0.850262E-04
   183   0.231092       0.849678E-04
   184   0.229671       0.849068E-04
   185   0.228259       0.848434E-04
   186   0.226856       0.847775E-04
   187   0.225461       0.847092E-04
   188   0.224075       0.846386E-04
   189   0.222698       0.845656E-04
   190   0.221329       0.844904E-04
   191   0.219968       0.844128E-04
   192   0.218616       0.843330E-04
   193   0.217272       0.842510E-04
   194   0.215936       0.841669E-04
   195   0.214609       0.840806E-04
   196   0.213289       0.839921E-04
   197   0.211978       0.839016E-04
   198   0.210675       0.838090E-04
   199   0.209380       0.837144E-04
   200   0.208093       0.836177E-04
   201   0.206814       0.835191E-04
   202   0.205542       0.834186E-04
   203   0.204279       0.833161E-04
   204   0.203023       0.832117E-04
   205   0.201775       0.831055E-04
   206   0.200534       0.829974E-04
   207   0.199302       0.828875E-04
   208   0.198076       0.827759E-04
   209   0.196859       0.826624E-04
   210   0.195648       0.825473E-04
   211   0.194446       0.824304E-04
   212   0.193250       0.823118E-04
   213   0.192062       0.821916E-04
   214   0.190882       0.820697E-04
   215   0.189708       0.819463E-04
   216   0.188542       0.818212E-04
   217   0.187383       0.816946E-04
   218   0.186231       0.815665E-04
   219   0.185086       0.814368E-04
   220   0.183948       0.813057E-04
   221   0.182817       0.811731E-04
   222   0.181694       0.810390E-04
   223   0.180577       0.809035E-04
   224   0.179467       0.807667E-04
   225   0.178363       0.806284E-04
   226   0.177267       0.804888E-04
   227   0.176177       0.803479E-04
   228   0.175094       0.802057E-04
   229   0.174018       0.800621E-04
   230   0.172948       0.799173E-04
   231   0.171885       0.797713E-04
   232   0.170828       0.796240E-04
   233   0.169778       0.794755E-04
   234   0.168734       0.793259E-04
   235   0.167697       0.791751E-04
   236   0.166666       0.790231E-04
   237   0.165641       0.788700E-04
   238   0.164623       0.787158E-04
   239   0.163611       0.785605E-04
   240   0.162605       0.784042E-04
   241   0.161606       0.782468E-04
   242   0.160612       0.780884E-04
   243   0.159625       0.779289E-04
   244   0.158643       0.777685E-04
   245   0.157668       0.776071E-04
   246   0.156699       0.774448E-04
   247   0.155736       0.772815E-04
   248   0.154778       0.771173E-04
   249   0.153827       0.769522E-04
   250   0.152881       0.767862E-04
   251   0.151941       0.766193E-04
   252   0.151007       0.764516E-04
   253   0.150079       0.762830E-04
   254   0.149156       0.761137E-04
   255   0.148239       0.759435E-04
   256   0.147328       0.757725E-04
   257   0.146422       0.756008E-04
   258   0.145522       0.754283E-04
   259   0.144627       0.752551E-04
   260   0.143738       0.750812E-04
   261   0.142855       0.749066E-04
   262   0.141977       0.747312E-04
   263   0.141104       0.745552E-04
   264   0.140236       0.743785E-04
   265   0.139374       0.742012E-04
   266   0.138517       0.740233E-04
   267   0.137666       0.738447E-04
   268   0.136820       0.736656E-04
   269   0.135978       0.734858E-04
   270   0.135143       0.733055E-04
   271   0.134312       0.731246E-04
   272   0.133486       0.729432E-04
   273   0.132665       0.727612E-04
   274   0.131850       0.725787E-04
   275   0.131039       0.723957E-04
   276   0.130234       0.722122E-04
   277   0.129433       0.720283E-04
   278   0.128637       0.718438E-04
   279   0.127847       0.716589E-04
   280   0.127061       0.714736E-04
   281   0.126280       0.712878E-04
   282   0.125503       0.711017E-04
   283   0.124732       0.709151E-04
   284   0.123965       0.707281E-04
   285   0.123203       0.705407E-04
   286   0.122445       0.703530E-04
   287   0.121693       0.701649E-04
   288   0.120945       0.699765E-04
   289   0.120201       0.697877E-04
   290   0.119462       0.695986E-04
   291   0.118728       0.694092E-04
   292   0.117998       0.692195E-04
   293   0.117273       0.690295E-04
   294   0.116552       0.688392E-04
   295   0.115835       0.686486E-04
   296   0.115123       0.684578E-04
   297   0.114415       0.682668E-04
   298   0.113712       0.680755E-04
   299   0.113013       0.678839E-04
   300   0.112318       0.676922E-04
   301   0.111628       0.675003E-04
   302   0.110941       0.673081E-04
   303   0.110259       0.671158E-04
   304   0.109582       0.669232E-04
   305   0.108908       0.667305E-04
   306   0.108238       0.665377E-04
   307   0.107573       0.663447E-04
   308   0.106912       0.661516E-04
   309   0.106254       0.659583E-04
   310   0.105601       0.657649E-04
   311   0.104952       0.655714E-04
   312   0.104307       0.653777E-04
   313   0.103666       0.651840E-04
   314   0.103028       0.649902E-04
   315   0.102395       0.647963E-04
   316   0.101766       0.646024E-04
   317   0.101140       0.644083E-04
   318   0.100518       0.642142E-04
   319   0.999002E-01   0.640201E-04
   320   0.992861E-01   0.638259E-04
   321   0.986757E-01   0.636317E-04
   322   0.980691E-01   0.634375E-04
   323   0.974662E-01   0.632433E-04
   324   0.968670E-01   0.630490E-04
   325   0.962715E-01   0.628547E-04
   326   0.956797E-01   0.626605E-04
   327   0.950915E-01   0.624662E-04
   328   0.945069E-01   0.622720E-04
   329   0.939260E-01   0.620778E-04
   330   0.933485E-01   0.618837E-04
   331   0.927747E-01   0.616895E-04
   332   0.922043E-01   0.614955E-04
   333   0.916375E-01   0.613015E-04
   334   0.910742E-01   0.611075E-04
   335   0.905143E-01   0.609136E-04
   336   0.899579E-01   0.607198E-04
   337   0.894048E-01   0.605261E-04
   338   0.888552E-01   0.603324E-04
   339   0.883090E-01   0.601389E-04
   340   0.877661E-01   0.599454E-04
   341   0.872266E-01   0.597521E-04
   342   0.866903E-01   0.595588E-04
   343   0.861574E-01   0.593657E-04
   344   0.856277E-01   0.591727E-04
   345   0.851013E-01   0.589798E-04
   346   0.845782E-01   0.587871E-04
   347   0.840582E-01   0.585945E-04
   348   0.835415E-01   0.584021E-04
   349   0.830279E-01   0.582098E-04
   350   0.825175E-01   0.580176E-04
   351   0.820102E-01   0.578256E-04
   352   0.815061E-01   0.576338E-04
   353   0.810050E-01   0.574422E-04
   354   0.805070E-01   0.572507E-04
   355   0.800121E-01   0.570595E-04
   356   0.795202E-01   0.568684E-04
   357   0.790314E-01   0.566775E-04
   358   0.785455E-01   0.564868E-04
   359   0.780627E-01   0.562963E-04
   360   0.775828E-01   0.561060E-04
   361   0.771058E-01   0.559159E-04
   362   0.766318E-01   0.557261E-04
   363   0.761607E-01   0.555364E-04
   364   0.756925E-01   0.553470E-04
   365   0.752272E-01   0.551578E-04
   366   0.747648E-01   0.549689E-04
   367   0.743051E-01   0.547802E-04
   368   0.738483E-01   0.545917E-04
   369   0.733944E-01   0.544035E-04
   370   0.729432E-01   0.542155E-04
   371   0.724947E-01   0.540278E-04
   372   0.720491E-01   0.538403E-04
   373   0.716062E-01   0.536531E-04
   374   0.711660E-01   0.534662E-04
   375   0.707285E-01   0.532795E-04
   376   0.702937E-01   0.530931E-04
   377   0.698615E-01   0.529070E-04
   378   0.694321E-01   0.527212E-04
   379   0.690052E-01   0.525357E-04
   380   0.685810E-01   0.523504E-04
   381   0.681594E-01   0.521655E-04
   382   0.677404E-01   0.519808E-04
   383   0.673240E-01   0.517964E-04
   384   0.669101E-01   0.516124E-04
   385   0.664988E-01   0.514286E-04
   386   0.660899E-01   0.512452E-04
   387   0.656837E-01   0.510620E-04
   388   0.652799E-01   0.508792E-04
   389   0.648786E-01   0.506967E-04
   390   0.644797E-01   0.505145E-04
   391   0.640833E-01   0.503326E-04
   392   0.636894E-01   0.501511E-04
   393   0.632978E-01   0.499699E-04
   394   0.629087E-01   0.497890E-04
   395   0.625220E-01   0.496085E-04
   396   0.621376E-01   0.494283E-04
   397   0.617556E-01   0.492484E-04
   398   0.613760E-01   0.490689E-04
   399   0.609987E-01   0.488897E-04
   400   0.606237E-01   0.487109E-04
   401   0.602510E-01   0.485325E-04
   402   0.598806E-01   0.483543E-04
   403   0.595125E-01   0.481766E-04
   404   0.591466E-01   0.479992E-04
   405   0.587830E-01   0.478221E-04
   406   0.584217E-01   0.476454E-04
   407   0.580625E-01   0.474691E-04
   408   0.577056E-01   0.472932E-04
   409   0.573508E-01   0.471176E-04
   410   0.569983E-01   0.469424E-04
   411   0.566479E-01   0.467675E-04
   412   0.562996E-01   0.465931E-04
   413   0.559535E-01   0.464190E-04
   414   0.556095E-01   0.462453E-04
   415   0.552677E-01   0.460720E-04
   416   0.549279E-01   0.458990E-04
   417   0.545903E-01   0.457265E-04
   418   0.542547E-01   0.455543E-04
   419   0.539211E-01   0.453825E-04
   420   0.535896E-01   0.452111E-04
   421   0.532602E-01   0.450401E-04
   422   0.529328E-01   0.448695E-04
   423   0.526074E-01   0.446993E-04
   424   0.522840E-01   0.445295E-04
   425   0.519626E-01   0.443601E-04
   426   0.516431E-01   0.441911E-04
   427   0.513256E-01   0.440225E-04
   428   0.510101E-01   0.438543E-04
   429   0.506965E-01   0.436865E-04
   430   0.503849E-01   0.435191E-04
   431   0.500751E-01   0.433521E-04
   432   0.497673E-01   0.431855E-04
   433   0.494613E-01   0.430193E-04
   434   0.491573E-01   0.428535E-04
   435   0.488551E-01   0.426882E-04
   436   0.485547E-01   0.425233E-04
   437   0.482563E-01   0.423587E-04
   438   0.479596E-01   0.421946E-04
   439   0.476648E-01   0.420309E-04
   440   0.473717E-01   0.418677E-04
   441   0.470805E-01   0.417048E-04
   442   0.467911E-01   0.415424E-04
   443   0.465035E-01   0.413804E-04
   444   0.462176E-01   0.412188E-04
   445   0.459334E-01   0.410576E-04
   446   0.456511E-01   0.408968E-04
   447   0.453704E-01   0.407365E-04
   448   0.450915E-01   0.405766E-04
   449   0.448143E-01   0.404172E-04
   450   0.445388E-01   0.402581E-04
   451   0.442650E-01   0.400995E-04
   452   0.439929E-01   0.399413E-04
   453   0.437224E-01   0.397835E-04
   454   0.434537E-01   0.396262E-04
   455   0.431865E-01   0.394693E-04
   456   0.429210E-01   0.393129E-04
   457   0.426572E-01   0.391568E-04
   458   0.423949E-01   0.390012E-04
   459   0.421343E-01   0.388461E-04
   460   0.418753E-01   0.386913E-04
   461   0.416179E-01   0.385370E-04
   462   0.413620E-01   0.383832E-04
   463   0.411078E-01   0.382297E-04
   464   0.408550E-01   0.380767E-04
   465   0.406039E-01   0.379242E-04
   466   0.403543E-01   0.377721E-04
   467   0.401062E-01   0.376204E-04
   468   0.398596E-01   0.374691E-04
   469   0.396146E-01   0.373183E-04
   470   0.393711E-01   0.371679E-04
   471   0.391290E-01   0.370180E-04
   472   0.388885E-01   0.368685E-04
   473   0.386494E-01   0.367195E-04
   474   0.384118E-01   0.365708E-04
   475   0.381757E-01   0.364227E-04
   476   0.379410E-01   0.362749E-04
   477   0.377078E-01   0.361276E-04
   478   0.374759E-01   0.359808E-04
   479   0.372456E-01   0.358344E-04
   480   0.370166E-01   0.356884E-04
   481   0.367890E-01   0.355428E-04
   482   0.365629E-01   0.353977E-04
   483   0.363381E-01   0.352531E-04
   484   0.361147E-01   0.351089E-04
   485   0.358927E-01   0.349651E-04
   486   0.356720E-01   0.348218E-04
   487   0.354528E-01   0.346789E-04
   488   0.352348E-01   0.345364E-04
   489   0.350182E-01   0.343944E-04
   490   0.348029E-01   0.342528E-04
   491   0.345890E-01   0.341117E-04
   492   0.343763E-01   0.339710E-04
   493   0.341650E-01   0.338308E-04
   494   0.339550E-01   0.336910E-04
   495   0.337462E-01   0.335516E-04
   496   0.335388E-01   0.334127E-04
   497   0.333326E-01   0.332742E-04
   498   0.331277E-01   0.331361E-04
   499   0.329240E-01   0.329985E-04
   500   0.327216E-01   0.328613E-04
   501   0.325205E-01   0.327246E-04
   502   0.323206E-01   0.325883E-04
   503   0.321219E-01   0.324525E-04
   504   0.319244E-01   0.323171E-04
   505   0.317281E-01   0.321821E-04
   506   0.315331E-01   0.320475E-04
   507   0.313392E-01   0.319134E-04
   508   0.311466E-01   0.317798E-04
   509   0.309551E-01   0.316466E-04
   510   0.307648E-01   0.315138E-04
   511   0.305757E-01   0.313814E-04
   512   0.303877E-01   0.312495E-04
   513   0.302009E-01   0.311180E-04
   514   0.300152E-01   0.309870E-04
   515   0.298307E-01   0.308564E-04
   516   0.296473E-01   0.307262E-04
   517   0.294651E-01   0.305965E-04
   518   0.292839E-01   0.304672E-04
   519   0.291039E-01   0.303383E-04
   520   0.289250E-01   0.302098E-04
   521   0.287472E-01   0.300818E-04
   522   0.285705E-01   0.299543E-04
   523   0.283948E-01   0.298271E-04
   524   0.282203E-01   0.297004E-04
   525   0.280468E-01   0.295741E-04
   526   0.278744E-01   0.294483E-04
   527   0.277030E-01   0.293229E-04
   528   0.275327E-01   0.291979E-04
   529   0.273634E-01   0.290733E-04
   530   0.271952E-01   0.289492E-04
   531   0.270280E-01   0.288254E-04
   532   0.268619E-01   0.287022E-04
   533   0.266968E-01   0.285793E-04
   534   0.265326E-01   0.284569E-04
   535   0.263695E-01   0.283349E-04
   536   0.262074E-01   0.282133E-04
   537   0.260463E-01   0.280921E-04
   538   0.258862E-01   0.279714E-04
   539   0.257271E-01   0.278511E-04
   540   0.255689E-01   0.277312E-04
   541   0.254117E-01   0.276117E-04
   542   0.252555E-01   0.274927E-04
   543   0.251002E-01   0.273741E-04
   544   0.249459E-01   0.272559E-04
   545   0.247926E-01   0.271381E-04
   546   0.246402E-01   0.270207E-04
   547   0.244887E-01   0.269037E-04
   548   0.243381E-01   0.267872E-04
   549   0.241885E-01   0.266711E-04
   550   0.240398E-01   0.265554E-04
   551   0.238920E-01   0.264401E-04
   552   0.237452E-01   0.263252E-04
   553   0.235992E-01   0.262107E-04
   554   0.234541E-01   0.260967E-04
   555   0.233099E-01   0.259831E-04
   556   0.231666E-01   0.258698E-04
   557   0.230242E-01   0.257570E-04
   558   0.228827E-01   0.256446E-04
   559   0.227420E-01   0.255326E-04
   560   0.226022E-01   0.254210E-04
   561   0.224632E-01   0.253098E-04
   562   0.223252E-01   0.251990E-04
   563   0.221879E-01   0.250887E-04
   564   0.220515E-01   0.249787E-04
   565   0.219159E-01   0.248691E-04
   566   0.217812E-01   0.247600E-04
   567   0.216473E-01   0.246512E-04
   568   0.215142E-01   0.245428E-04
   569   0.213820E-01   0.244349E-04
   570   0.212505E-01   0.243273E-04
   571   0.211199E-01   0.242202E-04
   572   0.209901E-01   0.241134E-04
   573   0.208610E-01   0.240070E-04
   574   0.207328E-01   0.239011E-04
   575   0.206053E-01   0.237955E-04
   576   0.204787E-01   0.236903E-04
   577   0.203528E-01   0.235855E-04
   578   0.202276E-01   0.234812E-04
   579   0.201033E-01   0.233772E-04
   580   0.199797E-01   0.232735E-04
   581   0.198569E-01   0.231703E-04
   582   0.197348E-01   0.230675E-04
   583   0.196135E-01   0.229651E-04
   584   0.194929E-01   0.228630E-04
   585   0.193731E-01   0.227613E-04
   586   0.192540E-01   0.226601E-04
   587   0.191356E-01   0.225592E-04
   588   0.190180E-01   0.224587E-04
   589   0.189011E-01   0.223585E-04
   590   0.187849E-01   0.222588E-04
   591   0.186694E-01   0.221594E-04
   592   0.185546E-01   0.220604E-04
   593   0.184406E-01   0.219618E-04
   594   0.183272E-01   0.218636E-04
   595   0.182145E-01   0.217658E-04
   596   0.181026E-01   0.216683E-04
   597   0.179913E-01   0.215712E-04
   598   0.178807E-01   0.214745E-04
   599   0.177707E-01   0.213781E-04
   600   0.176615E-01   0.212822E-04
   601   0.175529E-01   0.211866E-04
   602   0.174450E-01   0.210913E-04
   603   0.173378E-01   0.209965E-04
   604   0.172312E-01   0.209020E-04
   605   0.171253E-01   0.208078E-04
   606   0.170200E-01   0.207141E-04
   607   0.169154E-01   0.206207E-04
   608   0.168114E-01   0.205277E-04
   609   0.167080E-01   0.204350E-04
   610   0.166053E-01   0.203427E-04
   611   0.165032E-01   0.202508E-04
   612   0.164018E-01   0.201592E-04
   613   0.163009E-01   0.200680E-04
   614   0.162007E-01   0.199772E-04
   615   0.161011E-01   0.198867E-04
   616   0.160022E-01   0.197965E-04
   617   0.159038E-01   0.197067E-04
   618   0.158060E-01   0.196173E-04
   619   0.157088E-01   0.195282E-04
   620   0.156123E-01   0.194395E-04
   621   0.155163E-01   0.193512E-04
   622   0.154209E-01   0.192632E-04
   623   0.153261E-01   0.191755E-04
   624   0.152319E-01   0.190882E-04
   625   0.151383E-01   0.190012E-04
   626   0.150452E-01   0.189146E-04
   627   0.149527E-01   0.188283E-04
   628   0.148608E-01   0.187424E-04
   629   0.147694E-01   0.186568E-04
   630   0.146786E-01   0.185716E-04
   631   0.145884E-01   0.184867E-04
   632   0.144987E-01   0.184022E-04
   633   0.144096E-01   0.183180E-04
   634   0.143210E-01   0.182341E-04
   635   0.142330E-01   0.181506E-04
   636   0.141455E-01   0.180674E-04
   637   0.140585E-01   0.179845E-04
   638   0.139721E-01   0.179020E-04
   639   0.138862E-01   0.178198E-04
   640   0.138008E-01   0.177380E-04
   641   0.137160E-01   0.176565E-04
   642   0.136317E-01   0.175753E-04
   643   0.135479E-01   0.174944E-04
   644   0.134646E-01   0.174139E-04
   645   0.133818E-01   0.173337E-04
   646   0.132995E-01   0.172538E-04
   647   0.132178E-01   0.171743E-04
   648   0.131365E-01   0.170951E-04
   649   0.130558E-01   0.170162E-04
   650   0.129755E-01   0.169376E-04
   651   0.128957E-01   0.168594E-04
   652   0.128164E-01   0.167814E-04
   653   0.127377E-01   0.167038E-04
   654   0.126594E-01   0.166266E-04
   655   0.125815E-01   0.165496E-04
   656   0.125042E-01   0.164730E-04
   657   0.124273E-01   0.163966E-04
   658   0.123509E-01   0.163206E-04
   659   0.122750E-01   0.162449E-04
   660   0.121995E-01   0.161695E-04
   661   0.121245E-01   0.160945E-04
   662   0.120500E-01   0.160197E-04
   663   0.119759E-01   0.159453E-04
   664   0.119023E-01   0.158711E-04
   665   0.118291E-01   0.157973E-04
   666   0.117564E-01   0.157238E-04
   667   0.116841E-01   0.156506E-04
   668   0.116123E-01   0.155777E-04
   669   0.115409E-01   0.155051E-04
   670   0.114700E-01   0.154328E-04
   671   0.113995E-01   0.153608E-04
   672   0.113294E-01   0.152891E-04
   673   0.112597E-01   0.152177E-04
   674   0.111905E-01   0.151466E-04
   675   0.111217E-01   0.150758E-04
   676   0.110534E-01   0.150053E-04
   677   0.109854E-01   0.149351E-04
   678   0.109179E-01   0.148652E-04
   679   0.108507E-01   0.147956E-04
   680   0.107840E-01   0.147263E-04
   681   0.107177E-01   0.146572E-04
   682   0.106519E-01   0.145885E-04
   683   0.105864E-01   0.145201E-04
   684   0.105213E-01   0.144519E-04
   685   0.104566E-01   0.143841E-04
   686   0.103923E-01   0.143165E-04
   687   0.103284E-01   0.142492E-04
   688   0.102650E-01   0.141822E-04
   689   0.102019E-01   0.141155E-04
   690   0.101391E-01   0.140491E-04
   691   0.100768E-01   0.139829E-04
   692   0.100149E-01   0.139171E-04
   693   0.995329E-02   0.138515E-04
   694   0.989210E-02   0.137862E-04
   695   0.983129E-02   0.137212E-04
   696   0.977085E-02   0.136564E-04
   697   0.971079E-02   0.135919E-04
   698   0.965109E-02   0.135278E-04
   699   0.959176E-02   0.134638E-04
   700   0.953279E-02   0.134002E-04
   701   0.947419E-02   0.133368E-04
   702   0.941595E-02   0.132737E-04
   703   0.935806E-02   0.132109E-04
   704   0.930053E-02   0.131484E-04
   705   0.924336E-02   0.130861E-04
   706   0.918654E-02   0.130241E-04
   707   0.913006E-02   0.129623E-04
   708   0.907393E-02   0.129009E-04
   709   0.901815E-02   0.128396E-04
   710   0.896271E-02   0.127787E-04
   711   0.890761E-02   0.127180E-04
   712   0.885285E-02   0.126576E-04
   713   0.879843E-02   0.125974E-04
   714   0.874434E-02   0.125375E-04
   715   0.869059E-02   0.124779E-04
   716   0.863716E-02   0.124185E-04
   717   0.858406E-02   0.123594E-04
   718   0.853129E-02   0.123006E-04
   719   0.847885E-02   0.122419E-04
   720   0.842672E-02   0.121836E-04
   721   0.837492E-02   0.121255E-04
   722   0.832343E-02   0.120677E-04
   723   0.827227E-02   0.120101E-04
   724   0.822141E-02   0.119527E-04
   725   0.817087E-02   0.118957E-04
   726   0.812064E-02   0.118388E-04
   727   0.807072E-02   0.117822E-04
   728   0.802110E-02   0.117259E-04
   729   0.797179E-02   0.116698E-04
   730   0.792279E-02   0.116140E-04
   731   0.787408E-02   0.115584E-04
   732   0.782568E-02   0.115030E-04
   733   0.777757E-02   0.114479E-04
   734   0.772975E-02   0.113931E-04
   735   0.768224E-02   0.113384E-04
   736   0.763501E-02   0.112840E-04
   737   0.758807E-02   0.112299E-04
   738   0.754142E-02   0.111760E-04
   739   0.749506E-02   0.111223E-04
   740   0.744899E-02   0.110689E-04
   741   0.740319E-02   0.110157E-04
   742   0.735768E-02   0.109628E-04
   743   0.731245E-02   0.109100E-04
   744   0.726750E-02   0.108575E-04
   745   0.722282E-02   0.108053E-04
   746   0.717842E-02   0.107533E-04
   747   0.713429E-02   0.107015E-04
   748   0.709043E-02   0.106499E-04
   749   0.704684E-02   0.105986E-04
   750   0.700352E-02   0.105475E-04
   751   0.696047E-02   0.104966E-04
   752   0.691768E-02   0.104460E-04
   753   0.687515E-02   0.103955E-04
   754   0.683289E-02   0.103453E-04
   755   0.679088E-02   0.102954E-04
   756   0.674913E-02   0.102456E-04
   757   0.670764E-02   0.101961E-04
   758   0.666641E-02   0.101468E-04
   759   0.662543E-02   0.100977E-04
   760   0.658470E-02   0.100488E-04
   761   0.654422E-02   0.100002E-04
   762   0.650399E-02   0.995178E-05
   763   0.646400E-02   0.990357E-05
   764   0.642427E-02   0.985558E-05
   765   0.638477E-02   0.980780E-05
   766   0.634552E-02   0.976024E-05
   767   0.630651E-02   0.971289E-05
   768   0.626774E-02   0.966576E-05
   769   0.622921E-02   0.961883E-05
   770   0.619092E-02   0.957212E-05
   771   0.615286E-02   0.952562E-05
   772   0.611503E-02   0.947933E-05
   773   0.607744E-02   0.943325E-05
   774   0.604008E-02   0.938738E-05
   775   0.600295E-02   0.934172E-05
   776   0.596605E-02   0.929626E-05
   777   0.592937E-02   0.925101E-05
   778   0.589292E-02   0.920596E-05
   779   0.585669E-02   0.916112E-05
   780   0.582069E-02   0.911648E-05
   781   0.578490E-02   0.907204E-05
   782   0.574934E-02   0.902781E-05
   783   0.571400E-02   0.898377E-05
   784   0.567887E-02   0.893994E-05
   785   0.564396E-02   0.889630E-05
   786   0.560926E-02   0.885287E-05
   787   0.557478E-02   0.880963E-05
   788   0.554051E-02   0.876659E-05
   789   0.550645E-02   0.872374E-05
   790   0.547260E-02   0.868109E-05
   791   0.543895E-02   0.863864E-05
   792   0.540552E-02   0.859638E-05
   793   0.537229E-02   0.855431E-05
   794   0.533926E-02   0.851244E-05
   795   0.530644E-02   0.847075E-05
   796   0.527382E-02   0.842926E-05
   797   0.524140E-02   0.838796E-05
   798   0.520917E-02   0.834684E-05
   799   0.517715E-02   0.830592E-05
   800   0.514532E-02   0.826518E-05
   801   0.511369E-02   0.822463E-05
   802   0.508226E-02   0.818426E-05
   803   0.505101E-02   0.814408E-05
   804   0.501996E-02   0.810409E-05
   805   0.498910E-02   0.806428E-05
   806   0.495843E-02   0.802465E-05
   807   0.492795E-02   0.798521E-05
   808   0.489766E-02   0.794595E-05
   809   0.486755E-02   0.790686E-05
   810   0.483762E-02   0.786796E-05
   811   0.480788E-02   0.782924E-05
   812   0.477833E-02   0.779069E-05
   813   0.474895E-02   0.775233E-05
   814   0.471976E-02   0.771414E-05
   815   0.469074E-02   0.767613E-05
   816   0.466191E-02   0.763829E-05
   817   0.463325E-02   0.760063E-05
   818   0.460476E-02   0.756314E-05
   819   0.457646E-02   0.752583E-05
   820   0.454832E-02   0.748869E-05
   821   0.452036E-02   0.745172E-05
   822   0.449257E-02   0.741493E-05
   823   0.446496E-02   0.737830E-05
   824   0.443751E-02   0.734185E-05
   825   0.441023E-02   0.730556E-05
   826   0.438311E-02   0.726944E-05
   827   0.435617E-02   0.723349E-05
   828   0.432939E-02   0.719771E-05
   829   0.430278E-02   0.716209E-05
   830   0.427632E-02   0.712664E-05
   831   0.425003E-02   0.709136E-05
   832   0.422391E-02   0.705624E-05
   833   0.419794E-02   0.702128E-05
   834   0.417213E-02   0.698649E-05
   835   0.414649E-02   0.695186E-05
   836   0.412100E-02   0.691739E-05
   837   0.409566E-02   0.688308E-05
   838   0.407048E-02   0.684893E-05
   839   0.404546E-02   0.681494E-05
   840   0.402059E-02   0.678112E-05
   841   0.399587E-02   0.674744E-05
   842   0.397131E-02   0.671393E-05
   843   0.394690E-02   0.668058E-05
   844   0.392263E-02   0.664738E-05
   845   0.389852E-02   0.661433E-05
   846   0.387455E-02   0.658144E-05
   847   0.385073E-02   0.654871E-05
   848   0.382706E-02   0.651613E-05
   849   0.380353E-02   0.648370E-05
   850   0.378015E-02   0.645143E-05
   851   0.375691E-02   0.641930E-05
   852   0.373382E-02   0.638733E-05
   853   0.371086E-02   0.635551E-05
   854   0.368805E-02   0.632384E-05
   855   0.366538E-02   0.629231E-05
   856   0.364284E-02   0.626094E-05
   857   0.362045E-02   0.622971E-05
   858   0.359819E-02   0.619863E-05
   859   0.357607E-02   0.616770E-05
   860   0.355409E-02   0.613692E-05
   861   0.353224E-02   0.610627E-05
   862   0.351053E-02   0.607578E-05
   863   0.348895E-02   0.604543E-05
   864   0.346750E-02   0.601522E-05
   865   0.344618E-02   0.598515E-05
   866   0.342499E-02   0.595523E-05
   867   0.340394E-02   0.592545E-05
   868   0.338301E-02   0.589581E-05
   869   0.336222E-02   0.586631E-05
   870   0.334155E-02   0.583695E-05
   871   0.332101E-02   0.580773E-05
   872   0.330059E-02   0.577865E-05
   873   0.328030E-02   0.574970E-05
   874   0.326013E-02   0.572089E-05
   875   0.324009E-02   0.569223E-05
   876   0.322017E-02   0.566369E-05
   877   0.320038E-02   0.563529E-05
   878   0.318070E-02   0.560703E-05
   879   0.316115E-02   0.557890E-05
   880   0.314172E-02   0.555091E-05
   881   0.312240E-02   0.552305E-05
   882   0.310321E-02   0.549532E-05
   883   0.308413E-02   0.546772E-05
   884   0.306517E-02   0.544026E-05
   885   0.304633E-02   0.541293E-05
   886   0.302760E-02   0.538572E-05
   887   0.300899E-02   0.535865E-05
   888   0.299049E-02   0.533171E-05
   889   0.297211E-02   0.530489E-05
   890   0.295383E-02   0.527821E-05
   891   0.293568E-02   0.525165E-05
   892   0.291763E-02   0.522522E-05
   893   0.289969E-02   0.519891E-05
   894   0.288187E-02   0.517273E-05
   895   0.286415E-02   0.514668E-05
   896   0.284654E-02   0.512075E-05
   897   0.282904E-02   0.509494E-05
   898   0.281165E-02   0.506926E-05
   899   0.279437E-02   0.504370E-05
   900   0.277719E-02   0.501827E-05
   901   0.276012E-02   0.499295E-05
   902   0.274315E-02   0.496776E-05
   903   0.272628E-02   0.494269E-05
   904   0.270952E-02   0.491774E-05
   905   0.269287E-02   0.489291E-05
   906   0.267631E-02   0.486820E-05
   907   0.265986E-02   0.484361E-05
   908   0.264351E-02   0.481913E-05
   909   0.262726E-02   0.479478E-05
   910   0.261111E-02   0.477054E-05
   911   0.259506E-02   0.474642E-05
   912   0.257910E-02   0.472241E-05
   913   0.256325E-02   0.469852E-05
   914   0.254749E-02   0.467475E-05
   915   0.253183E-02   0.465109E-05
   916   0.251626E-02   0.462754E-05
   917   0.250080E-02   0.460411E-05
   918   0.248542E-02   0.458079E-05
   919   0.247014E-02   0.455759E-05
   920   0.245496E-02   0.453449E-05
   921   0.243987E-02   0.451151E-05
   922   0.242487E-02   0.448864E-05
   923   0.240996E-02   0.446588E-05
   924   0.239514E-02   0.444323E-05
   925   0.238042E-02   0.442069E-05
   926   0.236579E-02   0.439826E-05
   927   0.235124E-02   0.437594E-05
   928   0.233679E-02   0.435372E-05
   929   0.232242E-02   0.433162E-05
   930   0.230815E-02   0.430962E-05
   931   0.229396E-02   0.428773E-05
   932   0.227985E-02   0.426594E-05
   933   0.226584E-02   0.424426E-05
   934   0.225191E-02   0.422269E-05
   935   0.223807E-02   0.420122E-05
   936   0.222431E-02   0.417985E-05
   937   0.221063E-02   0.415859E-05
   938   0.219704E-02   0.413743E-05
   939   0.218354E-02   0.411638E-05
   940   0.217011E-02   0.409542E-05
   941   0.215677E-02   0.407457E-05
   942   0.214351E-02   0.405382E-05
   943   0.213034E-02   0.403317E-05
   944   0.211724E-02   0.401263E-05
   945   0.210422E-02   0.399218E-05
   946   0.209129E-02   0.397183E-05
   947   0.207843E-02   0.395158E-05
   948   0.206566E-02   0.393144E-05
   949   0.205296E-02   0.391138E-05
   950   0.204034E-02   0.389143E-05
   951   0.202779E-02   0.387158E-05
   952   0.201533E-02   0.385182E-05
   953   0.200294E-02   0.383216E-05
   954   0.199062E-02   0.381259E-05
   955   0.197839E-02   0.379312E-05
   956   0.196623E-02   0.377375E-05
   957   0.195414E-02   0.375447E-05
   958   0.194212E-02   0.373528E-05
   959   0.193019E-02   0.371619E-05
   960   0.191832E-02   0.369719E-05
   961   0.190653E-02   0.367829E-05
   962   0.189481E-02   0.365947E-05
   963   0.188316E-02   0.364075E-05
   964   0.187158E-02   0.362213E-05
   965   0.186008E-02   0.360359E-05
   966   0.184864E-02   0.358514E-05
   967   0.183728E-02   0.356679E-05
   968   0.182598E-02   0.354853E-05
   969   0.181476E-02   0.353035E-05
   970   0.180360E-02   0.351226E-05
   971   0.179251E-02   0.349427E-05
   972   0.178149E-02   0.347636E-05
   973   0.177054E-02   0.345854E-05
   974   0.175966E-02   0.344081E-05
   975   0.174884E-02   0.342316E-05
   976   0.173809E-02   0.340561E-05
   977   0.172740E-02   0.338813E-05
   978   0.171678E-02   0.337075E-05
   979   0.170623E-02   0.335345E-05
   980   0.169574E-02   0.333623E-05
   981   0.168532E-02   0.331910E-05
   982   0.167496E-02   0.330206E-05
   983   0.166466E-02   0.328510E-05
   984   0.165443E-02   0.326822E-05
   985   0.164425E-02   0.325143E-05
   986   0.163415E-02   0.323472E-05
   987   0.162410E-02   0.321809E-05
   988   0.161412E-02   0.320154E-05
   989   0.160419E-02   0.318508E-05
   990   0.159433E-02   0.316870E-05
   991   0.158453E-02   0.315239E-05
   992   0.157479E-02   0.313617E-05
   993   0.156511E-02   0.312003E-05
   994   0.155549E-02   0.310397E-05
   995   0.154592E-02   0.308799E-05
   996   0.153642E-02   0.307209E-05
   997   0.152698E-02   0.305626E-05
   998   0.151759E-02   0.304052E-05
   999   0.150826E-02   0.302485E-05
  1000   0.149899E-02   0.300926E-05
  1001   0.148977E-02   0.299375E-05
  1002   0.148061E-02   0.297832E-05
  1003   0.147151E-02   0.296296E-05
  1004   0.146247E-02   0.294768E-05
  1005   0.145348E-02   0.293247E-05
  1006   0.144454E-02   0.291734E-05
  1007   0.143566E-02   0.290229E-05
  1008   0.142683E-02   0.288731E-05
  1009   0.141806E-02   0.287240E-05
  1010   0.140934E-02   0.285757E-05
  1011   0.140068E-02   0.284281E-05
  1012   0.139207E-02   0.282813E-05
  1013   0.138351E-02   0.281351E-05
  1014   0.137501E-02   0.279898E-05
  1015   0.136655E-02   0.278451E-05
  1016   0.135815E-02   0.277011E-05
  1017   0.134980E-02   0.275579E-05
  1018   0.134151E-02   0.274154E-05
  1019   0.133326E-02   0.272736E-05
  1020   0.132506E-02   0.271325E-05
  1021   0.131692E-02   0.269921E-05
  1022   0.130882E-02   0.268524E-05
  1023   0.130078E-02   0.267135E-05
  1024   0.129278E-02   0.265752E-05
  1025   0.128483E-02   0.264376E-05
  1026   0.127693E-02   0.263006E-05
  1027   0.126908E-02   0.261644E-05
  1028   0.126128E-02   0.260289E-05
  1029   0.125353E-02   0.258940E-05
  1030   0.124582E-02   0.257598E-05
  1031   0.123816E-02   0.256263E-05
  1032   0.123055E-02   0.254934E-05
  1033   0.122299E-02   0.253612E-05
  1034   0.121547E-02   0.252297E-05
  1035   0.120800E-02   0.250988E-05
  1036   0.120057E-02   0.249686E-05
  1037   0.119319E-02   0.248390E-05
  1038   0.118585E-02   0.247101E-05
  1039   0.117856E-02   0.245818E-05
  1040   0.117132E-02   0.244542E-05
  1041   0.116412E-02   0.243272E-05
  1042   0.115696E-02   0.242008E-05
  1043   0.114985E-02   0.240751E-05
  1044   0.114278E-02   0.239500E-05
  1045   0.113576E-02   0.238256E-05
  1046   0.112877E-02   0.237018E-05
  1047   0.112183E-02   0.235785E-05
  1048   0.111494E-02   0.234560E-05
  1049   0.110808E-02   0.233340E-05
  1050   0.110127E-02   0.232126E-05
  1051   0.109450E-02   0.230919E-05
  1052   0.108777E-02   0.229717E-05
  1053   0.108109E-02   0.228522E-05
  1054   0.107444E-02   0.227332E-05
  1055   0.106783E-02   0.226149E-05
  1056   0.106127E-02   0.224972E-05
  1057   0.105475E-02   0.223800E-05
  1058   0.104826E-02   0.222634E-05
  1059   0.104182E-02   0.221475E-05
  1060   0.103541E-02   0.220321E-05
  1061   0.102905E-02   0.219173E-05
  1062   0.102272E-02   0.218030E-05
  1063   0.101643E-02   0.216894E-05
  1064   0.101019E-02   0.215763E-05
  1065   0.100398E-02   0.214638E-05
  1066   0.997804E-03   0.213519E-05
  1067   0.991670E-03   0.212405E-05
  1068   0.985573E-03   0.211297E-05
  1069   0.979515E-03   0.210194E-05
  1070   0.973493E-03   0.209097E-05
  1071   0.967508E-03   0.208006E-05
  1072   0.961561E-03   0.206920E-05
  1073   0.955649E-03   0.205839E-05
  1074   0.949775E-03   0.204765E-05
  1075   0.943936E-03   0.203695E-05
  1076   0.938133E-03   0.202631E-05
  1077   0.932366E-03   0.201572E-05
  1078   0.926634E-03   0.200519E-05
  1079   0.920937E-03   0.199471E-05
  1080   0.915276E-03   0.198428E-05
  1081   0.909649E-03   0.197391E-05
  1082   0.904057E-03   0.196358E-05
  1083   0.898500E-03   0.195332E-05
  1084   0.892976E-03   0.194310E-05
  1085   0.887486E-03   0.193293E-05
  1086   0.882031E-03   0.192282E-05
  1087   0.876608E-03   0.191276E-05
  1088   0.871219E-03   0.190274E-05
  1089   0.865863E-03   0.189278E-05
  1090   0.860541E-03   0.188287E-05
  1091   0.855250E-03   0.187301E-05
  1092   0.849993E-03   0.186320E-05
  1093   0.844767E-03   0.185344E-05
  1094   0.839574E-03   0.184373E-05
  1095   0.834413E-03   0.183407E-05
  1096   0.829283E-03   0.182446E-05
  1097   0.824185E-03   0.181489E-05
  1098   0.819119E-03   0.180538E-05
  1099   0.814083E-03   0.179591E-05
  1100   0.809078E-03   0.178650E-05
  1101   0.804105E-03   0.177713E-05
  1102   0.799161E-03   0.176780E-05
  1103   0.794248E-03   0.175853E-05
  1104   0.789366E-03   0.174930E-05
  1105   0.784513E-03   0.174012E-05
  1106   0.779690E-03   0.173098E-05
  1107   0.774897E-03   0.172190E-05
  1108   0.770133E-03   0.171286E-05
  1109   0.765399E-03   0.170386E-05
  1110   0.760694E-03   0.169491E-05
  1111   0.756017E-03   0.168601E-05
  1112   0.751370E-03   0.167715E-05
  1113   0.746751E-03   0.166834E-05
  1114   0.742160E-03   0.165957E-05
  1115   0.737598E-03   0.165085E-05
  1116   0.733063E-03   0.164217E-05
  1117   0.728557E-03   0.163353E-05
  1118   0.724078E-03   0.162494E-05
  1119   0.719627E-03   0.161640E-05
  1120   0.715203E-03   0.160789E-05
  1121   0.710806E-03   0.159943E-05
  1122   0.706436E-03   0.159102E-05
  1123   0.702093E-03   0.158264E-05
  1124   0.697777E-03   0.157431E-05
  1125   0.693488E-03   0.156603E-05
  1126   0.689224E-03   0.155778E-05
  1127   0.684987E-03   0.154958E-05
  1128   0.680776E-03   0.154142E-05
  1129   0.676591E-03   0.153330E-05
  1130   0.672432E-03   0.152522E-05
  1131   0.668298E-03   0.151718E-05
  1132   0.664190E-03   0.150919E-05
  1133   0.660107E-03   0.150123E-05
  1134   0.656049E-03   0.149332E-05
  1135   0.652016E-03   0.148545E-05
  1136   0.648007E-03   0.147761E-05
  1137   0.644024E-03   0.146982E-05
  1138   0.640065E-03   0.146207E-05
  1139   0.636130E-03   0.145436E-05
  1140   0.632219E-03   0.144668E-05
  1141   0.628333E-03   0.143905E-05
  1142   0.624470E-03   0.143146E-05
  1143   0.620631E-03   0.142390E-05
  1144   0.616816E-03   0.141638E-05
  1145   0.613024E-03   0.140891E-05
  1146   0.609255E-03   0.140147E-05
  1147   0.605510E-03   0.139406E-05
  1148   0.601787E-03   0.138670E-05
  1149   0.598088E-03   0.137937E-05
  1150   0.594411E-03   0.137209E-05
  1151   0.590757E-03   0.136484E-05
  1152   0.587125E-03   0.135762E-05
  1153   0.583516E-03   0.135045E-05
  1154   0.579929E-03   0.134331E-05
  1155   0.576364E-03   0.133621E-05
  1156   0.572820E-03   0.132914E-05
  1157   0.569299E-03   0.132211E-05
  1158   0.565799E-03   0.131512E-05
  1159   0.562321E-03   0.130816E-05
  1160   0.558864E-03   0.130124E-05
  1161   0.555428E-03   0.129435E-05
  1162   0.552014E-03   0.128750E-05
  1163   0.548620E-03   0.128069E-05
  1164   0.545248E-03   0.127391E-05
  1165   0.541896E-03   0.126716E-05
  1166   0.538564E-03   0.126045E-05
  1167   0.535254E-03   0.125378E-05
  1168   0.531963E-03   0.124713E-05
  1169   0.528693E-03   0.124053E-05
  1170   0.525443E-03   0.123396E-05
  1171   0.522213E-03   0.122742E-05
  1172   0.519002E-03   0.122091E-05
  1173   0.515812E-03   0.121444E-05
  1174   0.512641E-03   0.120800E-05
  1175   0.509489E-03   0.120160E-05
  1176   0.506357E-03   0.119523E-05
  1177   0.503244E-03   0.118889E-05
  1178   0.500151E-03   0.118258E-05
  1179   0.497076E-03   0.117631E-05
  1180   0.494020E-03   0.117007E-05
  1181   0.490983E-03   0.116386E-05
  1182   0.487965E-03   0.115768E-05
  1183   0.484965E-03   0.115154E-05
  1184   0.481984E-03   0.114542E-05
  1185   0.479021E-03   0.113934E-05
  1186   0.476076E-03   0.113329E-05
  1187   0.473149E-03   0.112727E-05
  1188   0.470241E-03   0.112129E-05
  1189   0.467350E-03   0.111533E-05
  1190   0.464477E-03   0.110941E-05
  1191   0.461621E-03   0.110351E-05
  1192   0.458784E-03   0.109765E-05
  1193   0.455963E-03   0.109181E-05
  1194   0.453160E-03   0.108601E-05
  1195   0.450374E-03   0.108024E-05
  1196   0.447606E-03   0.107449E-05
  1197   0.444854E-03   0.106878E-05
  1198   0.442119E-03   0.106309E-05
  1199   0.439401E-03   0.105744E-05
  1200   0.436700E-03   0.105182E-05
  1201   0.434015E-03   0.104622E-05
  1202   0.431347E-03   0.104065E-05
  1203   0.428696E-03   0.103511E-05
  1204   0.426060E-03   0.102961E-05
  1205   0.423441E-03   0.102412E-05
  1206   0.420838E-03   0.101867E-05
  1207   0.418251E-03   0.101325E-05
  1208   0.415680E-03   0.100785E-05
  1209   0.413124E-03   0.100249E-05
  1210   0.410584E-03   0.997145E-06
  1211   0.408060E-03   0.991833E-06
  1212   0.405552E-03   0.986549E-06
  1213   0.403059E-03   0.981292E-06
  1214   0.400581E-03   0.976063E-06
  1215   0.398118E-03   0.970860E-06
  1216   0.395671E-03   0.965685E-06
  1217   0.393238E-03   0.960537E-06
  1218   0.390821E-03   0.955416E-06
  1219   0.388418E-03   0.950321E-06
  1220   0.386031E-03   0.945252E-06
  1221   0.383657E-03   0.940211E-06
  1222   0.381299E-03   0.935195E-06
  1223   0.378955E-03   0.930206E-06
  1224   0.376625E-03   0.925242E-06
  1225   0.374310E-03   0.920304E-06
  1226   0.372009E-03   0.915393E-06
  1227   0.369722E-03   0.910506E-06
  1228   0.367449E-03   0.905646E-06
  1229   0.365190E-03   0.900810E-06
  1230   0.362945E-03   0.896000E-06
  1231   0.360714E-03   0.891215E-06
  1232   0.358496E-03   0.886455E-06
  1233   0.356293E-03   0.881719E-06
  1234   0.354102E-03   0.877009E-06
  1235   0.351925E-03   0.872323E-06
  1236   0.349762E-03   0.867661E-06
  1237   0.347612E-03   0.863024E-06
  1238   0.345475E-03   0.858411E-06
  1239   0.343351E-03   0.853823E-06
  1240   0.341240E-03   0.849258E-06
  1241   0.339142E-03   0.844717E-06
  1242   0.337058E-03   0.840199E-06
  1243   0.334986E-03   0.835706E-06
  1244   0.332926E-03   0.831236E-06
  1245   0.330880E-03   0.826789E-06
  1246   0.328845E-03   0.822365E-06
  1247   0.326824E-03   0.817965E-06
  1248   0.324815E-03   0.813588E-06
  1249   0.322818E-03   0.809233E-06
  1250   0.320833E-03   0.804901E-06
  1251   0.318861E-03   0.800592E-06
  1252   0.316901E-03   0.796306E-06
  1253   0.314953E-03   0.792042E-06
  1254   0.313016E-03   0.787800E-06
  1255   0.311092E-03   0.783581E-06
  1256   0.309180E-03   0.779384E-06
  1257   0.307279E-03   0.775208E-06
  1258   0.305390E-03   0.771055E-06
  1259   0.303513E-03   0.766923E-06
  1260   0.301647E-03   0.762813E-06
  1261   0.299792E-03   0.758725E-06
  1262   0.297949E-03   0.754658E-06
  1263   0.296118E-03   0.750612E-06
  1264   0.294297E-03   0.746587E-06
  1265   0.292488E-03   0.742584E-06
  1266   0.290690E-03   0.738602E-06
  1267   0.288903E-03   0.734640E-06
  1268   0.287127E-03   0.730699E-06
  1269   0.285362E-03   0.726779E-06
  1270   0.283608E-03   0.722880E-06
  1271   0.281864E-03   0.719001E-06
  1272   0.280131E-03   0.715142E-06
  1273   0.278409E-03   0.711304E-06
  1274   0.276698E-03   0.707486E-06
  1275   0.274997E-03   0.703688E-06
  1276   0.273306E-03   0.699910E-06
  1277   0.271626E-03   0.696152E-06
  1278   0.269956E-03   0.692413E-06
  1279   0.268297E-03   0.688694E-06
  1280   0.266647E-03   0.684995E-06
  1281   0.265008E-03   0.681315E-06
  1282   0.263379E-03   0.677655E-06
  1283   0.261760E-03   0.674013E-06
  1284   0.260151E-03   0.670391E-06
  1285   0.258551E-03   0.666788E-06
  1286   0.256962E-03   0.663204E-06
  1287   0.255382E-03   0.659639E-06
  1288   0.253812E-03   0.656093E-06
  1289   0.252252E-03   0.652565E-06
  1290   0.250701E-03   0.649056E-06
  1291   0.249160E-03   0.645565E-06
  1292   0.247628E-03   0.642093E-06
  1293   0.246106E-03   0.638639E-06
  1294   0.244593E-03   0.635203E-06
  1295   0.243089E-03   0.631785E-06
  1296   0.241595E-03   0.628386E-06
  1297   0.240110E-03   0.625004E-06
  1298   0.238634E-03   0.621640E-06
  1299   0.237167E-03   0.618294E-06
  1300   0.235709E-03   0.614965E-06
  1301   0.234260E-03   0.611654E-06
  1302   0.232820E-03   0.608361E-06
  1303   0.231388E-03   0.605085E-06
  1304   0.229966E-03   0.601826E-06
  1305   0.228552E-03   0.598584E-06
  1306   0.227147E-03   0.595360E-06
  1307   0.225751E-03   0.592152E-06
  1308   0.224363E-03   0.588961E-06
  1309   0.222984E-03   0.585788E-06
  1310   0.221613E-03   0.582631E-06
  1311   0.220251E-03   0.579490E-06
  1312   0.218897E-03   0.576367E-06
  1313   0.217551E-03   0.573260E-06
  1314   0.216213E-03   0.570169E-06
  1315   0.214884E-03   0.567094E-06
  1316   0.213563E-03   0.564036E-06
  1317   0.212250E-03   0.560994E-06
  1318   0.210946E-03   0.557968E-06
  1319   0.209649E-03   0.554958E-06
  1320   0.208360E-03   0.551964E-06
  1321   0.207079E-03   0.548986E-06
  1322   0.205806E-03   0.546024E-06
  1323   0.204541E-03   0.543077E-06
  1324   0.203283E-03   0.540146E-06
  1325   0.202034E-03   0.537230E-06
  1326   0.200792E-03   0.534330E-06
  1327   0.199557E-03   0.531445E-06
  1328   0.198331E-03   0.528575E-06
  1329   0.197111E-03   0.525721E-06
  1330   0.195900E-03   0.522882E-06
  1331   0.194695E-03   0.520058E-06
  1332   0.193498E-03   0.517248E-06
  1333   0.192309E-03   0.514454E-06
  1334   0.191127E-03   0.511674E-06
  1335   0.189952E-03   0.508910E-06
  1336   0.188784E-03   0.506159E-06
  1337   0.187623E-03   0.503424E-06
  1338   0.186470E-03   0.500703E-06
  1339   0.185324E-03   0.497996E-06
  1340   0.184184E-03   0.495304E-06
  1341   0.183052E-03   0.492626E-06
  1342   0.181927E-03   0.489962E-06
  1343   0.180808E-03   0.487312E-06
  1344   0.179697E-03   0.484677E-06
  1345   0.178592E-03   0.482055E-06
  1346   0.177494E-03   0.479447E-06
  1347   0.176403E-03   0.476853E-06
  1348   0.175319E-03   0.474273E-06
  1349   0.174241E-03   0.471707E-06
  1350   0.173170E-03   0.469154E-06
  1351   0.172105E-03   0.466615E-06
  1352   0.171047E-03   0.464089E-06
  1353   0.169996E-03   0.461577E-06
  1354   0.168951E-03   0.459078E-06
  1355   0.167912E-03   0.456592E-06
  1356   0.166880E-03   0.454120E-06
  1357   0.165854E-03   0.451660E-06
  1358   0.164834E-03   0.449214E-06
  1359   0.163821E-03   0.446781E-06
  1360   0.162814E-03   0.444361E-06
  1361   0.161813E-03   0.441953E-06
  1362   0.160818E-03   0.439558E-06
  1363   0.159830E-03   0.437177E-06
  1364   0.158847E-03   0.434807E-06
  1365   0.157871E-03   0.432451E-06
  1366   0.156900E-03   0.430107E-06
  1367   0.155935E-03   0.427775E-06
  1368   0.154977E-03   0.425456E-06
  1369   0.154024E-03   0.423149E-06
  1370   0.153077E-03   0.420855E-06
  1371   0.152136E-03   0.418572E-06
  1372   0.151201E-03   0.416302E-06
  1373   0.150271E-03   0.414044E-06
  1374   0.149348E-03   0.411798E-06
  1375   0.148430E-03   0.409564E-06
  1376   0.147517E-03   0.407342E-06
  1377   0.146610E-03   0.405131E-06
  1378   0.145709E-03   0.402933E-06
  1379   0.144813E-03   0.400746E-06
  1380   0.143923E-03   0.398571E-06
  1381   0.143038E-03   0.396407E-06
  1382   0.142159E-03   0.394255E-06
  1383   0.141285E-03   0.392115E-06
  1384   0.140416E-03   0.389985E-06
  1385   0.139553E-03   0.387868E-06
  1386   0.138695E-03   0.385761E-06
  1387   0.137843E-03   0.383666E-06
  1388   0.136995E-03   0.381582E-06
  1389   0.136153E-03   0.379509E-06
  1390   0.135316E-03   0.377447E-06
  1391   0.134484E-03   0.375396E-06
  1392   0.133657E-03   0.373356E-06
  1393   0.132836E-03   0.371327E-06
  1394   0.132019E-03   0.369309E-06
  1395   0.131208E-03   0.367302E-06
  1396   0.130401E-03   0.365305E-06
  1397   0.129599E-03   0.363319E-06
  1398   0.128803E-03   0.361344E-06
  1399   0.128011E-03   0.359379E-06
  1400   0.127224E-03   0.357424E-06
  1401   0.126442E-03   0.355481E-06
  1402   0.125664E-03   0.353547E-06
  1403   0.124892E-03   0.351624E-06
  1404   0.124124E-03   0.349711E-06
  1405   0.123361E-03   0.347808E-06
  1406   0.122603E-03   0.345916E-06
  1407   0.121849E-03   0.344033E-06
  1408   0.121100E-03   0.342161E-06
  1409   0.120355E-03   0.340299E-06
  1410   0.119616E-03   0.338447E-06
  1411   0.118880E-03   0.336604E-06
  1412   0.118149E-03   0.334772E-06
  1413   0.117423E-03   0.332949E-06
  1414   0.116701E-03   0.331136E-06
  1415   0.115984E-03   0.329333E-06
  1416   0.115271E-03   0.327539E-06
  1417   0.114562E-03   0.325755E-06
  1418   0.113858E-03   0.323981E-06
  1419   0.113158E-03   0.322216E-06
  1420   0.112462E-03   0.320460E-06
  1421   0.111771E-03   0.318714E-06
  1422   0.111084E-03   0.316978E-06
  1423   0.110401E-03   0.315250E-06
  1424   0.109722E-03   0.313532E-06
  1425   0.109048E-03   0.311823E-06
  1426   0.108377E-03   0.310123E-06
  1427   0.107711E-03   0.308433E-06
  1428   0.107049E-03   0.306751E-06
  1429   0.106391E-03   0.305078E-06
  1430   0.105737E-03   0.303415E-06
  1431   0.105087E-03   0.301760E-06
  1432   0.104441E-03   0.300114E-06
  1433   0.103799E-03   0.298477E-06
  1434   0.103161E-03   0.296849E-06
  1435   0.102526E-03   0.295230E-06
  1436   0.101896E-03   0.293619E-06
  1437   0.101270E-03   0.292017E-06
  1438   0.100647E-03   0.290423E-06
  1439   0.100028E-03   0.288838E-06
  1440   0.994135E-04   0.287262E-06
  1441   0.988024E-04   0.285694E-06
  1442   0.981950E-04   0.284135E-06
  1443   0.975913E-04   0.282583E-06
  1444   0.969914E-04   0.281041E-06
  1445   0.963951E-04   0.279506E-06
  1446   0.958025E-04   0.277980E-06
  1447   0.952136E-04   0.276462E-06
  1448   0.946283E-04   0.274952E-06
  1449   0.940465E-04   0.273450E-06
  1450   0.934684E-04   0.271956E-06
  1451   0.928938E-04   0.270470E-06
  1452   0.923227E-04   0.268993E-06
  1453   0.917552E-04   0.267523E-06
  1454   0.911911E-04   0.266061E-06
  1455   0.906305E-04   0.264607E-06
  1456   0.900733E-04   0.263161E-06
  1457   0.895196E-04   0.261722E-06
  1458   0.889693E-04   0.260292E-06
  1459   0.884223E-04   0.258869E-06
  1460   0.878788E-04   0.257453E-06
  1461   0.873385E-04   0.256046E-06
  1462   0.868016E-04   0.254645E-06
  1463   0.862680E-04   0.253253E-06
  1464   0.857377E-04   0.251868E-06
  1465   0.852106E-04   0.250490E-06
  1466   0.846868E-04   0.249120E-06
  1467   0.841661E-04   0.247757E-06
  1468   0.836487E-04   0.246402E-06
  1469   0.831345E-04   0.245053E-06
  1470   0.826234E-04   0.243712E-06
  1471   0.821155E-04   0.242379E-06
  1472   0.816107E-04   0.241052E-06
  1473   0.811090E-04   0.239733E-06
  1474   0.806104E-04   0.238421E-06
  1475   0.801148E-04   0.237115E-06
  1476   0.796223E-04   0.235817E-06
  1477   0.791328E-04   0.234526E-06
  1478   0.786464E-04   0.233242E-06
  1479   0.781629E-04   0.231965E-06
  1480   0.776824E-04   0.230694E-06
  1481   0.772048E-04   0.229431E-06
  1482   0.767302E-04   0.228174E-06
  1483   0.762585E-04   0.226924E-06
  1484   0.757897E-04   0.225681E-06
  1485   0.753238E-04   0.224445E-06
  1486   0.748607E-04   0.223215E-06
  1487   0.744005E-04   0.221992E-06
  1488   0.739431E-04   0.220775E-06
  1489   0.734886E-04   0.219565E-06
  1490   0.730368E-04   0.218362E-06
  1491   0.725878E-04   0.217165E-06
  1492   0.721416E-04   0.215974E-06
  1493   0.716981E-04   0.214790E-06
  1494   0.712573E-04   0.213613E-06
  1495   0.708193E-04   0.212441E-06
  1496   0.703839E-04   0.211276E-06
  1497   0.699512E-04   0.210118E-06
  1498   0.695212E-04   0.208965E-06
  1499   0.690938E-04   0.207819E-06
  1500   0.686690E-04   0.206679E-06
  1501   0.682469E-04   0.205545E-06
  1502   0.678274E-04   0.204417E-06
  1503   0.674104E-04   0.203296E-06
  1504   0.669960E-04   0.202180E-06
  1505   0.665841E-04   0.201071E-06
  1506   0.661748E-04   0.199967E-06
  1507   0.657680E-04   0.198870E-06
  1508   0.653637E-04   0.197778E-06
  1509   0.649618E-04   0.196692E-06
  1510   0.645625E-04   0.195613E-06
  1511   0.641656E-04   0.194539E-06
  1512   0.637711E-04   0.193471E-06
  1513   0.633791E-04   0.192408E-06
  1514   0.629895E-04   0.191352E-06
  1515   0.626022E-04   0.190301E-06
  1516   0.622174E-04   0.189255E-06
  1517   0.618349E-04   0.188216E-06
  1518   0.614548E-04   0.187182E-06
  1519   0.610770E-04   0.186154E-06
  1520   0.607015E-04   0.185131E-06
  1521   0.603284E-04   0.184114E-06
  1522   0.599575E-04   0.183102E-06
  1523   0.595889E-04   0.182096E-06
  1524   0.592226E-04   0.181095E-06
  1525   0.588585E-04   0.180099E-06
  1526   0.584967E-04   0.179109E-06
  1527   0.581371E-04   0.178125E-06
  1528   0.577797E-04   0.177146E-06
  1529   0.574245E-04   0.176172E-06
  1530   0.570714E-04   0.175203E-06
  1531   0.567206E-04   0.174239E-06
  1532   0.563719E-04   0.173281E-06
  1533   0.560253E-04   0.172328E-06
  1534   0.556809E-04   0.171380E-06
  1535   0.553386E-04   0.170438E-06
  1536   0.549984E-04   0.169500E-06
  1537   0.546603E-04   0.168568E-06
  1538   0.543243E-04   0.167640E-06
  1539   0.539903E-04   0.166718E-06
  1540   0.536584E-04   0.165800E-06
  1541   0.533286E-04   0.164888E-06
  1542   0.530007E-04   0.163980E-06
  1543   0.526749E-04   0.163078E-06
  1544   0.523511E-04   0.162180E-06
  1545   0.520293E-04   0.161287E-06
  1546   0.517094E-04   0.160400E-06
  1547   0.513915E-04   0.159516E-06
  1548   0.510756E-04   0.158638E-06
  1549   0.507616E-04   0.157765E-06
  1550   0.504496E-04   0.156896E-06
  1551   0.501394E-04   0.156032E-06
  1552   0.498312E-04   0.155172E-06
  1553   0.495248E-04   0.154318E-06
  1554   0.492204E-04   0.153468E-06
  1555   0.489178E-04   0.152622E-06
  1556   0.486171E-04   0.151781E-06
  1557   0.483182E-04   0.150945E-06
  1558   0.480212E-04   0.150113E-06
  1559   0.477260E-04   0.149286E-06
  1560   0.474326E-04   0.148463E-06
  1561   0.471410E-04   0.147645E-06
  1562   0.468512E-04   0.146831E-06
  1563   0.465631E-04   0.146022E-06
  1564   0.462769E-04   0.145217E-06
  1565   0.459924E-04   0.144416E-06
  1566   0.457097E-04   0.143620E-06
  1567   0.454287E-04   0.142828E-06
  1568   0.451494E-04   0.142041E-06
  1569   0.448718E-04   0.141257E-06
  1570   0.445960E-04   0.140478E-06
  1571   0.443218E-04   0.139703E-06
  1572   0.440494E-04   0.138933E-06
  1573   0.437786E-04   0.138166E-06
  1574   0.435094E-04   0.137404E-06
  1575   0.432420E-04   0.136646E-06
  1576   0.429761E-04   0.135892E-06
  1577   0.427119E-04   0.135142E-06
  1578   0.424494E-04   0.134397E-06
  1579   0.421884E-04   0.133655E-06
  1580   0.419291E-04   0.132917E-06
  1581   0.416713E-04   0.132184E-06
  1582   0.414151E-04   0.131454E-06
  1583   0.411605E-04   0.130728E-06
  1584   0.409075E-04   0.130007E-06
  1585   0.406560E-04   0.129289E-06
  1586   0.404061E-04   0.128575E-06
  1587   0.401577E-04   0.127865E-06
  1588   0.399108E-04   0.127159E-06
  1589   0.396655E-04   0.126457E-06
  1590   0.394216E-04   0.125758E-06
  1591   0.391793E-04   0.125064E-06
  1592   0.389384E-04   0.124373E-06
  1593   0.386990E-04   0.123686E-06
  1594   0.384611E-04   0.123002E-06
  1595   0.382247E-04   0.122323E-06
  1596   0.379897E-04   0.121647E-06
  1597   0.377562E-04   0.120975E-06
  1598   0.375241E-04   0.120306E-06
  1599   0.372934E-04   0.119641E-06
  1600   0.370641E-04   0.118980E-06
  1601   0.368363E-04   0.118322E-06
  1602   0.366098E-04   0.117668E-06
  1603   0.363847E-04   0.117018E-06
  1604   0.361611E-04   0.116371E-06
  1605   0.359388E-04   0.115728E-06
  1606   0.357178E-04   0.115088E-06
  1607   0.354983E-04   0.114451E-06
  1608   0.352800E-04   0.113818E-06
  1609   0.350632E-04   0.113189E-06
  1610   0.348476E-04   0.112563E-06
  1611   0.346334E-04   0.111940E-06
  1612   0.344205E-04   0.111321E-06
  1613   0.342089E-04   0.110705E-06
  1614   0.339986E-04   0.110093E-06
  1615   0.337896E-04   0.109484E-06
  1616   0.335818E-04   0.108878E-06
  1617   0.333754E-04   0.108275E-06
  1618   0.331702E-04   0.107676E-06
  1619   0.329663E-04   0.107080E-06
  1620   0.327636E-04   0.106488E-06
  1621   0.325622E-04   0.105898E-06
  1622   0.323620E-04   0.105312E-06
  1623   0.321631E-04   0.104729E-06
  1624   0.319654E-04   0.104149E-06
  1625   0.317689E-04   0.103573E-06
  1626   0.315736E-04   0.102999E-06
  1627   0.313795E-04   0.102429E-06
  1628   0.311866E-04   0.101862E-06
  1629   0.309948E-04   0.101297E-06
  1630   0.308043E-04   0.100736E-06
  1631   0.306149E-04   0.100178E-06
  1632   0.304267E-04   0.996235E-07
  1633   0.302397E-04   0.990717E-07
  1634   0.300538E-04   0.985228E-07
  1635   0.298690E-04   0.979770E-07
  1636   0.296854E-04   0.974341E-07
  1637   0.295029E-04   0.968942E-07
  1638   0.293215E-04   0.963573E-07
  1639   0.291413E-04   0.958233E-07
  1640   0.289621E-04   0.952922E-07
  1641   0.287841E-04   0.947641E-07
  1642   0.286071E-04   0.942388E-07
  1643   0.284313E-04   0.937164E-07
  1644   0.282565E-04   0.931969E-07
  1645   0.280828E-04   0.926802E-07
  1646   0.279102E-04   0.921664E-07
  1647   0.277386E-04   0.916553E-07
  1648   0.275681E-04   0.911471E-07
  1649   0.273986E-04   0.906416E-07
  1650   0.272301E-04   0.901390E-07
  1651   0.270627E-04   0.896390E-07
  1652   0.268964E-04   0.891418E-07
  1653   0.267310E-04   0.886474E-07
  1654   0.265667E-04   0.881556E-07
  1655   0.264034E-04   0.876666E-07
  1656   0.262411E-04   0.871802E-07
  1657   0.260797E-04   0.866965E-07
  1658   0.259194E-04   0.862154E-07
  1659   0.257601E-04   0.857370E-07
  1660   0.256017E-04   0.852612E-07
  1661   0.254443E-04   0.847880E-07
  1662   0.252879E-04   0.843175E-07
  1663   0.251325E-04   0.838495E-07
  1664   0.249780E-04   0.833840E-07
  1665   0.248244E-04   0.829211E-07
  1666   0.246718E-04   0.824608E-07
  1667   0.245201E-04   0.820030E-07
  1668   0.243694E-04   0.815477E-07
  1669   0.242196E-04   0.810948E-07
  1670   0.240707E-04   0.806445E-07
  1671   0.239227E-04   0.801967E-07
  1672   0.237756E-04   0.797513E-07
  1673   0.236295E-04   0.793083E-07
  1674   0.234842E-04   0.788678E-07
  1675   0.233399E-04   0.784297E-07
  1676   0.231964E-04   0.779940E-07
  1677   0.230538E-04   0.775607E-07
  1678   0.229120E-04   0.771298E-07
  1679   0.227712E-04   0.767013E-07
  1680   0.226312E-04   0.762751E-07
  1681   0.224921E-04   0.758512E-07
  1682   0.223538E-04   0.754297E-07
  1683   0.222164E-04   0.750105E-07
  1684   0.220798E-04   0.745936E-07
  1685   0.219441E-04   0.741789E-07
  1686   0.218092E-04   0.737666E-07
  1687   0.216751E-04   0.733565E-07
  1688   0.215419E-04   0.729487E-07
  1689   0.214094E-04   0.725431E-07
  1690   0.212778E-04   0.721398E-07
  1691   0.211470E-04   0.717387E-07
  1692   0.210170E-04   0.713397E-07
  1693   0.208878E-04   0.709430E-07
  1694   0.207594E-04   0.705485E-07
  1695   0.206318E-04   0.701561E-07
  1696   0.205049E-04   0.697659E-07
  1697   0.203789E-04   0.693778E-07
  1698   0.202536E-04   0.689919E-07
  1699   0.201291E-04   0.686080E-07
  1700   0.200054E-04   0.682263E-07
  1701   0.198824E-04   0.678467E-07
  1702   0.197601E-04   0.674692E-07
  1703   0.196387E-04   0.670938E-07
  1704   0.195179E-04   0.667204E-07
  1705   0.193980E-04   0.663491E-07
  1706   0.192787E-04   0.659798E-07
  1707   0.191602E-04   0.656126E-07
  1708   0.190424E-04   0.652474E-07
  1709   0.189253E-04   0.648841E-07
  1710   0.188090E-04   0.645229E-07
  1711   0.186934E-04   0.641637E-07
  1712   0.185784E-04   0.638065E-07
  1713   0.184642E-04   0.634512E-07
  1714   0.183507E-04   0.630979E-07
  1715   0.182379E-04   0.627465E-07
  1716   0.181258E-04   0.623971E-07
  1717   0.180144E-04   0.620496E-07
  1718   0.179036E-04   0.617040E-07
  1719   0.177936E-04   0.613603E-07
  1720   0.176842E-04   0.610185E-07
  1721   0.175755E-04   0.606786E-07
  1722   0.174674E-04   0.603405E-07
  1723   0.173600E-04   0.600043E-07
  1724   0.172533E-04   0.596700E-07
  1725   0.171472E-04   0.593375E-07
  1726   0.170418E-04   0.590069E-07
  1727   0.169371E-04   0.586780E-07
  1728   0.168329E-04   0.583510E-07
  1729   0.167295E-04   0.580258E-07
  1730   0.166266E-04   0.577024E-07
  1731   0.165244E-04   0.573808E-07
  1732   0.164228E-04   0.570609E-07
  1733   0.163219E-04   0.567428E-07
  1734   0.162215E-04   0.564265E-07
  1735   0.161218E-04   0.561119E-07
  1736   0.160227E-04   0.557990E-07
  1737   0.159242E-04   0.554879E-07
  1738   0.158263E-04   0.551784E-07
  1739   0.157290E-04   0.548707E-07
  1740   0.156323E-04   0.545647E-07
  1741   0.155362E-04   0.542604E-07
  1742   0.154407E-04   0.539577E-07
  1743   0.153458E-04   0.536568E-07
  1744   0.152514E-04   0.533575E-07
  1745   0.151577E-04   0.530598E-07
  1746   0.150645E-04   0.527638E-07
  1747   0.149719E-04   0.524694E-07
  1748   0.148799E-04   0.521766E-07
  1749   0.147884E-04   0.518855E-07
  1750   0.146975E-04   0.515960E-07
  1751   0.146071E-04   0.513080E-07
  1752   0.145173E-04   0.510217E-07
  1753   0.144281E-04   0.507369E-07
  1754   0.143394E-04   0.504537E-07
  1755   0.142512E-04   0.501721E-07
  1756   0.141636E-04   0.498920E-07
  1757   0.140765E-04   0.496135E-07
  1758   0.139900E-04   0.493365E-07
  1759   0.139040E-04   0.490611E-07
  1760   0.138185E-04   0.487871E-07
  1761   0.137336E-04   0.485147E-07
  1762   0.136492E-04   0.482438E-07
  1763   0.135652E-04   0.479744E-07
  1764   0.134818E-04   0.477064E-07
  1765   0.133990E-04   0.474400E-07
  1766   0.133166E-04   0.471750E-07
  1767   0.132347E-04   0.469115E-07
  1768   0.131534E-04   0.466495E-07
  1769   0.130725E-04   0.463889E-07
  1770   0.129922E-04   0.461297E-07
  1771   0.129123E-04   0.458720E-07
  1772   0.128329E-04   0.456157E-07
  1773   0.127540E-04   0.453608E-07
  1774   0.126756E-04   0.451073E-07
  1775   0.125977E-04   0.448552E-07
  1776   0.125202E-04   0.446046E-07
  1777   0.124433E-04   0.443553E-07
  1778   0.123668E-04   0.441074E-07
  1779   0.122907E-04   0.438608E-07
  1780   0.122152E-04   0.436156E-07
  1781   0.121401E-04   0.433718E-07
  1782   0.120655E-04   0.431294E-07
  1783   0.119913E-04   0.428882E-07
  1784   0.119176E-04   0.426484E-07
  1785   0.118443E-04   0.424100E-07
  1786   0.117715E-04   0.421728E-07
  1787   0.116991E-04   0.419370E-07
  1788   0.116272E-04   0.417025E-07
  1789   0.115557E-04   0.414692E-07
  1790   0.114847E-04   0.412373E-07
  1791   0.114141E-04   0.410066E-07
  1792   0.113439E-04   0.407773E-07
  1793   0.112742E-04   0.405492E-07
  1794   0.112049E-04   0.403223E-07
  1795   0.111360E-04   0.400967E-07
  1796   0.110675E-04   0.398724E-07
  1797   0.109995E-04   0.396493E-07
  1798   0.109319E-04   0.394275E-07
  1799   0.108647E-04   0.392068E-07
  1800   0.107979E-04   0.389874E-07
  1801   0.107315E-04   0.387692E-07
  1802   0.106655E-04   0.385523E-07
  1803   0.106000E-04   0.383365E-07
  1804   0.105348E-04   0.381219E-07
  1805   0.104700E-04   0.379085E-07
  1806   0.104057E-04   0.376963E-07
  1807   0.103417E-04   0.374853E-07
  1808   0.102781E-04   0.372754E-07
  1809   0.102149E-04   0.370667E-07
  1810   0.101522E-04   0.368592E-07
  1811   0.100897E-04   0.366528E-07
  1812   0.100277E-04   0.364475E-07
  1813   0.996607E-05   0.362434E-07
  1814   0.990480E-05   0.360405E-07
  1815   0.984391E-05   0.358386E-07
  1816   0.978340E-05   0.356379E-07
  1817   0.972325E-05   0.354383E-07
  1818   0.966348E-05   0.352397E-07
  1819   0.960407E-05   0.350423E-07
  1820   0.954503E-05   0.348460E-07
  1821   0.948635E-05   0.346508E-07
  1822   0.942804E-05   0.344567E-07
  1823   0.937008E-05   0.342636E-07
  1824   0.931247E-05   0.340716E-07
  1825   0.925522E-05   0.338807E-07
  1826   0.919833E-05   0.336908E-07
  1827   0.914178E-05   0.335020E-07
  1828   0.908558E-05   0.333142E-07
  1829   0.902973E-05   0.331275E-07
  1830   0.897422E-05   0.329418E-07
  1831   0.891905E-05   0.327572E-07
  1832   0.886422E-05   0.325736E-07
  1833   0.880973E-05   0.323910E-07
  1834   0.875557E-05   0.322094E-07
  1835   0.870174E-05   0.320288E-07
  1836   0.864825E-05   0.318492E-07
  1837   0.859508E-05   0.316706E-07
  1838   0.854224E-05   0.314930E-07
  1839   0.848973E-05   0.313164E-07
  1840   0.843754E-05   0.311408E-07
  1841   0.838567E-05   0.309661E-07
  1842   0.833412E-05   0.307925E-07
  1843   0.828289E-05   0.306197E-07
  1844   0.823197E-05   0.304480E-07
  1845   0.818136E-05   0.302772E-07
  1846   0.813106E-05   0.301073E-07
  1847   0.808108E-05   0.299384E-07
  1848   0.803140E-05   0.297705E-07
  1849   0.798203E-05   0.296034E-07
  1850   0.793296E-05   0.294373E-07
  1851   0.788419E-05   0.292721E-07
  1852   0.783572E-05   0.291079E-07
  1853   0.778755E-05   0.289445E-07
  1854   0.773968E-05   0.287821E-07
  1855   0.769210E-05   0.286205E-07
  1856   0.764481E-05   0.284599E-07
  1857   0.759781E-05   0.283002E-07
  1858   0.755111E-05   0.281413E-07
  1859   0.750468E-05   0.279833E-07
  1860   0.745855E-05   0.278262E-07
  1861   0.741270E-05   0.276700E-07
  1862   0.736713E-05   0.275147E-07
  1863   0.732184E-05   0.273602E-07
  1864   0.727683E-05   0.272065E-07
  1865   0.723209E-05   0.270538E-07
  1866   0.718763E-05   0.269018E-07
  1867   0.714345E-05   0.267508E-07
  1868   0.709953E-05   0.266005E-07
  1869   0.705589E-05   0.264511E-07
  1870   0.701251E-05   0.263026E-07
  1871   0.696940E-05   0.261548E-07
  1872   0.692656E-05   0.260079E-07
  1873   0.688398E-05   0.258618E-07
  1874   0.684166E-05   0.257165E-07
  1875   0.679960E-05   0.255720E-07
  1876   0.675780E-05   0.254283E-07
  1877   0.671625E-05   0.252855E-07
  1878   0.667497E-05   0.251434E-07
  1879   0.663393E-05   0.250021E-07
  1880   0.659315E-05   0.248616E-07
  1881   0.655262E-05   0.247219E-07
  1882   0.651234E-05   0.245829E-07
  1883   0.647230E-05   0.244448E-07
  1884   0.643251E-05   0.243074E-07
  1885   0.639297E-05   0.241707E-07
  1886   0.635367E-05   0.240349E-07
  1887   0.631461E-05   0.238998E-07
  1888   0.627579E-05   0.237654E-07
  1889   0.623721E-05   0.236318E-07
  1890   0.619886E-05   0.234989E-07
  1891   0.616076E-05   0.233668E-07
  1892   0.612288E-05   0.232354E-07
  1893   0.608524E-05   0.231047E-07
  1894   0.604783E-05   0.229748E-07
  1895   0.601065E-05   0.228456E-07
  1896   0.597370E-05   0.227171E-07
  1897   0.593698E-05   0.225894E-07
  1898   0.590048E-05   0.224623E-07
  1899   0.586421E-05   0.223360E-07
  1900   0.582816E-05   0.222103E-07
  1901   0.579233E-05   0.220854E-07
  1902   0.575672E-05   0.219611E-07
  1903   0.572133E-05   0.218376E-07
  1904   0.568616E-05   0.217147E-07
  1905   0.565120E-05   0.215925E-07
  1906   0.561646E-05   0.214710E-07
  1907   0.558194E-05   0.213502E-07
  1908   0.554762E-05   0.212301E-07
  1909   0.551352E-05   0.211106E-07
  1910   0.547962E-05   0.209918E-07
  1911   0.544594E-05   0.208736E-07
  1912   0.541246E-05   0.207561E-07
  1913   0.537918E-05   0.206393E-07
  1914   0.534612E-05   0.205231E-07
  1915   0.531325E-05   0.204076E-07
  1916   0.528059E-05   0.202927E-07
  1917   0.524812E-05   0.201785E-07
  1918   0.521586E-05   0.200649E-07
  1919   0.518380E-05   0.199519E-07
  1920   0.515193E-05   0.198396E-07
  1921   0.512026E-05   0.197278E-07
  1922   0.508878E-05   0.196168E-07
  1923   0.505750E-05   0.195063E-07
  1924   0.502641E-05   0.193964E-07
  1925   0.499551E-05   0.192872E-07
  1926   0.496480E-05   0.191786E-07
  1927   0.493428E-05   0.190705E-07
  1928   0.490394E-05   0.189631E-07
  1929   0.487380E-05   0.188563E-07
  1930   0.484383E-05   0.187501E-07
  1931   0.481406E-05   0.186444E-07
  1932   0.478446E-05   0.185394E-07
  1933   0.475505E-05   0.184350E-07
  1934   0.472582E-05   0.183311E-07
  1935   0.469677E-05   0.182278E-07
  1936   0.466789E-05   0.181251E-07
  1937   0.463920E-05   0.180229E-07
  1938   0.461068E-05   0.179214E-07
  1939   0.458233E-05   0.178204E-07
  1940   0.455416E-05   0.177199E-07
  1941   0.452617E-05   0.176201E-07
  1942   0.449834E-05   0.175208E-07
  1943   0.447069E-05   0.174220E-07
  1944   0.444320E-05   0.173238E-07
  1945   0.441589E-05   0.172261E-07
  1946   0.438874E-05   0.171290E-07
  1947   0.436176E-05   0.170324E-07
  1948   0.433495E-05   0.169364E-07
  1949   0.430830E-05   0.168409E-07
  1950   0.428181E-05   0.167460E-07
  1951   0.425549E-05   0.166515E-07
  1952   0.422933E-05   0.165576E-07
  1953   0.420333E-05   0.164643E-07
  1954   0.417749E-05   0.163714E-07
  1955   0.415181E-05   0.162791E-07
  1956   0.412629E-05   0.161873E-07
  1957   0.410092E-05   0.160960E-07
  1958   0.407571E-05   0.160052E-07
  1959   0.405065E-05   0.159149E-07
  1960   0.402575E-05   0.158251E-07
  1961   0.400100E-05   0.157358E-07
  1962   0.397641E-05   0.156470E-07
  1963   0.395196E-05   0.155588E-07
  1964   0.392767E-05   0.154710E-07
  1965   0.390352E-05   0.153837E-07
  1966   0.387952E-05   0.152969E-07
  1967   0.385568E-05   0.152106E-07
  1968   0.383197E-05   0.151247E-07
  1969   0.380842E-05   0.150394E-07
  1970   0.378500E-05   0.149545E-07
  1971   0.376173E-05   0.148701E-07
  1972   0.373861E-05   0.147862E-07
  1973   0.371563E-05   0.147027E-07
  1974   0.369278E-05   0.146197E-07
  1975   0.367008E-05   0.145372E-07
  1976   0.364752E-05   0.144551E-07
  1977   0.362510E-05   0.143735E-07
  1978   0.360281E-05   0.142923E-07
  1979   0.358066E-05   0.142116E-07
  1980   0.355865E-05   0.141314E-07
  1981   0.353677E-05   0.140516E-07
  1982   0.351503E-05   0.139723E-07
  1983   0.349342E-05   0.138934E-07
  1984   0.347195E-05   0.138149E-07
  1985   0.345060E-05   0.137369E-07
  1986   0.342939E-05   0.136593E-07
  1987   0.340831E-05   0.135821E-07
  1988   0.338736E-05   0.135054E-07
  1989   0.336653E-05   0.134291E-07
  1990   0.334584E-05   0.133533E-07
  1991   0.332527E-05   0.132779E-07
  1992   0.330483E-05   0.132028E-07
  1993   0.328451E-05   0.131283E-07
  1994   0.326432E-05   0.130541E-07
  1995   0.324425E-05   0.129803E-07
  1996   0.322431E-05   0.129070E-07
  1997   0.320449E-05   0.128340E-07
  1998   0.318479E-05   0.127615E-07
  1999   0.316521E-05   0.126894E-07
  2000   0.314575E-05   0.126177E-07
  2001   0.312641E-05   0.125464E-07
  2002   0.310719E-05   0.124755E-07
  2003   0.308809E-05   0.124050E-07
  2004   0.306910E-05   0.123348E-07
  2005   0.305024E-05   0.122651E-07
  2006   0.303149E-05   0.121958E-07
  2007   0.301285E-05   0.121268E-07
  2008   0.299433E-05   0.120583E-07
  2009   0.297592E-05   0.119901E-07
  2010   0.295763E-05   0.119223E-07
  2011   0.293944E-05   0.118549E-07
  2012   0.292137E-05   0.117879E-07
  2013   0.290341E-05   0.117212E-07
  2014   0.288557E-05   0.116549E-07
  2015   0.286783E-05   0.115890E-07
  2016   0.285020E-05   0.115235E-07
  2017   0.283268E-05   0.114583E-07
  2018   0.281526E-05   0.113935E-07
  2019   0.279795E-05   0.113291E-07
  2020   0.278075E-05   0.112650E-07
  2021   0.276366E-05   0.112013E-07
  2022   0.274667E-05   0.111379E-07
  2023   0.272978E-05   0.110749E-07
  2024   0.271300E-05   0.110123E-07
  2025   0.269632E-05   0.109500E-07
  2026   0.267975E-05   0.108880E-07
  2027   0.266328E-05   0.108264E-07
  2028   0.264690E-05   0.107651E-07
  2029   0.263063E-05   0.107042E-07
  2030   0.261446E-05   0.106437E-07
  2031   0.259839E-05   0.105834E-07
  2032   0.258241E-05   0.105235E-07
  2033   0.256654E-05   0.104640E-07
  2034   0.255076E-05   0.104047E-07
  2035   0.253508E-05   0.103459E-07
  2036   0.251949E-05   0.102873E-07
  2037   0.250401E-05   0.102291E-07
  2038   0.248861E-05   0.101712E-07
  2039   0.247331E-05   0.101136E-07
  2040   0.245811E-05   0.100563E-07
  2041   0.244300E-05   0.999940E-08
  2042   0.242798E-05   0.994279E-08
  2043   0.241305E-05   0.988650E-08
  2044   0.239822E-05   0.983052E-08
  2045   0.238348E-05   0.977485E-08
  2046   0.236882E-05   0.971950E-08
  2047   0.235426E-05   0.966446E-08
  2048   0.233979E-05   0.960973E-08
  2049   0.232540E-05   0.955531E-08
  2050   0.231111E-05   0.950120E-08
  2051   0.229690E-05   0.944738E-08
  2052   0.228278E-05   0.939387E-08
  2053   0.226875E-05   0.934067E-08
  2054   0.225480E-05   0.928776E-08
  2055   0.224094E-05   0.923514E-08
  2056   0.222716E-05   0.918283E-08
  2057   0.221347E-05   0.913081E-08
  2058   0.219986E-05   0.907908E-08
  2059   0.218634E-05   0.902764E-08
  2060   0.217290E-05   0.897649E-08
  2061   0.215954E-05   0.892563E-08
  2062   0.214627E-05   0.887505E-08
  2063   0.213307E-05   0.882476E-08
  2064   0.211996E-05   0.877475E-08
  2065   0.210693E-05   0.872503E-08
  2066   0.209397E-05   0.867558E-08
  2067   0.208110E-05   0.862641E-08
  2068   0.206831E-05   0.857752E-08
  2069   0.205559E-05   0.852890E-08
  2070   0.204296E-05   0.848056E-08
  2071   0.203040E-05   0.843249E-08
  2072   0.201791E-05   0.838469E-08
  2073   0.200551E-05   0.833716E-08
  2074   0.199318E-05   0.828989E-08
  2075   0.198093E-05   0.824289E-08
  2076   0.196875E-05   0.819616E-08
  2077   0.195665E-05   0.814969E-08
  2078   0.194462E-05   0.810348E-08
  2079   0.193266E-05   0.805753E-08
  2080   0.192078E-05   0.801184E-08
  2081   0.190897E-05   0.796641E-08
  2082   0.189724E-05   0.792123E-08
  2083   0.188558E-05   0.787631E-08
  2084   0.187398E-05   0.783164E-08
  2085   0.186246E-05   0.778722E-08
  2086   0.185101E-05   0.774305E-08
  2087   0.183963E-05   0.769914E-08
  2088   0.182833E-05   0.765546E-08
  2089   0.181709E-05   0.761204E-08
  2090   0.180592E-05   0.756886E-08
  2091   0.179481E-05   0.752592E-08
  2092   0.178378E-05   0.748322E-08
  2093   0.177281E-05   0.744077E-08
  2094   0.176192E-05   0.739855E-08
  2095   0.175108E-05   0.735657E-08
  2096   0.174032E-05   0.731483E-08
  2097   0.172962E-05   0.727332E-08
  2098   0.171899E-05   0.723205E-08
  2099   0.170842E-05   0.719101E-08
  2100   0.169792E-05   0.715020E-08
  2101   0.168748E-05   0.710962E-08
  2102   0.167711E-05   0.706927E-08
  2103   0.166680E-05   0.702915E-08
  2104   0.165655E-05   0.698925E-08
  2105   0.164637E-05   0.694958E-08
  2106   0.163624E-05   0.691013E-08
  2107   0.162619E-05   0.687090E-08
  2108   0.161619E-05   0.683190E-08
  2109   0.160625E-05   0.679311E-08
  2110   0.159638E-05   0.675455E-08
  2111   0.158656E-05   0.671620E-08
  2112   0.157681E-05   0.667806E-08
  2113   0.156712E-05   0.664015E-08
  2114   0.155748E-05   0.660244E-08
  2115   0.154791E-05   0.656495E-08
  2116   0.153839E-05   0.652767E-08
  2117   0.152894E-05   0.649060E-08
  2118   0.151954E-05   0.645374E-08
  2119   0.151020E-05   0.641709E-08
  2120   0.150091E-05   0.638064E-08
  2121   0.149168E-05   0.634440E-08
  2122   0.148251E-05   0.630837E-08
  2123   0.147340E-05   0.627253E-08
  2124   0.146434E-05   0.623690E-08
  2125   0.145534E-05   0.620147E-08
  2126   0.144639E-05   0.616625E-08
  2127   0.143750E-05   0.613121E-08
  2128   0.142867E-05   0.609638E-08
  2129   0.141988E-05   0.606175E-08
  2130   0.141115E-05   0.602730E-08
  2131   0.140248E-05   0.599306E-08
  2132   0.139386E-05   0.595900E-08
  2133   0.138529E-05   0.592514E-08
  2134   0.137677E-05   0.589147E-08
  2135   0.136831E-05   0.585799E-08
  2136   0.135990E-05   0.582470E-08
  2137   0.135154E-05   0.579160E-08
  2138   0.134323E-05   0.575868E-08
  2139   0.133497E-05   0.572595E-08
  2140   0.132676E-05   0.569341E-08
  2141   0.131861E-05   0.566104E-08
  2142   0.131050E-05   0.562886E-08
  2143   0.130245E-05   0.559687E-08
  2144   0.129444E-05   0.556505E-08
  2145   0.128648E-05   0.553341E-08
  2146   0.127857E-05   0.550195E-08
  2147   0.127071E-05   0.547067E-08
  2148   0.126290E-05   0.543957E-08
  2149   0.125514E-05   0.540864E-08
  2150   0.124742E-05   0.537789E-08
  2151   0.123975E-05   0.534731E-08
  2152   0.123213E-05   0.531690E-08
  2153   0.122456E-05   0.528666E-08
  2154   0.121703E-05   0.525660E-08
  2155   0.120955E-05   0.522670E-08
  2156   0.120211E-05   0.519698E-08
  2157   0.119472E-05   0.516742E-08
  2158   0.118738E-05   0.513803E-08
  2159   0.118008E-05   0.510880E-08
  2160   0.117282E-05   0.507974E-08
  2161   0.116561E-05   0.505085E-08
  2162   0.115845E-05   0.502212E-08
  2163   0.115133E-05   0.499355E-08
  2164   0.114425E-05   0.496514E-08
  2165   0.113721E-05   0.493689E-08
  2166   0.113022E-05   0.490880E-08
  2167   0.112327E-05   0.488087E-08
  2168   0.111637E-05   0.485310E-08
  2169   0.110951E-05   0.482549E-08
  2170   0.110268E-05   0.479803E-08
  2171   0.109591E-05   0.477072E-08
  2172   0.108917E-05   0.474358E-08
  2173   0.108247E-05   0.471658E-08
  2174   0.107582E-05   0.468974E-08
  2175   0.106921E-05   0.466305E-08
  2176   0.106263E-05   0.463651E-08
  2177   0.105610E-05   0.461012E-08
  2178   0.104961E-05   0.458388E-08
  2179   0.104315E-05   0.455778E-08
  2180   0.103674E-05   0.453184E-08
  2181   0.103037E-05   0.450604E-08
  2182   0.102403E-05   0.448039E-08
  2183   0.101774E-05   0.445488E-08
  2184   0.101148E-05   0.442952E-08
  2185   0.100526E-05   0.440430E-08
  2186   0.999085E-06   0.437922E-08
  2187   0.992943E-06   0.435429E-08
  2188   0.986839E-06   0.432949E-08
  2189   0.980772E-06   0.430484E-08
  2190   0.974743E-06   0.428033E-08
  2191   0.968750E-06   0.425595E-08
  2192   0.962795E-06   0.423171E-08
  2193   0.956876E-06   0.420761E-08
  2194   0.950994E-06   0.418365E-08
  2195   0.945148E-06   0.415982E-08
  2196   0.939337E-06   0.413613E-08
  2197   0.933563E-06   0.411257E-08
  2198   0.927824E-06   0.408914E-08
  2199   0.922120E-06   0.406585E-08
  2200   0.916451E-06   0.404269E-08
  2201   0.910817E-06   0.401966E-08
  2202   0.905218E-06   0.399676E-08
  2203   0.899653E-06   0.397399E-08
  2204   0.894122E-06   0.395135E-08
  2205   0.888626E-06   0.392883E-08
  2206   0.883163E-06   0.390645E-08
  2207   0.877734E-06   0.388419E-08
  2208   0.872338E-06   0.386206E-08
  2209   0.866975E-06   0.384005E-08
  2210   0.861645E-06   0.381817E-08
  2211   0.856348E-06   0.379641E-08
  2212   0.851084E-06   0.377477E-08
  2213   0.845852E-06   0.375326E-08
  2214   0.840652E-06   0.373187E-08
  2215   0.835484E-06   0.371060E-08
  2216   0.830348E-06   0.368945E-08
  2217   0.825243E-06   0.366842E-08
  2218   0.820170E-06   0.364751E-08
  2219   0.815128E-06   0.362671E-08
  2220   0.810117E-06   0.360604E-08
  2221   0.805137E-06   0.358548E-08
  2222   0.800187E-06   0.356504E-08
  2223   0.795268E-06   0.354471E-08
  2224   0.790379E-06   0.352450E-08
  2225   0.785520E-06   0.350441E-08
  2226   0.780691E-06   0.348443E-08
  2227   0.775892E-06   0.346456E-08
  2228   0.771122E-06   0.344480E-08
  2229   0.766382E-06   0.342516E-08
  2230   0.761670E-06   0.340563E-08
  2231   0.756988E-06   0.338621E-08
  2232   0.752334E-06   0.336689E-08
  2233   0.747709E-06   0.334769E-08
  2234   0.743113E-06   0.332860E-08
  2235   0.738544E-06   0.330961E-08
  2236   0.734004E-06   0.329074E-08
  2237   0.729492E-06   0.327197E-08
  2238   0.725007E-06   0.325330E-08
  2239   0.720550E-06   0.323474E-08
  2240   0.716121E-06   0.321629E-08
  2241   0.711718E-06   0.319794E-08
  2242   0.707343E-06   0.317970E-08
  2243   0.702995E-06   0.316156E-08
  2244   0.698673E-06   0.314352E-08
  2245   0.694378E-06   0.312558E-08
  2246   0.690109E-06   0.310775E-08
  2247   0.685867E-06   0.309002E-08
  2248   0.681650E-06   0.307238E-08
  2249   0.677460E-06   0.305485E-08
  2250   0.673295E-06   0.303742E-08
  2251   0.669156E-06   0.302008E-08
  2252   0.665042E-06   0.300285E-08
  2253   0.660954E-06   0.298571E-08
  2254   0.656891E-06   0.296867E-08
  2255   0.652853E-06   0.295173E-08
  2256   0.648839E-06   0.293488E-08
  2257   0.644850E-06   0.291813E-08
  2258   0.640886E-06   0.290147E-08
  2259   0.636946E-06   0.288491E-08
  2260   0.633031E-06   0.286844E-08
  2261   0.629139E-06   0.285206E-08
  2262   0.625272E-06   0.283578E-08
  2263   0.621428E-06   0.281959E-08
  2264   0.617607E-06   0.280349E-08
  2265   0.613811E-06   0.278748E-08
  2266   0.610037E-06   0.277157E-08
  2267   0.606287E-06   0.275574E-08
  2268   0.602560E-06   0.274001E-08
  2269   0.598856E-06   0.272436E-08
  2270   0.595174E-06   0.270880E-08
  2271   0.591515E-06   0.269333E-08
  2272   0.587879E-06   0.267795E-08
  2273   0.584265E-06   0.266266E-08
  2274   0.580673E-06   0.264745E-08
  2275   0.577103E-06   0.263233E-08
  2276   0.573556E-06   0.261730E-08
  2277   0.570030E-06   0.260235E-08
  2278   0.566525E-06   0.258748E-08
  2279   0.563043E-06   0.257270E-08
  2280   0.559581E-06   0.255801E-08
  2281   0.556141E-06   0.254339E-08
  2282   0.552723E-06   0.252886E-08
  2283   0.549325E-06   0.251441E-08
  2284   0.545948E-06   0.250005E-08
  2285   0.542591E-06   0.248577E-08
  2286   0.539256E-06   0.247156E-08
  2287   0.535941E-06   0.245744E-08
  2288   0.532646E-06   0.244340E-08
  2289   0.529372E-06   0.242944E-08
  2290   0.526117E-06   0.241555E-08
  2291   0.522883E-06   0.240175E-08
  2292   0.519669E-06   0.238803E-08
  2293   0.516474E-06   0.237438E-08
  2294   0.513299E-06   0.236081E-08
  2295   0.510143E-06   0.234732E-08
  2296   0.507007E-06   0.233390E-08
  2297   0.503890E-06   0.232056E-08
  2298   0.500793E-06   0.230730E-08
  2299   0.497714E-06   0.229411E-08
  2300   0.494654E-06   0.228099E-08
  2301   0.491613E-06   0.226795E-08
  2302   0.488591E-06   0.225499E-08
  2303   0.485588E-06   0.224210E-08
  2304   0.482602E-06   0.222928E-08
  2305   0.479636E-06   0.221654E-08
  2306   0.476687E-06   0.220386E-08
  2307   0.473757E-06   0.219126E-08
  2308   0.470844E-06   0.217873E-08
  2309   0.467950E-06   0.216627E-08
  2310   0.465073E-06   0.215389E-08
  2311   0.462214E-06   0.214157E-08
  2312   0.459372E-06   0.212932E-08
  2313   0.456548E-06   0.211715E-08
  2314   0.453742E-06   0.210504E-08
  2315   0.450952E-06   0.209300E-08
  2316   0.448180E-06   0.208103E-08
  2317   0.445425E-06   0.206913E-08
  2318   0.442687E-06   0.205729E-08
  2319   0.439965E-06   0.204553E-08
  2320   0.437261E-06   0.203383E-08
  2321   0.434573E-06   0.202219E-08
  2322   0.431901E-06   0.201063E-08
  2323   0.429246E-06   0.199912E-08
  2324   0.426607E-06   0.198769E-08
  2325   0.423984E-06   0.197632E-08
  2326   0.421378E-06   0.196501E-08
  2327   0.418788E-06   0.195377E-08
  2328   0.416213E-06   0.194259E-08
  2329   0.413654E-06   0.193147E-08
  2330   0.411111E-06   0.192042E-08
  2331   0.408584E-06   0.190943E-08
  2332   0.406072E-06   0.189851E-08
  2333   0.403576E-06   0.188764E-08
  2334   0.401095E-06   0.187684E-08
  2335   0.398629E-06   0.186610E-08
  2336   0.396179E-06   0.185542E-08
  2337   0.393743E-06   0.184480E-08
  2338   0.391323E-06   0.183424E-08
  2339   0.388917E-06   0.182375E-08
  2340   0.386526E-06   0.181331E-08
  2341   0.384150E-06   0.180293E-08
  2342   0.381788E-06   0.179261E-08
  2343   0.379441E-06   0.178235E-08
  2344   0.377109E-06   0.177214E-08
  2345   0.374790E-06   0.176200E-08
  2346   0.372486E-06   0.175191E-08
  2347   0.370197E-06   0.174188E-08
  2348   0.367921E-06   0.173191E-08
  2349   0.365659E-06   0.172200E-08
  2350   0.363411E-06   0.171214E-08
  2351   0.361177E-06   0.170233E-08
  2352   0.358957E-06   0.169259E-08
  2353   0.356750E-06   0.168289E-08
  2354   0.354557E-06   0.167326E-08
  2355   0.352377E-06   0.166368E-08
  2356   0.350211E-06   0.165415E-08
  2357   0.348058E-06   0.164468E-08
  2358   0.345918E-06   0.163526E-08
  2359   0.343792E-06   0.162589E-08
  2360   0.341678E-06   0.161658E-08
  2361   0.339578E-06   0.160732E-08
  2362   0.337490E-06   0.159812E-08
  2363   0.335416E-06   0.158896E-08
  2364   0.333354E-06   0.157986E-08
  2365   0.331304E-06   0.157081E-08
  2366   0.329268E-06   0.156181E-08
  2367   0.327243E-06   0.155287E-08
  2368   0.325232E-06   0.154397E-08
  2369   0.323232E-06   0.153512E-08
  2370   0.321245E-06   0.152633E-08
  2371   0.319270E-06   0.151759E-08
  2372   0.317308E-06   0.150889E-08
  2373   0.315357E-06   0.150025E-08
  2374   0.313418E-06   0.149165E-08
  2375   0.311492E-06   0.148310E-08
  2376   0.309577E-06   0.147460E-08
  2377   0.307674E-06   0.146615E-08
  2378   0.305782E-06   0.145775E-08
  2379   0.303902E-06   0.144940E-08
  2380   0.302034E-06   0.144109E-08
  2381   0.300177E-06   0.143283E-08
  2382   0.298332E-06   0.142462E-08
  2383   0.296498E-06   0.141646E-08
  2384   0.294675E-06   0.140834E-08
  2385   0.292864E-06   0.140027E-08
  2386   0.291063E-06   0.139224E-08
  2387   0.289274E-06   0.138426E-08
  2388   0.287496E-06   0.137633E-08
  2389   0.285728E-06   0.136844E-08
  2390   0.283972E-06   0.136059E-08
  2391   0.282226E-06   0.135279E-08
  2392   0.280491E-06   0.134504E-08
  2393   0.278767E-06   0.133732E-08
  2394   0.277053E-06   0.132966E-08
  2395   0.275350E-06   0.132203E-08
  2396   0.273657E-06   0.131445E-08
  2397   0.271975E-06   0.130692E-08
  2398   0.270303E-06   0.129942E-08
  2399   0.268641E-06   0.129197E-08
  2400   0.266990E-06   0.128456E-08
  2401   0.265348E-06   0.127720E-08
  2402   0.263717E-06   0.126987E-08
  2403   0.262096E-06   0.126259E-08
  2404   0.260485E-06   0.125535E-08
  2405   0.258883E-06   0.124815E-08
  2406   0.257292E-06   0.124099E-08
  2407   0.255710E-06   0.123387E-08
  2408   0.254138E-06   0.122680E-08
  2409   0.252576E-06   0.121976E-08
  2410   0.251023E-06   0.121276E-08
  2411   0.249480E-06   0.120581E-08
  2412   0.247946E-06   0.119889E-08
  2413   0.246422E-06   0.119201E-08
  2414   0.244907E-06   0.118518E-08
  2415   0.243402E-06   0.117838E-08
  2416   0.241905E-06   0.117162E-08
  2417   0.240418E-06   0.116489E-08
  2418   0.238940E-06   0.115821E-08
  2419   0.237471E-06   0.115157E-08
  2420   0.236011E-06   0.114496E-08
  2421   0.234560E-06   0.113839E-08
  2422   0.233119E-06   0.113186E-08
  2423   0.231685E-06   0.112536E-08
  2424   0.230261E-06   0.111890E-08
  2425   0.228846E-06   0.111248E-08
  2426   0.227439E-06   0.110610E-08
  2427   0.226041E-06   0.109975E-08
  2428   0.224651E-06   0.109344E-08
  2429   0.223270E-06   0.108716E-08
  2430   0.221897E-06   0.108092E-08
  2431   0.220533E-06   0.107472E-08
  2432   0.219178E-06   0.106855E-08
  2433   0.217830E-06   0.106242E-08
  2434   0.216491E-06   0.105632E-08
  2435   0.215160E-06   0.105026E-08
  2436   0.213837E-06   0.104423E-08
  2437   0.212523E-06   0.103823E-08
  2438   0.211216E-06   0.103227E-08
  2439   0.209918E-06   0.102635E-08
  2440   0.208627E-06   0.102045E-08
  2441   0.207345E-06   0.101460E-08
  2442   0.206070E-06   0.100877E-08
  2443   0.204803E-06   0.100298E-08
  2444   0.203544E-06   0.997220E-09
  2445   0.202293E-06   0.991494E-09
  2446   0.201050E-06   0.985801E-09
  2447   0.199814E-06   0.980140E-09
  2448   0.198585E-06   0.974512E-09
  2449   0.197364E-06   0.968916E-09
  2450   0.196151E-06   0.963351E-09
  2451   0.194945E-06   0.957819E-09
  2452   0.193747E-06   0.952318E-09
  2453   0.192556E-06   0.946849E-09
  2454   0.191372E-06   0.941411E-09
  2455   0.190196E-06   0.936004E-09
  2456   0.189026E-06   0.930627E-09
  2457   0.187864E-06   0.925282E-09
  2458   0.186709E-06   0.919967E-09
  2459   0.185562E-06   0.914683E-09
  2460   0.184421E-06   0.909428E-09
  2461   0.183287E-06   0.904204E-09
  2462   0.182160E-06   0.899010E-09
  2463   0.181041E-06   0.893845E-09
  2464   0.179928E-06   0.888710E-09
  2465   0.178821E-06   0.883604E-09
  2466   0.177722E-06   0.878528E-09
  2467   0.176630E-06   0.873480E-09
  2468   0.175544E-06   0.868461E-09
  2469   0.174465E-06   0.863471E-09
  2470   0.173392E-06   0.858510E-09
  2471   0.172326E-06   0.853576E-09
  2472   0.171267E-06   0.848672E-09
  2473   0.170214E-06   0.843795E-09
  2474   0.169168E-06   0.838946E-09
  2475   0.168128E-06   0.834124E-09
  2476   0.167094E-06   0.829331E-09
  2477   0.166067E-06   0.824564E-09
  2478   0.165046E-06   0.819825E-09
  2479   0.164031E-06   0.815113E-09
  2480   0.163023E-06   0.810428E-09
  2481   0.162021E-06   0.805770E-09
  2482   0.161025E-06   0.801139E-09
  2483   0.160035E-06   0.796534E-09
  2484   0.159051E-06   0.791955E-09
  2485   0.158073E-06   0.787402E-09
  2486   0.157101E-06   0.782876E-09
  2487   0.156136E-06   0.778375E-09
  2488   0.155176E-06   0.773901E-09
  2489   0.154222E-06   0.769451E-09
  2490   0.153274E-06   0.765028E-09
  2491   0.152331E-06   0.760629E-09
  2492   0.151395E-06   0.756256E-09
  2493   0.150464E-06   0.751908E-09
  2494   0.149539E-06   0.747584E-09
  2495   0.148620E-06   0.743286E-09
  2496   0.147706E-06   0.739011E-09
  2497   0.146798E-06   0.734762E-09
  2498   0.145896E-06   0.730537E-09
  2499   0.144999E-06   0.726336E-09
  2500   0.144108E-06   0.722158E-09
  2501   0.143222E-06   0.718005E-09
  2502   0.142341E-06   0.713876E-09
  2503   0.141466E-06   0.709770E-09
  2504   0.140597E-06   0.705688E-09
  2505   0.139732E-06   0.701629E-09
  2506   0.138873E-06   0.697593E-09
  2507   0.138020E-06   0.693581E-09
  2508   0.137171E-06   0.689591E-09
  2509   0.136328E-06   0.685625E-09
  2510   0.135490E-06   0.681681E-09
  2511   0.134657E-06   0.677759E-09
  2512   0.133829E-06   0.673860E-09
  2513   0.133006E-06   0.669984E-09
  2514   0.132189E-06   0.666129E-09
  2515   0.131376E-06   0.662297E-09
  2516   0.130568E-06   0.658486E-09
  2517   0.129766E-06   0.654698E-09
  2518   0.128968E-06   0.650931E-09
  2519   0.128175E-06   0.647185E-09
  2520   0.127387E-06   0.643461E-09
  2521   0.126604E-06   0.639759E-09
  2522   0.125826E-06   0.636077E-09
  2523   0.125052E-06   0.632417E-09
  2524   0.124283E-06   0.628778E-09
  2525   0.123519E-06   0.625159E-09
  2526   0.122760E-06   0.621562E-09
  2527   0.122005E-06   0.617984E-09
  2528   0.121255E-06   0.614428E-09
  2529   0.120510E-06   0.610891E-09
  2530   0.119769E-06   0.607375E-09
  2531   0.119033E-06   0.603880E-09
  2532   0.118301E-06   0.600404E-09
  2533   0.117574E-06   0.596948E-09
  2534   0.116851E-06   0.593512E-09
  2535   0.116133E-06   0.590095E-09
  2536   0.115419E-06   0.586698E-09
  2537   0.114709E-06   0.583321E-09
  2538   0.114004E-06   0.579963E-09
  2539   0.113303E-06   0.576624E-09
  2540   0.112607E-06   0.573304E-09
  2541   0.111914E-06   0.570004E-09
  2542   0.111226E-06   0.566722E-09
  2543   0.110543E-06   0.563459E-09
  2544   0.109863E-06   0.560215E-09
  2545   0.109188E-06   0.556989E-09
  2546   0.108516E-06   0.553782E-09
  2547   0.107849E-06   0.550593E-09
  2548   0.107186E-06   0.547422E-09
  2549   0.106527E-06   0.544270E-09
  2550   0.105873E-06   0.541136E-09
  2551   0.105222E-06   0.538020E-09
  2552   0.104575E-06   0.534921E-09
  2553   0.103932E-06   0.531841E-09
  2554   0.103293E-06   0.528777E-09
  2555   0.102658E-06   0.525732E-09
  2556   0.102027E-06   0.522704E-09
  2557   0.101400E-06   0.519693E-09
  2558   0.100776E-06   0.516700E-09
  2559   0.100157E-06   0.513724E-09
  2560   0.995411E-07   0.510765E-09
