Iter     SteadyRMS     UnsteadyRMS
     1   0.707307       0.364970E-04
     2   0.700397       0.722790E-04
     3   0.693554       0.107356E-03
     4   0.686778       0.141740E-03
     5   0.680068       0.175439E-03
     6   0.673424       0.208465E-03
     7   0.666845       0.240827E-03
     8   0.660330       0.272534E-03
     9   0.653878       0.303598E-03
    10   0.647490       0.334027E-03
    11   0.641164       0.363830E-03
    12   0.634900       0.393018E-03
    13   0.628697       0.421599E-03
    14   0.622554       0.449582E-03
    15   0.616472       0.476976E-03
    16   0.610449       0.503791E-03
    17   0.604485       0.530035E-03
    18   0.598579       0.555716E-03
    19   0.592731       0.580843E-03
    20   0.586940       0.605425E-03
    21   0.581206       0.629469E-03
    22   0.575527       0.652984E-03
    23   0.569905       0.675978E-03
    24   0.564337       0.698459E-03
    25   0.558823       0.720435E-03
    26   0.553363       0.741913E-03
    27   0.547957       0.762901E-03
    28   0.542604       0.783407E-03
    29   0.537302       0.803437E-03
    30   0.532053       0.823001E-03
    31   0.526855       0.842104E-03
    32   0.521707       0.860753E-03
    33   0.516610       0.878957E-03
    34   0.511563       0.896721E-03
    35   0.506565       0.914053E-03
    36   0.501616       0.930960E-03
    37   0.496715       0.947447E-03
    38   0.491862       0.963522E-03
    39   0.487057       0.979191E-03
    40   0.482298       0.994461E-03
    41   0.477586       0.100934E-02
    42   0.472920       0.102383E-02
    43   0.468300       0.103794E-02
    44   0.463725       0.105167E-02
    45   0.459194       0.106504E-02
    46   0.454708       0.107804E-02
    47   0.450265       0.109069E-02
    48   0.445866       0.110298E-02
    49   0.441510       0.111493E-02
    50   0.437197       0.112654E-02
    51   0.432925       0.113782E-02
    52   0.428696       0.114876E-02
    53   0.424507       0.115938E-02
    54   0.420360       0.116969E-02
    55   0.416253       0.117968E-02
    56   0.412186       0.118936E-02
    57   0.408159       0.119874E-02
    58   0.404171       0.120783E-02
    59   0.400223       0.121661E-02
    60   0.396312       0.122512E-02
    61   0.392440       0.123333E-02
    62   0.388606       0.124127E-02
    63   0.384810       0.124894E-02
    64   0.381050       0.125633E-02
    65   0.377327       0.126347E-02
    66   0.373641       0.127034E-02
    67   0.369990       0.127695E-02
    68   0.366376       0.128332E-02
    69   0.362796       0.128943E-02
    70   0.359252       0.129531E-02
    71   0.355742       0.130094E-02
    72   0.352266       0.130634E-02
    73   0.348824       0.131151E-02
    74   0.345416       0.131646E-02
    75   0.342042       0.132118E-02
    76   0.338700       0.132568E-02
    77   0.335391       0.132996E-02
    78   0.332114       0.133404E-02
    79   0.328869       0.133791E-02
    80   0.325656       0.134157E-02
    81   0.322475       0.134504E-02
    82   0.319324       0.134830E-02
    83   0.316204       0.135138E-02
    84   0.313115       0.135426E-02
    85   0.310056       0.135696E-02
    86   0.307027       0.135948E-02
    87   0.304027       0.136181E-02
    88   0.301057       0.136397E-02
    89   0.298115       0.136596E-02
    90   0.295203       0.136778E-02
    91   0.292319       0.136943E-02
    92   0.289463       0.137091E-02
    93   0.286635       0.137224E-02
    94   0.283834       0.137341E-02
    95   0.281061       0.137442E-02
    96   0.278315       0.137529E-02
    97   0.275596       0.137600E-02
    98   0.272904       0.137657E-02
    99   0.270237       0.137699E-02
   100   0.267597       0.137728E-02
   101   0.264983       0.137743E-02
   102   0.262394       0.137744E-02
   103   0.259830       0.137732E-02
   104   0.257292       0.137707E-02
   105   0.254778       0.137669E-02
   106   0.252289       0.137619E-02
   107   0.249824       0.137556E-02
   108   0.247383       0.137482E-02
   109   0.244966       0.137395E-02
   110   0.242573       0.137298E-02
   111   0.240203       0.137189E-02
   112   0.237856       0.137069E-02
   113   0.235532       0.136938E-02
   114   0.233231       0.136797E-02
   115   0.230953       0.136645E-02
   116   0.228696       0.136483E-02
   117   0.226462       0.136311E-02
   118   0.224249       0.136129E-02
   119   0.222058       0.135938E-02
   120   0.219889       0.135738E-02
   121   0.217741       0.135528E-02
   122   0.215613       0.135310E-02
   123   0.213507       0.135083E-02
   124   0.211421       0.134847E-02
   125   0.209355       0.134603E-02
   126   0.207310       0.134351E-02
   127   0.205284       0.134090E-02
   128   0.203279       0.133822E-02
   129   0.201293       0.133547E-02
   130   0.199326       0.133264E-02
   131   0.197379       0.132973E-02
   132   0.195450       0.132676E-02
   133   0.193541       0.132372E-02
   134   0.191650       0.132061E-02
   135   0.189778       0.131743E-02
   136   0.187923       0.131419E-02
   137   0.186087       0.131088E-02
   138   0.184269       0.130752E-02
   139   0.182469       0.130409E-02
   140   0.180686       0.130061E-02
   141   0.178921       0.129707E-02
   142   0.177173       0.129347E-02
   143   0.175442       0.128982E-02
   144   0.173728       0.128612E-02
   145   0.172031       0.128236E-02
   146   0.170350       0.127856E-02
   147   0.168686       0.127470E-02
   148   0.167038       0.127080E-02
   149   0.165406       0.126686E-02
   150   0.163790       0.126287E-02
   151   0.162189       0.125883E-02
   152   0.160605       0.125476E-02
   153   0.159036       0.125064E-02
   154   0.157482       0.124649E-02
   155   0.155943       0.124229E-02
   156   0.154420       0.123806E-02
   157   0.152911       0.123379E-02
   158   0.151417       0.122948E-02
   159   0.149938       0.122515E-02
   160   0.148473       0.122078E-02
   161   0.147022       0.121637E-02
   162   0.145586       0.121194E-02
   163   0.144164       0.120748E-02
   164   0.142755       0.120298E-02
   165   0.141360       0.119846E-02
   166   0.139979       0.119392E-02
   167   0.138612       0.118934E-02
   168   0.137257       0.118474E-02
   169   0.135916       0.118012E-02
   170   0.134589       0.117548E-02
   171   0.133274       0.117081E-02
   172   0.131972       0.116612E-02
   173   0.130682       0.116141E-02
   174   0.129405       0.115668E-02
   175   0.128141       0.115193E-02
   176   0.126889       0.114717E-02
   177   0.125650       0.114239E-02
   178   0.124422       0.113759E-02
   179   0.123206       0.113277E-02
   180   0.122003       0.112794E-02
   181   0.120811       0.112310E-02
   182   0.119630       0.111824E-02
   183   0.118462       0.111337E-02
   184   0.117304       0.110849E-02
   185   0.116158       0.110360E-02
   186   0.115023       0.109869E-02
   187   0.113899       0.109378E-02
   188   0.112787       0.108886E-02
   189   0.111685       0.108393E-02
   190   0.110594       0.107899E-02
   191   0.109513       0.107404E-02
   192   0.108443       0.106909E-02
   193   0.107384       0.106413E-02
   194   0.106335       0.105917E-02
   195   0.105296       0.105420E-02
   196   0.104267       0.104923E-02
   197   0.103248       0.104425E-02
   198   0.102240       0.103927E-02
   199   0.101241       0.103429E-02
   200   0.100252       0.102930E-02
   201   0.992721E-01   0.102431E-02
   202   0.983022E-01   0.101933E-02
   203   0.973418E-01   0.101434E-02
   204   0.963908E-01   0.100935E-02
   205   0.954490E-01   0.100436E-02
   206   0.945165E-01   0.999376E-03
   207   0.935931E-01   0.994390E-03
   208   0.926787E-01   0.989407E-03
   209   0.917732E-01   0.984425E-03
   210   0.908766E-01   0.979446E-03
   211   0.899887E-01   0.974470E-03
   212   0.891095E-01   0.969498E-03
   213   0.882389E-01   0.964530E-03
   214   0.873768E-01   0.959566E-03
   215   0.865232E-01   0.954606E-03
   216   0.856779E-01   0.949652E-03
   217   0.848408E-01   0.944703E-03
   218   0.840119E-01   0.939760E-03
   219   0.831911E-01   0.934824E-03
   220   0.823783E-01   0.929893E-03
   221   0.815735E-01   0.924970E-03
   222   0.807765E-01   0.920054E-03
   223   0.799873E-01   0.915145E-03
   224   0.792059E-01   0.910245E-03
   225   0.784320E-01   0.905352E-03
   226   0.776657E-01   0.900468E-03
   227   0.769070E-01   0.895593E-03
   228   0.761556E-01   0.890727E-03
   229   0.754115E-01   0.885870E-03
   230   0.746748E-01   0.881023E-03
   231   0.739452E-01   0.876186E-03
   232   0.732228E-01   0.871359E-03
   233   0.725074E-01   0.866543E-03
   234   0.717990E-01   0.861738E-03
   235   0.710975E-01   0.856943E-03
   236   0.704029E-01   0.852160E-03
   237   0.697151E-01   0.847388E-03
   238   0.690339E-01   0.842628E-03
   239   0.683595E-01   0.837880E-03
   240   0.676916E-01   0.833144E-03
   241   0.670303E-01   0.828420E-03
   242   0.663754E-01   0.823709E-03
   243   0.657269E-01   0.819011E-03
   244   0.650848E-01   0.814326E-03
   245   0.644489E-01   0.809654E-03
   246   0.638192E-01   0.804995E-03
   247   0.631957E-01   0.800350E-03
   248   0.625783E-01   0.795719E-03
   249   0.619669E-01   0.791102E-03
   250   0.613615E-01   0.786498E-03
   251   0.607620E-01   0.781909E-03
   252   0.601683E-01   0.777335E-03
   253   0.595805E-01   0.772775E-03
   254   0.589984E-01   0.768230E-03
   255   0.584220E-01   0.763700E-03
   256   0.578512E-01   0.759184E-03
   257   0.572860E-01   0.754684E-03
   258   0.567263E-01   0.750200E-03
   259   0.561721E-01   0.745730E-03
   260   0.556233E-01   0.741277E-03
   261   0.550799E-01   0.736839E-03
   262   0.545417E-01   0.732416E-03
   263   0.540089E-01   0.728010E-03
   264   0.534812E-01   0.723620E-03
   265   0.529587E-01   0.719246E-03
   266   0.524413E-01   0.714888E-03
   267   0.519289E-01   0.710547E-03
   268   0.514216E-01   0.706222E-03
   269   0.509192E-01   0.701913E-03
   270   0.504217E-01   0.697622E-03
   271   0.499291E-01   0.693347E-03
   272   0.494413E-01   0.689088E-03
   273   0.489583E-01   0.684847E-03
   274   0.484799E-01   0.680623E-03
   275   0.480063E-01   0.676415E-03
   276   0.475373E-01   0.672225E-03
   277   0.470728E-01   0.668052E-03
   278   0.466129E-01   0.663896E-03
   279   0.461575E-01   0.659758E-03
   280   0.457066E-01   0.655637E-03
   281   0.452600E-01   0.651533E-03
   282   0.448178E-01   0.647447E-03
   283   0.443800E-01   0.643378E-03
   284   0.439464E-01   0.639327E-03
   285   0.435170E-01   0.635294E-03
   286   0.430919E-01   0.631278E-03
   287   0.426709E-01   0.627280E-03
   288   0.422540E-01   0.623300E-03
   289   0.418411E-01   0.619338E-03
   290   0.414324E-01   0.615393E-03
   291   0.410276E-01   0.611466E-03
   292   0.406267E-01   0.607557E-03
   293   0.402298E-01   0.603666E-03
   294   0.398368E-01   0.599793E-03
   295   0.394476E-01   0.595938E-03
   296   0.390622E-01   0.592101E-03
   297   0.386805E-01   0.588282E-03
   298   0.383026E-01   0.584481E-03
   299   0.379284E-01   0.580697E-03
   300   0.375578E-01   0.576932E-03
   301   0.371909E-01   0.573185E-03
   302   0.368275E-01   0.569456E-03
   303   0.364677E-01   0.565745E-03
   304   0.361115E-01   0.562053E-03
   305   0.357586E-01   0.558378E-03
   306   0.354093E-01   0.554721E-03
   307   0.350633E-01   0.551082E-03
   308   0.347208E-01   0.547462E-03
   309   0.343815E-01   0.543859E-03
   310   0.340456E-01   0.540275E-03
   311   0.337130E-01   0.536708E-03
   312   0.333836E-01   0.533160E-03
   313   0.330575E-01   0.529629E-03
   314   0.327345E-01   0.526117E-03
   315   0.324147E-01   0.522622E-03
   316   0.320980E-01   0.519146E-03
   317   0.317844E-01   0.515687E-03
   318   0.314739E-01   0.512247E-03
   319   0.311664E-01   0.508824E-03
   320   0.308619E-01   0.505420E-03
   321   0.305604E-01   0.502033E-03
   322   0.302618E-01   0.498664E-03
   323   0.299661E-01   0.495313E-03
   324   0.296734E-01   0.491979E-03
   325   0.293835E-01   0.488664E-03
   326   0.290964E-01   0.485366E-03
   327   0.288121E-01   0.482086E-03
   328   0.285306E-01   0.478823E-03
   329   0.282519E-01   0.475579E-03
   330   0.279759E-01   0.472351E-03
   331   0.277025E-01   0.469142E-03
   332   0.274319E-01   0.465950E-03
   333   0.271639E-01   0.462775E-03
   334   0.268985E-01   0.459618E-03
   335   0.266357E-01   0.456479E-03
   336   0.263755E-01   0.453357E-03
   337   0.261178E-01   0.450252E-03
   338   0.258626E-01   0.447165E-03
   339   0.256099E-01   0.444094E-03
   340   0.253597E-01   0.441041E-03
   341   0.251120E-01   0.438006E-03
   342   0.248666E-01   0.434987E-03
   343   0.246237E-01   0.431986E-03
   344   0.243831E-01   0.429001E-03
   345   0.241449E-01   0.426034E-03
   346   0.239090E-01   0.423084E-03
   347   0.236754E-01   0.420150E-03
   348   0.234441E-01   0.417233E-03
   349   0.232150E-01   0.414334E-03
   350   0.229882E-01   0.411451E-03
   351   0.227636E-01   0.408584E-03
   352   0.225412E-01   0.405735E-03
   353   0.223210E-01   0.402902E-03
   354   0.221029E-01   0.400085E-03
   355   0.218870E-01   0.397286E-03
   356   0.216731E-01   0.394502E-03
   357   0.214614E-01   0.391735E-03
   358   0.212517E-01   0.388984E-03
   359   0.210441E-01   0.386250E-03
   360   0.208385E-01   0.383532E-03
   361   0.206349E-01   0.380830E-03
   362   0.204333E-01   0.378144E-03
   363   0.202337E-01   0.375474E-03
   364   0.200360E-01   0.372821E-03
   365   0.198402E-01   0.370183E-03
   366   0.196464E-01   0.367561E-03
   367   0.194545E-01   0.364955E-03
   368   0.192644E-01   0.362365E-03
   369   0.190762E-01   0.359790E-03
   370   0.188898E-01   0.357232E-03
   371   0.187052E-01   0.354688E-03
   372   0.185225E-01   0.352161E-03
   373   0.183415E-01   0.349649E-03
   374   0.181623E-01   0.347152E-03
   375   0.179849E-01   0.344671E-03
   376   0.178092E-01   0.342204E-03
   377   0.176352E-01   0.339754E-03
   378   0.174629E-01   0.337318E-03
   379   0.172923E-01   0.334897E-03
   380   0.171233E-01   0.332492E-03
   381   0.169560E-01   0.330101E-03
   382   0.167904E-01   0.327726E-03
   383   0.166263E-01   0.325365E-03
   384   0.164639E-01   0.323019E-03
   385   0.163030E-01   0.320688E-03
   386   0.161438E-01   0.318372E-03
   387   0.159860E-01   0.316070E-03
   388   0.158299E-01   0.313782E-03
   389   0.156752E-01   0.311510E-03
   390   0.155221E-01   0.309251E-03
   391   0.153704E-01   0.307007E-03
   392   0.152202E-01   0.304777E-03
   393   0.150715E-01   0.302562E-03
   394   0.149243E-01   0.300360E-03
   395   0.147785E-01   0.298173E-03
   396   0.146341E-01   0.296000E-03
   397   0.144911E-01   0.293841E-03
   398   0.143495E-01   0.291695E-03
   399   0.142093E-01   0.289564E-03
   400   0.140705E-01   0.287446E-03
   401   0.139331E-01   0.285342E-03
   402   0.137969E-01   0.283251E-03
   403   0.136621E-01   0.281174E-03
   404   0.135287E-01   0.279111E-03
   405   0.133965E-01   0.277061E-03
   406   0.132656E-01   0.275025E-03
   407   0.131360E-01   0.273001E-03
   408   0.130077E-01   0.270991E-03
   409   0.128806E-01   0.268995E-03
   410   0.127547E-01   0.267011E-03
   411   0.126301E-01   0.265040E-03
   412   0.125067E-01   0.263083E-03
   413   0.123845E-01   0.261138E-03
   414   0.122635E-01   0.259206E-03
   415   0.121437E-01   0.257287E-03
   416   0.120251E-01   0.255381E-03
   417   0.119076E-01   0.253487E-03
   418   0.117912E-01   0.251606E-03
   419   0.116760E-01   0.249738E-03
   420   0.115620E-01   0.247881E-03
   421   0.114490E-01   0.246038E-03
   422   0.113372E-01   0.244206E-03
   423   0.112264E-01   0.242387E-03
   424   0.111167E-01   0.240580E-03
   425   0.110081E-01   0.238786E-03
   426   0.109006E-01   0.237003E-03
   427   0.107941E-01   0.235232E-03
   428   0.106886E-01   0.233474E-03
   429   0.105842E-01   0.231727E-03
   430   0.104808E-01   0.229992E-03
   431   0.103784E-01   0.228269E-03
   432   0.102770E-01   0.226557E-03
   433   0.101766E-01   0.224857E-03
   434   0.100771E-01   0.223169E-03
   435   0.997869E-02   0.221492E-03
   436   0.988120E-02   0.219827E-03
   437   0.978466E-02   0.218172E-03
   438   0.968906E-02   0.216530E-03
   439   0.959440E-02   0.214898E-03
   440   0.950066E-02   0.213278E-03
   441   0.940784E-02   0.211669E-03
   442   0.931593E-02   0.210071E-03
   443   0.922491E-02   0.208484E-03
   444   0.913478E-02   0.206907E-03
   445   0.904554E-02   0.205342E-03
   446   0.895716E-02   0.203788E-03
   447   0.886965E-02   0.202244E-03
   448   0.878300E-02   0.200711E-03
   449   0.869719E-02   0.199188E-03
   450   0.861222E-02   0.197677E-03
   451   0.852807E-02   0.196175E-03
   452   0.844476E-02   0.194684E-03
   453   0.836225E-02   0.193204E-03
   454   0.828055E-02   0.191734E-03
   455   0.819965E-02   0.190274E-03
   456   0.811954E-02   0.188824E-03
   457   0.804021E-02   0.187384E-03
   458   0.796166E-02   0.185955E-03
   459   0.788388E-02   0.184535E-03
   460   0.780685E-02   0.183126E-03
   461   0.773058E-02   0.181726E-03
   462   0.765505E-02   0.180337E-03
   463   0.758026E-02   0.178957E-03
   464   0.750620E-02   0.177586E-03
   465   0.743287E-02   0.176226E-03
   466   0.736025E-02   0.174875E-03
   467   0.728834E-02   0.173534E-03
   468   0.721713E-02   0.172202E-03
   469   0.714662E-02   0.170879E-03
   470   0.707680E-02   0.169566E-03
   471   0.700766E-02   0.168262E-03
   472   0.693919E-02   0.166968E-03
   473   0.687140E-02   0.165683E-03
   474   0.680426E-02   0.164407E-03
   475   0.673779E-02   0.163140E-03
   476   0.667196E-02   0.161882E-03
   477   0.660677E-02   0.160633E-03
   478   0.654223E-02   0.159393E-03
   479   0.647831E-02   0.158162E-03
   480   0.641502E-02   0.156939E-03
   481   0.635234E-02   0.155726E-03
   482   0.629028E-02   0.154521E-03
   483   0.622882E-02   0.153325E-03
   484   0.616797E-02   0.152137E-03
   485   0.610771E-02   0.150958E-03
   486   0.604804E-02   0.149788E-03
   487   0.598895E-02   0.148626E-03
   488   0.593043E-02   0.147472E-03
   489   0.587249E-02   0.146327E-03
   490   0.581512E-02   0.145190E-03
   491   0.575831E-02   0.144061E-03
   492   0.570205E-02   0.142940E-03
   493   0.564634E-02   0.141828E-03
   494   0.559118E-02   0.140724E-03
   495   0.553655E-02   0.139627E-03
   496   0.548246E-02   0.138539E-03
   497   0.542889E-02   0.137458E-03
   498   0.537585E-02   0.136386E-03
   499   0.532333E-02   0.135321E-03
   500   0.527132E-02   0.134264E-03
   501   0.521982E-02   0.133215E-03
   502   0.516883E-02   0.132173E-03
   503   0.511833E-02   0.131139E-03
   504   0.506832E-02   0.130113E-03
   505   0.501880E-02   0.129094E-03
   506   0.496977E-02   0.128082E-03
   507   0.492121E-02   0.127078E-03
   508   0.487313E-02   0.126082E-03
   509   0.482552E-02   0.125093E-03
   510   0.477838E-02   0.124111E-03
   511   0.473169E-02   0.123136E-03
   512   0.468547E-02   0.122168E-03
   513   0.463969E-02   0.121208E-03
   514   0.459436E-02   0.120255E-03
   515   0.454947E-02   0.119308E-03
   516   0.450502E-02   0.118369E-03
   517   0.446101E-02   0.117437E-03
   518   0.441743E-02   0.116511E-03
   519   0.437427E-02   0.115593E-03
   520   0.433153E-02   0.114681E-03
   521   0.428921E-02   0.113776E-03
   522   0.424731E-02   0.112878E-03
   523   0.420581E-02   0.111986E-03
   524   0.416472E-02   0.111101E-03
   525   0.412403E-02   0.110223E-03
   526   0.408374E-02   0.109351E-03
   527   0.404384E-02   0.108486E-03
   528   0.400433E-02   0.107627E-03
   529   0.396521E-02   0.106775E-03
   530   0.392647E-02   0.105929E-03
   531   0.388811E-02   0.105089E-03
   532   0.385012E-02   0.104256E-03
   533   0.381251E-02   0.103428E-03
   534   0.377526E-02   0.102607E-03
   535   0.373838E-02   0.101793E-03
   536   0.370185E-02   0.100984E-03
   537   0.366569E-02   0.100181E-03
   538   0.362987E-02   0.993847E-04
   539   0.359441E-02   0.985941E-04
   540   0.355929E-02   0.978095E-04
   541   0.352452E-02   0.970307E-04
   542   0.349008E-02   0.962579E-04
   543   0.345598E-02   0.954908E-04
   544   0.342222E-02   0.947296E-04
   545   0.338878E-02   0.939741E-04
   546   0.335568E-02   0.932243E-04
   547   0.332289E-02   0.924802E-04
   548   0.329043E-02   0.917418E-04
   549   0.325828E-02   0.910089E-04
   550   0.322645E-02   0.902816E-04
   551   0.319492E-02   0.895598E-04
   552   0.316371E-02   0.888435E-04
   553   0.313280E-02   0.881326E-04
   554   0.310219E-02   0.874271E-04
   555   0.307188E-02   0.867270E-04
   556   0.304187E-02   0.860322E-04
   557   0.301215E-02   0.853427E-04
   558   0.298272E-02   0.846584E-04
   559   0.295358E-02   0.839794E-04
   560   0.292473E-02   0.833056E-04
   561   0.289615E-02   0.826368E-04
   562   0.286786E-02   0.819732E-04
   563   0.283984E-02   0.813147E-04
   564   0.281209E-02   0.806612E-04
   565   0.278462E-02   0.800127E-04
   566   0.275741E-02   0.793692E-04
   567   0.273047E-02   0.787306E-04
   568   0.270380E-02   0.780969E-04
   569   0.267738E-02   0.774681E-04
   570   0.265122E-02   0.768440E-04
   571   0.262532E-02   0.762248E-04
   572   0.259967E-02   0.756104E-04
   573   0.257427E-02   0.750006E-04
   574   0.254912E-02   0.743956E-04
   575   0.252422E-02   0.737952E-04
   576   0.249956E-02   0.731994E-04
   577   0.247514E-02   0.726082E-04
   578   0.245095E-02   0.720216E-04
   579   0.242701E-02   0.714395E-04
   580   0.240330E-02   0.708619E-04
   581   0.237982E-02   0.702888E-04
   582   0.235657E-02   0.697201E-04
   583   0.233354E-02   0.691557E-04
   584   0.231074E-02   0.685958E-04
   585   0.228817E-02   0.680402E-04
   586   0.226581E-02   0.674889E-04
   587   0.224368E-02   0.669418E-04
   588   0.222175E-02   0.663990E-04
   589   0.220005E-02   0.658604E-04
   590   0.217855E-02   0.653260E-04
   591   0.215727E-02   0.647958E-04
   592   0.213619E-02   0.642696E-04
   593   0.211532E-02   0.637476E-04
   594   0.209466E-02   0.632296E-04
   595   0.207419E-02   0.627157E-04
   596   0.205393E-02   0.622057E-04
   597   0.203386E-02   0.616997E-04
   598   0.201399E-02   0.611977E-04
   599   0.199431E-02   0.606996E-04
   600   0.197483E-02   0.602053E-04
   601   0.195553E-02   0.597150E-04
   602   0.193643E-02   0.592284E-04
   603   0.191751E-02   0.587457E-04
   604   0.189878E-02   0.582667E-04
   605   0.188022E-02   0.577915E-04
   606   0.186185E-02   0.573200E-04
   607   0.184366E-02   0.568522E-04
   608   0.182565E-02   0.563880E-04
   609   0.180782E-02   0.559275E-04
   610   0.179015E-02   0.554706E-04
   611   0.177266E-02   0.550173E-04
   612   0.175534E-02   0.545676E-04
   613   0.173819E-02   0.541213E-04
   614   0.172121E-02   0.536786E-04
   615   0.170440E-02   0.532394E-04
   616   0.168774E-02   0.528036E-04
   617   0.167126E-02   0.523713E-04
   618   0.165493E-02   0.519423E-04
   619   0.163876E-02   0.515167E-04
   620   0.162275E-02   0.510945E-04
   621   0.160689E-02   0.506756E-04
   622   0.159119E-02   0.502601E-04
   623   0.157565E-02   0.498478E-04
   624   0.156025E-02   0.494387E-04
   625   0.154501E-02   0.490329E-04
   626   0.152992E-02   0.486303E-04
   627   0.151497E-02   0.482309E-04
   628   0.150017E-02   0.478346E-04
   629   0.148551E-02   0.474415E-04
   630   0.147100E-02   0.470514E-04
   631   0.145663E-02   0.466645E-04
   632   0.144240E-02   0.462806E-04
   633   0.142830E-02   0.458998E-04
   634   0.141435E-02   0.455220E-04
   635   0.140053E-02   0.451472E-04
   636   0.138685E-02   0.447754E-04
   637   0.137330E-02   0.444065E-04
   638   0.135988E-02   0.440405E-04
   639   0.134659E-02   0.436775E-04
   640   0.133344E-02   0.433173E-04
   641   0.132041E-02   0.429600E-04
   642   0.130751E-02   0.426056E-04
   643   0.129474E-02   0.422540E-04
   644   0.128209E-02   0.419052E-04
   645   0.126956E-02   0.415591E-04
   646   0.125716E-02   0.412158E-04
   647   0.124487E-02   0.408753E-04
   648   0.123271E-02   0.405374E-04
   649   0.122067E-02   0.402023E-04
   650   0.120874E-02   0.398699E-04
   651   0.119693E-02   0.395401E-04
   652   0.118524E-02   0.392129E-04
   653   0.117366E-02   0.388883E-04
   654   0.116219E-02   0.385664E-04
   655   0.115084E-02   0.382470E-04
   656   0.113960E-02   0.379302E-04
   657   0.112846E-02   0.376159E-04
   658   0.111744E-02   0.373041E-04
   659   0.110652E-02   0.369949E-04
   660   0.109571E-02   0.366881E-04
   661   0.108500E-02   0.363837E-04
   662   0.107440E-02   0.360818E-04
   663   0.106391E-02   0.357824E-04
   664   0.105351E-02   0.354853E-04
   665   0.104322E-02   0.351906E-04
   666   0.103303E-02   0.348983E-04
   667   0.102293E-02   0.346084E-04
   668   0.101294E-02   0.343208E-04
   669   0.100304E-02   0.340355E-04
   670   0.993244E-03   0.337524E-04
   671   0.983540E-03   0.334717E-04
   672   0.973931E-03   0.331932E-04
   673   0.964415E-03   0.329170E-04
   674   0.954993E-03   0.326430E-04
   675   0.945663E-03   0.323712E-04
   676   0.936424E-03   0.321016E-04
   677   0.927275E-03   0.318342E-04
   678   0.918216E-03   0.315689E-04
   679   0.909245E-03   0.313058E-04
   680   0.900361E-03   0.310448E-04
   681   0.891565E-03   0.307859E-04
   682   0.882854E-03   0.305291E-04
   683   0.874229E-03   0.302744E-04
   684   0.865688E-03   0.300217E-04
   685   0.857230E-03   0.297711E-04
   686   0.848855E-03   0.295225E-04
   687   0.840562E-03   0.292760E-04
   688   0.832349E-03   0.290314E-04
   689   0.824217E-03   0.287888E-04
   690   0.816165E-03   0.285482E-04
   691   0.808191E-03   0.283095E-04
   692   0.800295E-03   0.280728E-04
   693   0.792476E-03   0.278380E-04
   694   0.784733E-03   0.276051E-04
   695   0.777067E-03   0.273741E-04
   696   0.769475E-03   0.271449E-04
   697   0.761957E-03   0.269176E-04
   698   0.754513E-03   0.266922E-04
   699   0.747141E-03   0.264686E-04
   700   0.739842E-03   0.262468E-04
   701   0.732613E-03   0.260269E-04
   702   0.725456E-03   0.258087E-04
   703   0.718368E-03   0.255923E-04
   704   0.711350E-03   0.253777E-04
   705   0.704400E-03   0.251648E-04
   706   0.697518E-03   0.249536E-04
   707   0.690703E-03   0.247442E-04
   708   0.683955E-03   0.245365E-04
   709   0.677273E-03   0.243304E-04
   710   0.670656E-03   0.241261E-04
   711   0.664104E-03   0.239234E-04
   712   0.657615E-03   0.237224E-04
   713   0.651190E-03   0.235230E-04
   714   0.644828E-03   0.233253E-04
   715   0.638528E-03   0.231291E-04
   716   0.632290E-03   0.229346E-04
   717   0.626112E-03   0.227417E-04
   718   0.619995E-03   0.225503E-04
   719   0.613938E-03   0.223605E-04
   720   0.607940E-03   0.221723E-04
   721   0.602000E-03   0.219856E-04
   722   0.596119E-03   0.218004E-04
   723   0.590295E-03   0.216168E-04
   724   0.584528E-03   0.214347E-04
   725   0.578817E-03   0.212540E-04
   726   0.573162E-03   0.210749E-04
   727   0.567562E-03   0.208972E-04
   728   0.562017E-03   0.207209E-04
   729   0.556526E-03   0.205461E-04
   730   0.551089E-03   0.203728E-04
   731   0.545705E-03   0.202009E-04
   732   0.540373E-03   0.200304E-04
   733   0.535094E-03   0.198613E-04
   734   0.529866E-03   0.196935E-04
   735   0.524689E-03   0.195272E-04
   736   0.519563E-03   0.193622E-04
   737   0.514487E-03   0.191986E-04
   738   0.509460E-03   0.190364E-04
   739   0.504483E-03   0.188754E-04
   740   0.499554E-03   0.187158E-04
   741   0.494674E-03   0.185575E-04
   742   0.489841E-03   0.184006E-04
   743   0.485055E-03   0.182449E-04
   744   0.480316E-03   0.180905E-04
   745   0.475623E-03   0.179374E-04
   746   0.470976E-03   0.177855E-04
   747   0.466375E-03   0.176349E-04
   748   0.461819E-03   0.174855E-04
   749   0.457307E-03   0.173374E-04
   750   0.452839E-03   0.171905E-04
   751   0.448414E-03   0.170448E-04
   752   0.444033E-03   0.169003E-04
   753   0.439695E-03   0.167570E-04
   754   0.435399E-03   0.166149E-04
   755   0.431146E-03   0.164740E-04
   756   0.426933E-03   0.163342E-04
   757   0.422762E-03   0.161956E-04
   758   0.418632E-03   0.160582E-04
   759   0.414542E-03   0.159218E-04
   760   0.410492E-03   0.157867E-04
   761   0.406481E-03   0.156526E-04
   762   0.402510E-03   0.155196E-04
   763   0.398577E-03   0.153878E-04
   764   0.394683E-03   0.152570E-04
   765   0.390827E-03   0.151274E-04
   766   0.387009E-03   0.149988E-04
   767   0.383228E-03   0.148712E-04
   768   0.379484E-03   0.147448E-04
   769   0.375776E-03   0.146193E-04
   770   0.372105E-03   0.144950E-04
   771   0.368469E-03   0.143716E-04
   772   0.364870E-03   0.142493E-04
   773   0.361305E-03   0.141280E-04
   774   0.357775E-03   0.140077E-04
   775   0.354279E-03   0.138884E-04
   776   0.350818E-03   0.137701E-04
   777   0.347391E-03   0.136528E-04
   778   0.343997E-03   0.135365E-04
   779   0.340636E-03   0.134211E-04
   780   0.337308E-03   0.133067E-04
   781   0.334012E-03   0.131933E-04
   782   0.330749E-03   0.130808E-04
   783   0.327518E-03   0.129692E-04
   784   0.324318E-03   0.128585E-04
   785   0.321149E-03   0.127488E-04
   786   0.318012E-03   0.126400E-04
   787   0.314905E-03   0.125321E-04
   788   0.311828E-03   0.124252E-04
   789   0.308781E-03   0.123191E-04
   790   0.305765E-03   0.122139E-04
   791   0.302777E-03   0.121095E-04
   792   0.299819E-03   0.120061E-04
   793   0.296890E-03   0.119035E-04
   794   0.293989E-03   0.118017E-04
   795   0.291117E-03   0.117009E-04
   796   0.288273E-03   0.116008E-04
   797   0.285457E-03   0.115016E-04
   798   0.282668E-03   0.114032E-04
   799   0.279906E-03   0.113057E-04
   800   0.277171E-03   0.112090E-04
   801   0.274463E-03   0.111130E-04
   802   0.271782E-03   0.110179E-04
   803   0.269127E-03   0.109236E-04
   804   0.266497E-03   0.108301E-04
   805   0.263894E-03   0.107373E-04
   806   0.261315E-03   0.106454E-04
   807   0.258762E-03   0.105542E-04
   808   0.256234E-03   0.104637E-04
   809   0.253731E-03   0.103741E-04
   810   0.251252E-03   0.102851E-04
   811   0.248797E-03   0.101970E-04
   812   0.246366E-03   0.101095E-04
   813   0.243959E-03   0.100228E-04
   814   0.241576E-03   0.993686E-05
   815   0.239216E-03   0.985162E-05
   816   0.236879E-03   0.976709E-05
   817   0.234564E-03   0.968327E-05
   818   0.232273E-03   0.960015E-05
   819   0.230003E-03   0.951774E-05
   820   0.227756E-03   0.943601E-05
   821   0.225531E-03   0.935498E-05
   822   0.223328E-03   0.927463E-05
   823   0.221146E-03   0.919495E-05
   824   0.218985E-03   0.911595E-05
   825   0.216846E-03   0.903761E-05
   826   0.214727E-03   0.895993E-05
   827   0.212629E-03   0.888290E-05
   828   0.210552E-03   0.880653E-05
   829   0.208495E-03   0.873080E-05
   830   0.206458E-03   0.865571E-05
   831   0.204441E-03   0.858125E-05
   832   0.202443E-03   0.850742E-05
   833   0.200465E-03   0.843421E-05
   834   0.198507E-03   0.836162E-05
   835   0.196567E-03   0.828964E-05
   836   0.194647E-03   0.821827E-05
   837   0.192745E-03   0.814751E-05
   838   0.190862E-03   0.807734E-05
   839   0.188997E-03   0.800776E-05
   840   0.187151E-03   0.793877E-05
   841   0.185323E-03   0.787037E-05
   842   0.183512E-03   0.780254E-05
   843   0.181719E-03   0.773529E-05
   844   0.179944E-03   0.766861E-05
   845   0.178186E-03   0.760249E-05
   846   0.176445E-03   0.753693E-05
   847   0.174721E-03   0.747192E-05
   848   0.173014E-03   0.740747E-05
   849   0.171324E-03   0.734356E-05
   850   0.169650E-03   0.728019E-05
   851   0.167992E-03   0.721736E-05
   852   0.166351E-03   0.715506E-05
   853   0.164726E-03   0.709329E-05
   854   0.163116E-03   0.703204E-05
   855   0.161523E-03   0.697132E-05
   856   0.159945E-03   0.691110E-05
   857   0.158382E-03   0.685140E-05
   858   0.156835E-03   0.679221E-05
   859   0.155302E-03   0.673351E-05
   860   0.153785E-03   0.667532E-05
   861   0.152283E-03   0.661762E-05
   862   0.150795E-03   0.656041E-05
   863   0.149321E-03   0.650368E-05
   864   0.147863E-03   0.644744E-05
   865   0.146418E-03   0.639167E-05
   866   0.144988E-03   0.633638E-05
   867   0.143571E-03   0.628156E-05
   868   0.142168E-03   0.622720E-05
   869   0.140779E-03   0.617331E-05
   870   0.139404E-03   0.611987E-05
   871   0.138042E-03   0.606689E-05
   872   0.136693E-03   0.601436E-05
   873   0.135358E-03   0.596228E-05
   874   0.134035E-03   0.591064E-05
   875   0.132726E-03   0.585944E-05
   876   0.131429E-03   0.580868E-05
   877   0.130145E-03   0.575835E-05
   878   0.128874E-03   0.570844E-05
   879   0.127614E-03   0.565896E-05
   880   0.126368E-03   0.560991E-05
   881   0.125133E-03   0.556127E-05
   882   0.123911E-03   0.551305E-05
   883   0.122700E-03   0.546523E-05
   884   0.121501E-03   0.541783E-05
   885   0.120314E-03   0.537083E-05
   886   0.119139E-03   0.532423E-05
   887   0.117975E-03   0.527803E-05
   888   0.116822E-03   0.523222E-05
   889   0.115681E-03   0.518680E-05
   890   0.114550E-03   0.514177E-05
   891   0.113431E-03   0.509713E-05
   892   0.112323E-03   0.505286E-05
   893   0.111226E-03   0.500898E-05
   894   0.110139E-03   0.496547E-05
   895   0.109063E-03   0.492233E-05
   896   0.107997E-03   0.487956E-05
   897   0.106942E-03   0.483716E-05
   898   0.105897E-03   0.479511E-05
   899   0.104863E-03   0.475343E-05
   900   0.103838E-03   0.471211E-05
   901   0.102824E-03   0.467113E-05
   902   0.101819E-03   0.463051E-05
   903   0.100825E-03   0.459024E-05
   904   0.998395E-04   0.455031E-05
   905   0.988640E-04   0.451072E-05
   906   0.978981E-04   0.447147E-05
   907   0.969417E-04   0.443256E-05
   908   0.959946E-04   0.439398E-05
   909   0.950567E-04   0.435573E-05
   910   0.941280E-04   0.431781E-05
   911   0.932084E-04   0.428022E-05
   912   0.922977E-04   0.424294E-05
   913   0.913960E-04   0.420599E-05
   914   0.905030E-04   0.416935E-05
   915   0.896188E-04   0.413303E-05
   916   0.887433E-04   0.409702E-05
   917   0.878762E-04   0.406131E-05
   918   0.870177E-04   0.402592E-05
   919   0.861675E-04   0.399082E-05
   920   0.853257E-04   0.395603E-05
   921   0.844920E-04   0.392154E-05
   922   0.836666E-04   0.388734E-05
   923   0.828491E-04   0.385344E-05
   924   0.820397E-04   0.381983E-05
   925   0.812382E-04   0.378651E-05
   926   0.804445E-04   0.375347E-05
   927   0.796586E-04   0.372072E-05
   928   0.788803E-04   0.368825E-05
   929   0.781096E-04   0.365605E-05
   930   0.773465E-04   0.362414E-05
   931   0.765908E-04   0.359250E-05
   932   0.758425E-04   0.356113E-05
   933   0.751016E-04   0.353003E-05
   934   0.743678E-04   0.349920E-05
   935   0.736413E-04   0.346863E-05
   936   0.729218E-04   0.343833E-05
   937   0.722093E-04   0.340829E-05
   938   0.715039E-04   0.337851E-05
   939   0.708053E-04   0.334898E-05
   940   0.701135E-04   0.331971E-05
   941   0.694285E-04   0.329069E-05
   942   0.687502E-04   0.326191E-05
   943   0.680785E-04   0.323339E-05
   944   0.674134E-04   0.320512E-05
   945   0.667547E-04   0.317708E-05
   946   0.661026E-04   0.314929E-05
   947   0.654567E-04   0.312174E-05
   948   0.648172E-04   0.309442E-05
   949   0.641840E-04   0.306735E-05
   950   0.635569E-04   0.304050E-05
   951   0.629359E-04   0.301389E-05
   952   0.623211E-04   0.298750E-05
   953   0.617122E-04   0.296135E-05
   954   0.611093E-04   0.293542E-05
   955   0.605122E-04   0.290971E-05
   956   0.599210E-04   0.288423E-05
   957   0.593356E-04   0.285896E-05
   958   0.587559E-04   0.283392E-05
   959   0.581818E-04   0.280909E-05
   960   0.576134E-04   0.278447E-05
   961   0.570505E-04   0.276007E-05
   962   0.564931E-04   0.273588E-05
   963   0.559412E-04   0.271189E-05
   964   0.553947E-04   0.268812E-05
   965   0.548535E-04   0.266455E-05
   966   0.543175E-04   0.264118E-05
   967   0.537869E-04   0.261802E-05
   968   0.532614E-04   0.259506E-05
   969   0.527410E-04   0.257229E-05
   970   0.522257E-04   0.254972E-05
   971   0.517155E-04   0.252735E-05
   972   0.512102E-04   0.250517E-05
   973   0.507099E-04   0.248318E-05
   974   0.502145E-04   0.246139E-05
   975   0.497239E-04   0.243978E-05
   976   0.492381E-04   0.241836E-05
   977   0.487570E-04   0.239712E-05
   978   0.482807E-04   0.237607E-05
   979   0.478090E-04   0.235521E-05
   980   0.473419E-04   0.233452E-05
   981   0.468793E-04   0.231401E-05
   982   0.464213E-04   0.229368E-05
   983   0.459678E-04   0.227352E-05
   984   0.455187E-04   0.225354E-05
   985   0.450740E-04   0.223374E-05
   986   0.446336E-04   0.221410E-05
   987   0.441975E-04   0.219464E-05
   988   0.437657E-04   0.217534E-05
   989   0.433381E-04   0.215622E-05
   990   0.429147E-04   0.213725E-05
   991   0.424955E-04   0.211846E-05
   992   0.420803E-04   0.209982E-05
   993   0.416692E-04   0.208135E-05
   994   0.412621E-04   0.206304E-05
   995   0.408589E-04   0.204489E-05
   996   0.404597E-04   0.202689E-05
   997   0.400644E-04   0.200905E-05
   998   0.396730E-04   0.199137E-05
   999   0.392854E-04   0.197384E-05
  1000   0.389016E-04   0.195646E-05
  1001   0.385215E-04   0.193923E-05
  1002   0.381452E-04   0.192216E-05
  1003   0.377725E-04   0.190523E-05
  1004   0.374035E-04   0.188845E-05
  1005   0.370380E-04   0.187181E-05
  1006   0.366762E-04   0.185532E-05
  1007   0.363178E-04   0.183897E-05
  1008   0.359630E-04   0.182277E-05
  1009   0.356117E-04   0.180670E-05
  1010   0.352637E-04   0.179078E-05
  1011   0.349192E-04   0.177499E-05
  1012   0.345781E-04   0.175935E-05
  1013   0.342402E-04   0.174383E-05
  1014   0.339057E-04   0.172846E-05
  1015   0.335744E-04   0.171321E-05
  1016   0.332464E-04   0.169810E-05
  1017   0.329216E-04   0.168313E-05
  1018   0.326000E-04   0.166828E-05
  1019   0.322815E-04   0.165356E-05
  1020   0.319661E-04   0.163897E-05
  1021   0.316538E-04   0.162451E-05
  1022   0.313445E-04   0.161017E-05
  1023   0.310383E-04   0.159596E-05
  1024   0.307350E-04   0.158187E-05
  1025   0.304348E-04   0.156790E-05
  1026   0.301374E-04   0.155406E-05
  1027   0.298430E-04   0.154034E-05
  1028   0.295514E-04   0.152673E-05
  1029   0.292627E-04   0.151325E-05
  1030   0.289768E-04   0.149988E-05
  1031   0.286937E-04   0.148663E-05
  1032   0.284133E-04   0.147350E-05
  1033   0.281358E-04   0.146048E-05
  1034   0.278609E-04   0.144757E-05
  1035   0.275887E-04   0.143478E-05
  1036   0.273191E-04   0.142210E-05
  1037   0.270522E-04   0.140953E-05
  1038   0.267879E-04   0.139707E-05
  1039   0.265262E-04   0.138472E-05
  1040   0.262670E-04   0.137247E-05
  1041   0.260104E-04   0.136034E-05
  1042   0.257563E-04   0.134830E-05
  1043   0.255047E-04   0.133638E-05
  1044   0.252555E-04   0.132456E-05
  1045   0.250087E-04   0.131284E-05
  1046   0.247644E-04   0.130122E-05
  1047   0.245225E-04   0.128971E-05
  1048   0.242829E-04   0.127830E-05
  1049   0.240456E-04   0.126698E-05
  1050   0.238107E-04   0.125577E-05
  1051   0.235781E-04   0.124465E-05
  1052   0.233477E-04   0.123363E-05
  1053   0.231196E-04   0.122271E-05
  1054   0.228937E-04   0.121188E-05
  1055   0.226701E-04   0.120115E-05
  1056   0.224486E-04   0.119051E-05
  1057   0.222293E-04   0.117997E-05
  1058   0.220121E-04   0.116952E-05
  1059   0.217970E-04   0.115915E-05
  1060   0.215841E-04   0.114888E-05
  1061   0.213732E-04   0.113870E-05
  1062   0.211644E-04   0.112861E-05
  1063   0.209576E-04   0.111861E-05
  1064   0.207528E-04   0.110869E-05
  1065   0.205501E-04   0.109887E-05
  1066   0.203493E-04   0.108912E-05
  1067   0.201505E-04   0.107947E-05
  1068   0.199536E-04   0.106990E-05
  1069   0.197587E-04   0.106041E-05
  1070   0.195656E-04   0.105100E-05
  1071   0.193745E-04   0.104168E-05
  1072   0.191852E-04   0.103244E-05
  1073   0.189978E-04   0.102328E-05
  1074   0.188122E-04   0.101420E-05
  1075   0.186284E-04   0.100520E-05
  1076   0.184464E-04   0.996282E-06
  1077   0.182661E-04   0.987440E-06
  1078   0.180877E-04   0.978676E-06
  1079   0.179110E-04   0.969988E-06
  1080   0.177360E-04   0.961377E-06
  1081   0.175627E-04   0.952842E-06
  1082   0.173911E-04   0.944381E-06
  1083   0.172212E-04   0.935995E-06
  1084   0.170529E-04   0.927682E-06
  1085   0.168863E-04   0.919443E-06
  1086   0.167214E-04   0.911276E-06
  1087   0.165580E-04   0.903180E-06
  1088   0.163962E-04   0.895156E-06
  1089   0.162360E-04   0.887203E-06
  1090   0.160774E-04   0.879319E-06
  1091   0.159203E-04   0.871505E-06
  1092   0.157648E-04   0.863759E-06
  1093   0.156108E-04   0.856081E-06
  1094   0.154583E-04   0.848471E-06
  1095   0.153072E-04   0.840928E-06
  1096   0.151577E-04   0.833452E-06
  1097   0.150096E-04   0.826041E-06
  1098   0.148629E-04   0.818695E-06
  1099   0.147177E-04   0.811414E-06
  1100   0.145739E-04   0.804197E-06
  1101   0.144316E-04   0.797044E-06
  1102   0.142906E-04   0.789953E-06
  1103   0.141509E-04   0.782925E-06
  1104   0.140127E-04   0.775959E-06
  1105   0.138758E-04   0.769055E-06
  1106   0.137402E-04   0.762211E-06
  1107   0.136060E-04   0.755427E-06
  1108   0.134730E-04   0.748703E-06
  1109   0.133414E-04   0.742038E-06
  1110   0.132111E-04   0.735433E-06
  1111   0.130820E-04   0.728885E-06
  1112   0.129542E-04   0.722395E-06
  1113   0.128276E-04   0.715962E-06
  1114   0.127023E-04   0.709586E-06
  1115   0.125782E-04   0.703266E-06
  1116   0.124553E-04   0.697002E-06
  1117   0.123336E-04   0.690793E-06
  1118   0.122131E-04   0.684639E-06
  1119   0.120938E-04   0.678539E-06
  1120   0.119756E-04   0.672493E-06
  1121   0.118586E-04   0.666500E-06
  1122   0.117428E-04   0.660561E-06
  1123   0.116281E-04   0.654673E-06
  1124   0.115145E-04   0.648838E-06
  1125   0.114020E-04   0.643054E-06
  1126   0.112906E-04   0.637321E-06
  1127   0.111802E-04   0.631639E-06
  1128   0.110710E-04   0.626007E-06
  1129   0.109629E-04   0.620424E-06
  1130   0.108557E-04   0.614891E-06
  1131   0.107497E-04   0.609407E-06
  1132   0.106447E-04   0.603971E-06
  1133   0.105407E-04   0.598583E-06
  1134   0.104377E-04   0.593243E-06
  1135   0.103357E-04   0.587950E-06
  1136   0.102347E-04   0.582704E-06
  1137   0.101347E-04   0.577504E-06
  1138   0.100357E-04   0.572351E-06
  1139   0.993767E-05   0.567242E-06
  1140   0.984058E-05   0.562179E-06
  1141   0.974444E-05   0.557161E-06
  1142   0.964924E-05   0.552187E-06
  1143   0.955496E-05   0.547257E-06
  1144   0.946161E-05   0.542370E-06
  1145   0.936917E-05   0.537527E-06
  1146   0.927764E-05   0.532727E-06
  1147   0.918699E-05   0.527969E-06
  1148   0.909724E-05   0.523253E-06
  1149   0.900836E-05   0.518579E-06
  1150   0.892035E-05   0.513946E-06
  1151   0.883319E-05   0.509354E-06
  1152   0.874689E-05   0.504803E-06
  1153   0.866144E-05   0.500293E-06
  1154   0.857682E-05   0.495822E-06
  1155   0.849302E-05   0.491391E-06
  1156   0.841004E-05   0.486999E-06
  1157   0.832788E-05   0.482645E-06
  1158   0.824651E-05   0.478331E-06
  1159   0.816595E-05   0.474054E-06
  1160   0.808617E-05   0.469816E-06
  1161   0.800716E-05   0.465615E-06
  1162   0.792893E-05   0.461451E-06
  1163   0.785147E-05   0.457325E-06
  1164   0.777476E-05   0.453234E-06
  1165   0.769880E-05   0.449180E-06
  1166   0.762358E-05   0.445162E-06
  1167   0.754910E-05   0.441180E-06
  1168   0.747535E-05   0.437233E-06
  1169   0.740231E-05   0.433321E-06
  1170   0.732999E-05   0.429443E-06
  1171   0.725838E-05   0.425600E-06
  1172   0.718747E-05   0.421791E-06
  1173   0.711724E-05   0.418016E-06
  1174   0.704771E-05   0.414274E-06
  1175   0.697885E-05   0.410566E-06
  1176   0.691067E-05   0.406890E-06
  1177   0.684315E-05   0.403247E-06
  1178   0.677630E-05   0.399637E-06
  1179   0.671009E-05   0.396058E-06
  1180   0.664453E-05   0.392511E-06
  1181   0.657962E-05   0.388996E-06
  1182   0.651533E-05   0.385512E-06
  1183   0.645168E-05   0.382058E-06
  1184   0.638865E-05   0.378636E-06
  1185   0.632623E-05   0.375244E-06
  1186   0.626442E-05   0.371882E-06
  1187   0.620322E-05   0.368549E-06
  1188   0.614262E-05   0.365247E-06
  1189   0.608260E-05   0.361974E-06
  1190   0.602318E-05   0.358729E-06
  1191   0.596433E-05   0.355514E-06
  1192   0.590606E-05   0.352327E-06
  1193   0.584836E-05   0.349169E-06
  1194   0.579122E-05   0.346038E-06
  1195   0.573464E-05   0.342936E-06
  1196   0.567861E-05   0.339861E-06
  1197   0.562313E-05   0.336813E-06
  1198   0.556819E-05   0.333793E-06
  1199   0.551379E-05   0.330799E-06
  1200   0.545992E-05   0.327832E-06
  1201   0.540658E-05   0.324891E-06
  1202   0.535376E-05   0.321977E-06
  1203   0.530145E-05   0.319088E-06
  1204   0.524966E-05   0.316225E-06
  1205   0.519837E-05   0.313388E-06
  1206   0.514758E-05   0.310576E-06
  1207   0.509729E-05   0.307788E-06
  1208   0.504749E-05   0.305026E-06
  1209   0.499817E-05   0.302288E-06
  1210   0.494934E-05   0.299575E-06
  1211   0.490099E-05   0.296886E-06
  1212   0.485310E-05   0.294220E-06
  1213   0.480569E-05   0.291579E-06
  1214   0.475874E-05   0.288961E-06
  1215   0.471225E-05   0.286366E-06
  1216   0.466621E-05   0.283794E-06
  1217   0.462062E-05   0.281246E-06
  1218   0.457547E-05   0.278720E-06
  1219   0.453077E-05   0.276216E-06
  1220   0.448651E-05   0.273735E-06
  1221   0.444267E-05   0.271276E-06
  1222   0.439927E-05   0.268838E-06
  1223   0.435629E-05   0.266423E-06
  1224   0.431373E-05   0.264029E-06
  1225   0.427158E-05   0.261656E-06
  1226   0.422985E-05   0.259305E-06
  1227   0.418852E-05   0.256974E-06
  1228   0.414760E-05   0.254665E-06
  1229   0.410708E-05   0.252375E-06
  1230   0.406695E-05   0.250107E-06
  1231   0.402722E-05   0.247858E-06
  1232   0.398787E-05   0.245630E-06
  1233   0.394891E-05   0.243421E-06
  1234   0.391033E-05   0.241232E-06
  1235   0.387213E-05   0.239063E-06
  1236   0.383430E-05   0.236913E-06
  1237   0.379684E-05   0.234782E-06
  1238   0.375974E-05   0.232670E-06
  1239   0.372301E-05   0.230577E-06
  1240   0.368664E-05   0.228503E-06
  1241   0.365062E-05   0.226447E-06
  1242   0.361495E-05   0.224410E-06
  1243   0.357963E-05   0.222391E-06
  1244   0.354466E-05   0.220389E-06
  1245   0.351003E-05   0.218406E-06
  1246   0.347574E-05   0.216440E-06
  1247   0.344178E-05   0.214492E-06
  1248   0.340815E-05   0.212562E-06
  1249   0.337486E-05   0.210648E-06
  1250   0.334188E-05   0.208752E-06
  1251   0.330923E-05   0.206872E-06
  1252   0.327690E-05   0.205010E-06
  1253   0.324489E-05   0.203164E-06
  1254   0.321318E-05   0.201334E-06
  1255   0.318179E-05   0.199521E-06
  1256   0.315071E-05   0.197724E-06
  1257   0.311992E-05   0.195943E-06
  1258   0.308944E-05   0.194178E-06
  1259   0.305926E-05   0.192429E-06
  1260   0.302937E-05   0.190696E-06
  1261   0.299977E-05   0.188978E-06
  1262   0.297046E-05   0.187275E-06
  1263   0.294144E-05   0.185588E-06
  1264   0.291271E-05   0.183915E-06
  1265   0.288425E-05   0.182258E-06
  1266   0.285607E-05   0.180615E-06
  1267   0.282817E-05   0.178987E-06
  1268   0.280053E-05   0.177374E-06
  1269   0.277317E-05   0.175775E-06
  1270   0.274608E-05   0.174190E-06
  1271   0.271925E-05   0.172620E-06
  1272   0.269268E-05   0.171064E-06
  1273   0.266638E-05   0.169521E-06
  1274   0.264033E-05   0.167993E-06
  1275   0.261453E-05   0.166478E-06
  1276   0.258899E-05   0.164976E-06
  1277   0.256369E-05   0.163488E-06
  1278   0.253864E-05   0.162014E-06
  1279   0.251384E-05   0.160552E-06
  1280   0.248928E-05   0.159104E-06
  1281   0.246496E-05   0.157668E-06
  1282   0.244088E-05   0.156246E-06
  1283   0.241703E-05   0.154836E-06
  1284   0.239342E-05   0.153439E-06
  1285   0.237003E-05   0.152054E-06
  1286   0.234688E-05   0.150682E-06
  1287   0.232395E-05   0.149322E-06
  1288   0.230124E-05   0.147974E-06
  1289   0.227876E-05   0.146639E-06
  1290   0.225650E-05   0.145315E-06
  1291   0.223445E-05   0.144003E-06
  1292   0.221262E-05   0.142703E-06
  1293   0.219100E-05   0.141415E-06
  1294   0.216960E-05   0.140138E-06
  1295   0.214840E-05   0.138872E-06
  1296   0.212741E-05   0.137618E-06
  1297   0.210663E-05   0.136375E-06
  1298   0.208605E-05   0.135144E-06
  1299   0.206567E-05   0.133923E-06
  1300   0.204548E-05   0.132713E-06
  1301   0.202550E-05   0.131514E-06
  1302   0.200571E-05   0.130326E-06
  1303   0.198611E-05   0.129149E-06
  1304   0.196671E-05   0.127982E-06
  1305   0.194750E-05   0.126826E-06
  1306   0.192847E-05   0.125679E-06
  1307   0.190963E-05   0.124544E-06
  1308   0.189097E-05   0.123418E-06
  1309   0.187250E-05   0.122303E-06
  1310   0.185420E-05   0.121197E-06
  1311   0.183609E-05   0.120102E-06
  1312   0.181815E-05   0.119016E-06
  1313   0.180038E-05   0.117940E-06
  1314   0.178279E-05   0.116874E-06
  1315   0.176538E-05   0.115817E-06
  1316   0.174813E-05   0.114770E-06
  1317   0.173105E-05   0.113732E-06
  1318   0.171414E-05   0.112703E-06
  1319   0.169739E-05   0.111684E-06
  1320   0.168081E-05   0.110674E-06
  1321   0.166439E-05   0.109673E-06
  1322   0.164812E-05   0.108681E-06
  1323   0.163202E-05   0.107698E-06
  1324   0.161608E-05   0.106723E-06
  1325   0.160029E-05   0.105758E-06
  1326   0.158465E-05   0.104801E-06
  1327   0.156917E-05   0.103853E-06
  1328   0.155384E-05   0.102913E-06
  1329   0.153866E-05   0.101982E-06
  1330   0.152363E-05   0.101059E-06
  1331   0.150874E-05   0.100144E-06
  1332   0.149400E-05   0.992375E-07
  1333   0.147941E-05   0.983392E-07
  1334   0.146495E-05   0.974490E-07
  1335   0.145064E-05   0.965668E-07
  1336   0.143647E-05   0.956925E-07
  1337   0.142243E-05   0.948261E-07
  1338   0.140853E-05   0.939675E-07
  1339   0.139477E-05   0.931166E-07
  1340   0.138115E-05   0.922734E-07
  1341   0.136765E-05   0.914377E-07
  1342   0.135429E-05   0.906096E-07
  1343   0.134106E-05   0.897889E-07
  1344   0.132796E-05   0.889756E-07
  1345   0.131498E-05   0.881696E-07
  1346   0.130214E-05   0.873709E-07
  1347   0.128941E-05   0.865794E-07
  1348   0.127682E-05   0.857950E-07
  1349   0.126434E-05   0.850176E-07
  1350   0.125199E-05   0.842472E-07
  1351   0.123976E-05   0.834838E-07
  1352   0.122765E-05   0.827273E-07
  1353   0.121565E-05   0.819775E-07
  1354   0.120377E-05   0.812345E-07
  1355   0.119201E-05   0.804982E-07
  1356   0.118037E-05   0.797686E-07
  1357   0.116884E-05   0.790455E-07
  1358   0.115742E-05   0.783289E-07
  1359   0.114611E-05   0.776187E-07
  1360   0.113491E-05   0.769150E-07
  1361   0.112382E-05   0.762176E-07
  1362   0.111284E-05   0.755265E-07
  1363   0.110197E-05   0.748416E-07
  1364   0.109120E-05   0.741629E-07
  1365   0.108054E-05   0.734903E-07
  1366   0.106999E-05   0.728237E-07
  1367   0.105953E-05   0.721632E-07
  1368   0.104918E-05   0.715086E-07
  1369   0.103893E-05   0.708599E-07
  1370   0.102878E-05   0.702171E-07
  1371   0.101873E-05   0.695801E-07
  1372   0.100878E-05   0.689488E-07
  1373   0.998921E-06   0.683232E-07
  1374   0.989161E-06   0.677032E-07
  1375   0.979497E-06   0.670888E-07
  1376   0.969927E-06   0.664800E-07
  1377   0.960451E-06   0.658766E-07
  1378   0.951068E-06   0.652787E-07
  1379   0.941776E-06   0.646862E-07
  1380   0.932575E-06   0.640991E-07
  1381   0.923463E-06   0.635172E-07
  1382   0.914441E-06   0.629406E-07
  1383   0.905507E-06   0.623691E-07
  1384   0.896660E-06   0.618029E-07
  1385   0.887900E-06   0.612417E-07
  1386   0.879225E-06   0.606856E-07
  1387   0.870635E-06   0.601346E-07
  1388   0.862129E-06   0.595885E-07
  1389   0.853706E-06   0.590473E-07
  1390   0.845366E-06   0.585110E-07
  1391   0.837106E-06   0.579796E-07
  1392   0.828928E-06   0.574529E-07
  1393   0.820829E-06   0.569310E-07
  1394   0.812810E-06   0.564138E-07
  1395   0.804869E-06   0.559013E-07
  1396   0.797005E-06   0.553934E-07
  1397   0.789218E-06   0.548901E-07
  1398   0.781508E-06   0.543914E-07
  1399   0.773873E-06   0.538971E-07
  1400   0.766312E-06   0.534073E-07
  1401   0.758825E-06   0.529220E-07
  1402   0.751411E-06   0.524410E-07
  1403   0.744070E-06   0.519644E-07
  1404   0.736800E-06   0.514920E-07
  1405   0.729602E-06   0.510240E-07
  1406   0.722474E-06   0.505602E-07
  1407   0.715415E-06   0.501005E-07
  1408   0.708426E-06   0.496450E-07
  1409   0.701504E-06   0.491937E-07
  1410   0.694651E-06   0.487464E-07
  1411   0.687864E-06   0.483031E-07
  1412   0.681144E-06   0.478639E-07
  1413   0.674489E-06   0.474286E-07
  1414   0.667899E-06   0.469973E-07
  1415   0.661374E-06   0.465698E-07
  1416   0.654912E-06   0.461463E-07
  1417   0.648514E-06   0.457265E-07
  1418   0.642178E-06   0.453106E-07
  1419   0.635904E-06   0.448984E-07
  1420   0.629691E-06   0.444899E-07
  1421   0.623539E-06   0.440852E-07
  1422   0.617447E-06   0.436841E-07
  1423   0.611414E-06   0.432866E-07
  1424   0.605441E-06   0.428927E-07
  1425   0.599526E-06   0.425024E-07
  1426   0.593668E-06   0.421156E-07
  1427   0.587868E-06   0.417323E-07
  1428   0.582125E-06   0.413525E-07
  1429   0.576438E-06   0.409761E-07
  1430   0.570806E-06   0.406032E-07
  1431   0.565229E-06   0.402336E-07
  1432   0.559707E-06   0.398673E-07
  1433   0.554238E-06   0.395044E-07
  1434   0.548824E-06   0.391447E-07
  1435   0.543462E-06   0.387883E-07
  1436   0.538152E-06   0.384351E-07
  1437   0.532894E-06   0.380852E-07
  1438   0.527688E-06   0.377383E-07
  1439   0.522532E-06   0.373947E-07
  1440   0.517427E-06   0.370541E-07
  1441   0.512372E-06   0.367166E-07
  1442   0.507366E-06   0.363822E-07
  1443   0.502409E-06   0.360508E-07
  1444   0.497501E-06   0.357225E-07
  1445   0.492640E-06   0.353970E-07
  1446   0.487827E-06   0.350746E-07
  1447   0.483061E-06   0.347550E-07
  1448   0.478342E-06   0.344384E-07
  1449   0.473668E-06   0.341246E-07
  1450   0.469040E-06   0.338137E-07
  1451   0.464458E-06   0.335055E-07
  1452   0.459920E-06   0.332002E-07
  1453   0.455427E-06   0.328977E-07
  1454   0.450977E-06   0.325978E-07
  1455   0.446571E-06   0.323007E-07
  1456   0.442208E-06   0.320063E-07
  1457   0.437888E-06   0.317146E-07
  1458   0.433610E-06   0.314255E-07
  1459   0.429373E-06   0.311390E-07
  1460   0.425178E-06   0.308551E-07
  1461   0.421024E-06   0.305738E-07
  1462   0.416911E-06   0.302951E-07
  1463   0.412838E-06   0.300188E-07
  1464   0.408804E-06   0.297451E-07
  1465   0.404810E-06   0.294739E-07
  1466   0.400855E-06   0.292051E-07
  1467   0.396939E-06   0.289388E-07
  1468   0.393061E-06   0.286748E-07
  1469   0.389221E-06   0.284133E-07
  1470   0.385418E-06   0.281541E-07
  1471   0.381653E-06   0.278973E-07
  1472   0.377924E-06   0.276428E-07
  1473   0.374232E-06   0.273907E-07
  1474   0.370575E-06   0.271408E-07
  1475   0.366955E-06   0.268932E-07
  1476   0.363370E-06   0.266478E-07
  1477   0.359820E-06   0.264047E-07
  1478   0.356304E-06   0.261637E-07
  1479   0.352823E-06   0.259250E-07
  1480   0.349376E-06   0.256884E-07
  1481   0.345963E-06   0.254540E-07
  1482   0.342583E-06   0.252216E-07
  1483   0.339236E-06   0.249914E-07
  1484   0.335921E-06   0.247633E-07
  1485   0.332639E-06   0.245373E-07
  1486   0.329389E-06   0.243133E-07
  1487   0.326171E-06   0.240914E-07
  1488   0.322985E-06   0.238714E-07
  1489   0.319829E-06   0.236535E-07
  1490   0.316704E-06   0.234375E-07
  1491   0.313610E-06   0.232235E-07
  1492   0.310546E-06   0.230115E-07
  1493   0.307512E-06   0.228013E-07
  1494   0.304508E-06   0.225931E-07
  1495   0.301533E-06   0.223868E-07
  1496   0.298587E-06   0.221823E-07
  1497   0.295670E-06   0.219797E-07
  1498   0.292781E-06   0.217790E-07
  1499   0.289921E-06   0.215800E-07
  1500   0.287088E-06   0.213829E-07
  1501   0.284283E-06   0.211876E-07
  1502   0.281506E-06   0.209940E-07
  1503   0.278755E-06   0.208022E-07
  1504   0.276032E-06   0.206122E-07
  1505   0.273335E-06   0.204238E-07
  1506   0.270665E-06   0.202372E-07
  1507   0.268020E-06   0.200523E-07
  1508   0.265402E-06   0.198691E-07
  1509   0.262809E-06   0.196875E-07
  1510   0.260241E-06   0.195076E-07
  1511   0.257699E-06   0.193293E-07
  1512   0.255181E-06   0.191526E-07
  1513   0.252688E-06   0.189775E-07
  1514   0.250219E-06   0.188041E-07
  1515   0.247774E-06   0.186322E-07
  1516   0.245354E-06   0.184619E-07
  1517   0.242957E-06   0.182931E-07
  1518   0.240583E-06   0.181258E-07
  1519   0.238232E-06   0.179601E-07
  1520   0.235905E-06   0.177959E-07
  1521   0.233600E-06   0.176332E-07
  1522   0.231318E-06   0.174719E-07
  1523   0.229058E-06   0.173122E-07
  1524   0.226820E-06   0.171538E-07
  1525   0.224604E-06   0.169970E-07
  1526   0.222410E-06   0.168415E-07
  1527   0.220237E-06   0.166875E-07
  1528   0.218085E-06   0.165348E-07
  1529   0.215954E-06   0.163836E-07
  1530   0.213844E-06   0.162337E-07
  1531   0.211755E-06   0.160852E-07
  1532   0.209686E-06   0.159381E-07
  1533   0.207638E-06   0.157922E-07
  1534   0.205609E-06   0.156478E-07
  1535   0.203600E-06   0.155046E-07
  1536   0.201611E-06   0.153627E-07
  1537   0.199641E-06   0.152221E-07
  1538   0.197691E-06   0.150828E-07
  1539   0.195759E-06   0.149448E-07
  1540   0.193847E-06   0.148080E-07
  1541   0.191953E-06   0.146725E-07
  1542   0.190078E-06   0.145382E-07
  1543   0.188221E-06   0.144052E-07
  1544   0.186382E-06   0.142733E-07
  1545   0.184561E-06   0.141426E-07
  1546   0.182758E-06   0.140132E-07
  1547   0.180972E-06   0.138849E-07
  1548   0.179204E-06   0.137578E-07
  1549   0.177453E-06   0.136318E-07
  1550   0.175719E-06   0.135070E-07
  1551   0.174003E-06   0.133833E-07
  1552   0.172303E-06   0.132608E-07
  1553   0.170619E-06   0.131394E-07
  1554   0.168952E-06   0.130190E-07
  1555   0.167302E-06   0.128998E-07
  1556   0.165667E-06   0.127817E-07
  1557   0.164049E-06   0.126646E-07
  1558   0.162446E-06   0.125486E-07
  1559   0.160859E-06   0.124337E-07
  1560   0.159287E-06   0.123198E-07
  1561   0.157731E-06   0.122069E-07
  1562   0.156190E-06   0.120951E-07
  1563   0.154664E-06   0.119843E-07
  1564   0.153153E-06   0.118745E-07
  1565   0.151657E-06   0.117657E-07
  1566   0.150175E-06   0.116579E-07
  1567   0.148708E-06   0.115511E-07
  1568   0.147255E-06   0.114452E-07
  1569   0.145816E-06   0.113403E-07
  1570   0.144392E-06   0.112364E-07
  1571   0.142981E-06   0.111334E-07
  1572   0.141584E-06   0.110314E-07
  1573   0.140201E-06   0.109303E-07
  1574   0.138831E-06   0.108301E-07
  1575   0.137475E-06   0.107308E-07
  1576   0.136131E-06   0.106325E-07
  1577   0.134801E-06   0.105350E-07
  1578   0.133484E-06   0.104384E-07
  1579   0.132180E-06   0.103427E-07
  1580   0.130889E-06   0.102479E-07
  1581   0.129610E-06   0.101540E-07
  1582   0.128344E-06   0.100609E-07
  1583   0.127090E-06   0.996861E-08
  1584   0.125848E-06   0.987720E-08
  1585   0.124619E-06   0.978662E-08
  1586   0.123401E-06   0.969687E-08
  1587   0.122196E-06   0.960795E-08
  1588   0.121002E-06   0.951983E-08
  1589   0.119819E-06   0.943252E-08
  1590   0.118649E-06   0.934600E-08
  1591   0.117490E-06   0.926028E-08
  1592   0.116342E-06   0.917533E-08
  1593   0.115205E-06   0.909117E-08
  1594   0.114080E-06   0.900777E-08
  1595   0.112965E-06   0.892513E-08
  1596   0.111861E-06   0.884325E-08
  1597   0.110768E-06   0.876211E-08
  1598   0.109686E-06   0.868172E-08
  1599   0.108615E-06   0.860206E-08
  1600   0.107553E-06   0.852313E-08
  1601   0.106503E-06   0.844492E-08
  1602   0.105462E-06   0.836742E-08
  1603   0.104432E-06   0.829063E-08
  1604   0.103412E-06   0.821455E-08
  1605   0.102401E-06   0.813915E-08
  1606   0.101401E-06   0.806445E-08
  1607   0.100410E-06   0.799043E-08
  1608   0.994291E-07   0.791709E-08
