Iter     SteadyRMS     UnsteadyRMS
     1   0.709908       0.148823E-04
     2   0.705557       0.295820E-04
     3   0.701233       0.441005E-04
     4   0.696936       0.584397E-04
     5   0.692664       0.726012E-04
     6   0.688419       0.865866E-04
     7   0.684200       0.100398E-03
     8   0.680007       0.114036E-03
     9   0.675839       0.127503E-03
    10   0.671697       0.140800E-03
    11   0.667581       0.153929E-03
    12   0.663489       0.166892E-03
    13   0.659423       0.179689E-03
    14   0.655381       0.192323E-03
    15   0.651365       0.204796E-03
    16   0.647373       0.217108E-03
    17   0.643405       0.229261E-03
    18   0.639462       0.241257E-03
    19   0.635543       0.253096E-03
    20   0.631648       0.264782E-03
    21   0.627777       0.276314E-03
    22   0.623929       0.287695E-03
    23   0.620106       0.298925E-03
    24   0.616305       0.310007E-03
    25   0.612528       0.320942E-03
    26   0.608774       0.331730E-03
    27   0.605043       0.342374E-03
    28   0.601335       0.352875E-03
    29   0.597649       0.363234E-03
    30   0.593987       0.373452E-03
    31   0.590346       0.383532E-03
    32   0.586728       0.393473E-03
    33   0.583132       0.403278E-03
    34   0.579559       0.412948E-03
    35   0.576007       0.422484E-03
    36   0.572476       0.431887E-03
    37   0.568968       0.441159E-03
    38   0.565481       0.450301E-03
    39   0.562015       0.459313E-03
    40   0.558571       0.468199E-03
    41   0.555148       0.476957E-03
    42   0.551745       0.485591E-03
    43   0.548364       0.494101E-03
    44   0.545003       0.502487E-03
    45   0.541663       0.510753E-03
    46   0.538343       0.518897E-03
    47   0.535044       0.526923E-03
    48   0.531765       0.534830E-03
    49   0.528506       0.542621E-03
    50   0.525267       0.550296E-03
    51   0.522047       0.557856E-03
    52   0.518848       0.565302E-03
    53   0.515668       0.572636E-03
    54   0.512508       0.579859E-03
    55   0.509367       0.586971E-03
    56   0.506245       0.593975E-03
    57   0.503142       0.600870E-03
    58   0.500059       0.607658E-03
    59   0.496994       0.614340E-03
    60   0.493948       0.620917E-03
    61   0.490921       0.627390E-03
    62   0.487912       0.633760E-03
    63   0.484922       0.640029E-03
    64   0.481950       0.646196E-03
    65   0.478996       0.652264E-03
    66   0.476061       0.658233E-03
    67   0.473143       0.664104E-03
    68   0.470243       0.669878E-03
    69   0.467361       0.675557E-03
    70   0.464497       0.681140E-03
    71   0.461650       0.686629E-03
    72   0.458821       0.692025E-03
    73   0.456009       0.697329E-03
    74   0.453214       0.702542E-03
    75   0.450437       0.707665E-03
    76   0.447676       0.712698E-03
    77   0.444932       0.717643E-03
    78   0.442206       0.722500E-03
    79   0.439496       0.727270E-03
    80   0.436802       0.731955E-03
    81   0.434125       0.736555E-03
    82   0.431464       0.741070E-03
    83   0.428820       0.745503E-03
    84   0.426192       0.749853E-03
    85   0.423580       0.754121E-03
    86   0.420984       0.758309E-03
    87   0.418404       0.762417E-03
    88   0.415840       0.766447E-03
    89   0.413291       0.770397E-03
    90   0.410758       0.774271E-03
    91   0.408241       0.778068E-03
    92   0.405739       0.781789E-03
    93   0.403252       0.785435E-03
    94   0.400781       0.789007E-03
    95   0.398324       0.792505E-03
    96   0.395883       0.795931E-03
    97   0.393457       0.799284E-03
    98   0.391046       0.802567E-03
    99   0.388649       0.805779E-03
   100   0.386267       0.808922E-03
   101   0.383900       0.811995E-03
   102   0.381547       0.815000E-03
   103   0.379209       0.817938E-03
   104   0.376885       0.820809E-03
   105   0.374575       0.823614E-03
   106   0.372279       0.826354E-03
   107   0.369998       0.829029E-03
   108   0.367730       0.831639E-03
   109   0.365476       0.834187E-03
   110   0.363236       0.836672E-03
   111   0.361010       0.839095E-03
   112   0.358798       0.841457E-03
   113   0.356599       0.843758E-03
   114   0.354413       0.845999E-03
   115   0.352241       0.848181E-03
   116   0.350082       0.850304E-03
   117   0.347937       0.852369E-03
   118   0.345804       0.854377E-03
   119   0.343685       0.856328E-03
   120   0.341579       0.858222E-03
   121   0.339485       0.860062E-03
   122   0.337405       0.861846E-03
   123   0.335337       0.863576E-03
   124   0.333282       0.865252E-03
   125   0.331239       0.866875E-03
   126   0.329209       0.868446E-03
   127   0.327191       0.869965E-03
   128   0.325186       0.871432E-03
   129   0.323193       0.872848E-03
   130   0.321213       0.874215E-03
   131   0.319244       0.875531E-03
   132   0.317287       0.876799E-03
   133   0.315343       0.878017E-03
   134   0.313410       0.879188E-03
   135   0.311489       0.880312E-03
   136   0.309580       0.881388E-03
   137   0.307683       0.882418E-03
   138   0.305797       0.883403E-03
   139   0.303923       0.884341E-03
   140   0.302061       0.885235E-03
   141   0.300209       0.886085E-03
   142   0.298369       0.886891E-03
   143   0.296541       0.887654E-03
   144   0.294723       0.888374E-03
   145   0.292917       0.889051E-03
   146   0.291122       0.889687E-03
   147   0.289338       0.890282E-03
   148   0.287565       0.890835E-03
   149   0.285802       0.891348E-03
   150   0.284051       0.891822E-03
   151   0.282310       0.892256E-03
   152   0.280580       0.892651E-03
   153   0.278860       0.893007E-03
   154   0.277151       0.893326E-03
   155   0.275452       0.893607E-03
   156   0.273764       0.893851E-03
   157   0.272086       0.894058E-03
   158   0.270419       0.894229E-03
   159   0.268762       0.894364E-03
   160   0.267114       0.894464E-03
   161   0.265477       0.894529E-03
   162   0.263850       0.894559E-03
   163   0.262233       0.894556E-03
   164   0.260626       0.894518E-03
   165   0.259029       0.894448E-03
   166   0.257441       0.894344E-03
   167   0.255863       0.894208E-03
   168   0.254295       0.894040E-03
   169   0.252737       0.893841E-03
   170   0.251188       0.893610E-03
   171   0.249648       0.893348E-03
   172   0.248118       0.893056E-03
   173   0.246598       0.892734E-03
   174   0.245087       0.892382E-03
   175   0.243584       0.892001E-03
   176   0.242092       0.891590E-03
   177   0.240608       0.891151E-03
   178   0.239133       0.890684E-03
   179   0.237668       0.890190E-03
   180   0.236211       0.889667E-03
   181   0.234763       0.889118E-03
   182   0.233325       0.888541E-03
   183   0.231895       0.887939E-03
   184   0.230474       0.887310E-03
   185   0.229061       0.886655E-03
   186   0.227657       0.885975E-03
   187   0.226262       0.885270E-03
   188   0.224875       0.884541E-03
   189   0.223497       0.883787E-03
   190   0.222127       0.883008E-03
   191   0.220766       0.882206E-03
   192   0.219413       0.881381E-03
   193   0.218068       0.880532E-03
   194   0.216732       0.879661E-03
   195   0.215403       0.878767E-03
   196   0.214083       0.877851E-03
   197   0.212771       0.876913E-03
   198   0.211467       0.875954E-03
   199   0.210171       0.874973E-03
   200   0.208883       0.873971E-03
   201   0.207603       0.872949E-03
   202   0.206331       0.871906E-03
   203   0.205066       0.870844E-03
   204   0.203809       0.869761E-03
   205   0.202560       0.868659E-03
   206   0.201319       0.867537E-03
   207   0.200085       0.866397E-03
   208   0.198859       0.865238E-03
   209   0.197640       0.864060E-03
   210   0.196429       0.862865E-03
   211   0.195225       0.861651E-03
   212   0.194028       0.860420E-03
   213   0.192839       0.859171E-03
   214   0.191657       0.857906E-03
   215   0.190483       0.856623E-03
   216   0.189315       0.855324E-03
   217   0.188155       0.854009E-03
   218   0.187002       0.852677E-03
   219   0.185856       0.851330E-03
   220   0.184717       0.849967E-03
   221   0.183585       0.848589E-03
   222   0.182460       0.847195E-03
   223   0.181341       0.845787E-03
   224   0.180230       0.844364E-03
   225   0.179126       0.842927E-03
   226   0.178028       0.841476E-03
   227   0.176937       0.840010E-03
   228   0.175852       0.838531E-03
   229   0.174775       0.837038E-03
   230   0.173703       0.835533E-03
   231   0.172639       0.834014E-03
   232   0.171581       0.832482E-03
   233   0.170529       0.830937E-03
   234   0.169484       0.829381E-03
   235   0.168445       0.827811E-03
   236   0.167413       0.826230E-03
   237   0.166387       0.824638E-03
   238   0.165367       0.823033E-03
   239   0.164354       0.821417E-03
   240   0.163347       0.819790E-03
   241   0.162345       0.818153E-03
   242   0.161350       0.816504E-03
   243   0.160362       0.814844E-03
   244   0.159379       0.813175E-03
   245   0.158402       0.811495E-03
   246   0.157431       0.809805E-03
   247   0.156466       0.808105E-03
   248   0.155507       0.806396E-03
   249   0.154554       0.804677E-03
   250   0.153607       0.802949E-03
   251   0.152666       0.801211E-03
   252   0.151730       0.799465E-03
   253   0.150800       0.797710E-03
   254   0.149876       0.795947E-03
   255   0.148957       0.794175E-03
   256   0.148045       0.792394E-03
   257   0.147137       0.790606E-03
   258   0.146235       0.788810E-03
   259   0.145339       0.787006E-03
   260   0.144448       0.785194E-03
   261   0.143563       0.783375E-03
   262   0.142683       0.781549E-03
   263   0.141809       0.779716E-03
   264   0.140940       0.777876E-03
   265   0.140076       0.776029E-03
   266   0.139218       0.774175E-03
   267   0.138364       0.772315E-03
   268   0.137516       0.770448E-03
   269   0.136674       0.768576E-03
   270   0.135836       0.766697E-03
   271   0.135003       0.764812E-03
   272   0.134176       0.762922E-03
   273   0.133354       0.761026E-03
   274   0.132536       0.759124E-03
   275   0.131724       0.757218E-03
   276   0.130917       0.755306E-03
   277   0.130114       0.753388E-03
   278   0.129317       0.751466E-03
   279   0.128525       0.749540E-03
   280   0.127737       0.747608E-03
   281   0.126954       0.745672E-03
   282   0.126176       0.743732E-03
   283   0.125403       0.741787E-03
   284   0.124634       0.739838E-03
   285   0.123870       0.737885E-03
   286   0.123111       0.735929E-03
   287   0.122357       0.733968E-03
   288   0.121607       0.732004E-03
   289   0.120861       0.730036E-03
   290   0.120121       0.728065E-03
   291   0.119384       0.726090E-03
   292   0.118653       0.724113E-03
   293   0.117926       0.722132E-03
   294   0.117203       0.720148E-03
   295   0.116485       0.718162E-03
   296   0.115771       0.716172E-03
   297   0.115061       0.714180E-03
   298   0.114356       0.712186E-03
   299   0.113655       0.710189E-03
   300   0.112959       0.708189E-03
   301   0.112266       0.706188E-03
   302   0.111578       0.704184E-03
   303   0.110894       0.702179E-03
   304   0.110215       0.700171E-03
   305   0.109539       0.698162E-03
   306   0.108868       0.696151E-03
   307   0.108201       0.694138E-03
   308   0.107538       0.692124E-03
   309   0.106879       0.690108E-03
   310   0.106224       0.688091E-03
   311   0.105573       0.686073E-03
   312   0.104926       0.684054E-03
   313   0.104282       0.682033E-03
   314   0.103643       0.680012E-03
   315   0.103008       0.677989E-03
   316   0.102377       0.675966E-03
   317   0.101749       0.673943E-03
   318   0.101126       0.671918E-03
   319   0.100506       0.669893E-03
   320   0.998901E-01   0.667868E-03
   321   0.992779E-01   0.665842E-03
   322   0.986695E-01   0.663816E-03
   323   0.980648E-01   0.661789E-03
   324   0.974637E-01   0.659763E-03
   325   0.968664E-01   0.657736E-03
   326   0.962728E-01   0.655710E-03
   327   0.956827E-01   0.653683E-03
   328   0.950963E-01   0.651657E-03
   329   0.945135E-01   0.649631E-03
   330   0.939343E-01   0.647605E-03
   331   0.933586E-01   0.645580E-03
   332   0.927864E-01   0.643555E-03
   333   0.922178E-01   0.641531E-03
   334   0.916526E-01   0.639507E-03
   335   0.910909E-01   0.637484E-03
   336   0.905326E-01   0.635462E-03
   337   0.899778E-01   0.633440E-03
   338   0.894263E-01   0.631420E-03
   339   0.888782E-01   0.629400E-03
   340   0.883335E-01   0.627381E-03
   341   0.877922E-01   0.625364E-03
   342   0.872541E-01   0.623347E-03
   343   0.867194E-01   0.621332E-03
   344   0.861879E-01   0.619318E-03
   345   0.856597E-01   0.617305E-03
   346   0.851347E-01   0.615294E-03
   347   0.846129E-01   0.613284E-03
   348   0.840944E-01   0.611275E-03
   349   0.835790E-01   0.609268E-03
   350   0.830667E-01   0.607263E-03
   351   0.825577E-01   0.605259E-03
   352   0.820517E-01   0.603257E-03
   353   0.815488E-01   0.601257E-03
   354   0.810490E-01   0.599259E-03
   355   0.805523E-01   0.597262E-03
   356   0.800586E-01   0.595268E-03
   357   0.795680E-01   0.593275E-03
   358   0.790803E-01   0.591285E-03
   359   0.785957E-01   0.589296E-03
   360   0.781140E-01   0.587310E-03
   361   0.776352E-01   0.585326E-03
   362   0.771594E-01   0.583344E-03
   363   0.766866E-01   0.581364E-03
   364   0.762166E-01   0.579387E-03
   365   0.757495E-01   0.577412E-03
   366   0.752852E-01   0.575439E-03
   367   0.748238E-01   0.573469E-03
   368   0.743653E-01   0.571502E-03
   369   0.739095E-01   0.569537E-03
   370   0.734565E-01   0.567574E-03
   371   0.730063E-01   0.565614E-03
   372   0.725589E-01   0.563657E-03
   373   0.721142E-01   0.561703E-03
   374   0.716722E-01   0.559751E-03
   375   0.712330E-01   0.557802E-03
   376   0.707964E-01   0.555856E-03
   377   0.703625E-01   0.553913E-03
   378   0.699313E-01   0.551973E-03
   379   0.695027E-01   0.550035E-03
   380   0.690768E-01   0.548101E-03
   381   0.686534E-01   0.546170E-03
   382   0.682327E-01   0.544242E-03
   383   0.678145E-01   0.542316E-03
   384   0.673989E-01   0.540394E-03
   385   0.669858E-01   0.538475E-03
   386   0.665753E-01   0.536560E-03
   387   0.661672E-01   0.534647E-03
   388   0.657617E-01   0.532738E-03
   389   0.653587E-01   0.530832E-03
   390   0.649581E-01   0.528930E-03
   391   0.645600E-01   0.527030E-03
   392   0.641644E-01   0.525134E-03
   393   0.637711E-01   0.523242E-03
   394   0.633803E-01   0.521353E-03
   395   0.629918E-01   0.519467E-03
   396   0.626058E-01   0.517585E-03
   397   0.622221E-01   0.515707E-03
   398   0.618408E-01   0.513832E-03
   399   0.614618E-01   0.511961E-03
   400   0.610851E-01   0.510093E-03
   401   0.607107E-01   0.508229E-03
   402   0.603386E-01   0.506368E-03
   403   0.599688E-01   0.504512E-03
   404   0.596013E-01   0.502659E-03
   405   0.592360E-01   0.500809E-03
   406   0.588730E-01   0.498964E-03
   407   0.585122E-01   0.497122E-03
   408   0.581536E-01   0.495284E-03
   409   0.577972E-01   0.493450E-03
   410   0.574429E-01   0.491620E-03
   411   0.570909E-01   0.489793E-03
   412   0.567410E-01   0.487971E-03
   413   0.563933E-01   0.486152E-03
   414   0.560476E-01   0.484338E-03
   415   0.557041E-01   0.482527E-03
   416   0.553627E-01   0.480720E-03
   417   0.550234E-01   0.478918E-03
   418   0.546862E-01   0.477119E-03
   419   0.543511E-01   0.475324E-03
   420   0.540180E-01   0.473534E-03
   421   0.536869E-01   0.471747E-03
   422   0.533579E-01   0.469965E-03
   423   0.530309E-01   0.468186E-03
   424   0.527059E-01   0.466412E-03
   425   0.523828E-01   0.464642E-03
   426   0.520618E-01   0.462876E-03
   427   0.517427E-01   0.461114E-03
   428   0.514256E-01   0.459357E-03
   429   0.511104E-01   0.457604E-03
   430   0.507972E-01   0.455854E-03
   431   0.504859E-01   0.454109E-03
   432   0.501765E-01   0.452369E-03
   433   0.498690E-01   0.450632E-03
   434   0.495633E-01   0.448900E-03
   435   0.492596E-01   0.447172E-03
   436   0.489577E-01   0.445449E-03
   437   0.486576E-01   0.443730E-03
   438   0.483594E-01   0.442015E-03
   439   0.480630E-01   0.440304E-03
   440   0.477685E-01   0.438598E-03
   441   0.474757E-01   0.436896E-03
   442   0.471848E-01   0.435198E-03
   443   0.468956E-01   0.433505E-03
   444   0.466082E-01   0.431817E-03
   445   0.463225E-01   0.430132E-03
   446   0.460386E-01   0.428452E-03
   447   0.457565E-01   0.426777E-03
   448   0.454760E-01   0.425106E-03
   449   0.451973E-01   0.423439E-03
   450   0.449203E-01   0.421777E-03
   451   0.446450E-01   0.420119E-03
   452   0.443714E-01   0.418465E-03
   453   0.440995E-01   0.416817E-03
   454   0.438292E-01   0.415172E-03
   455   0.435606E-01   0.413532E-03
   456   0.432936E-01   0.411897E-03
   457   0.430283E-01   0.410266E-03
   458   0.427646E-01   0.408639E-03
   459   0.425025E-01   0.407018E-03
   460   0.422420E-01   0.405400E-03
   461   0.419831E-01   0.403787E-03
   462   0.417258E-01   0.402179E-03
   463   0.414701E-01   0.400575E-03
   464   0.412159E-01   0.398976E-03
   465   0.409633E-01   0.397381E-03
   466   0.407123E-01   0.395791E-03
   467   0.404628E-01   0.394205E-03
   468   0.402148E-01   0.392624E-03
   469   0.399683E-01   0.391047E-03
   470   0.397234E-01   0.389475E-03
   471   0.394799E-01   0.387908E-03
   472   0.392380E-01   0.386345E-03
   473   0.389975E-01   0.384787E-03
   474   0.387585E-01   0.383233E-03
   475   0.385209E-01   0.381684E-03
   476   0.382849E-01   0.380139E-03
   477   0.380502E-01   0.378599E-03
   478   0.378170E-01   0.377064E-03
   479   0.375853E-01   0.375533E-03
   480   0.373549E-01   0.374007E-03
   481   0.371260E-01   0.372485E-03
   482   0.368984E-01   0.370968E-03
   483   0.366723E-01   0.369456E-03
   484   0.364476E-01   0.367948E-03
   485   0.362242E-01   0.366444E-03
   486   0.360022E-01   0.364946E-03
   487   0.357815E-01   0.363452E-03
   488   0.355622E-01   0.361962E-03
   489   0.353443E-01   0.360477E-03
   490   0.351277E-01   0.358997E-03
   491   0.349124E-01   0.357521E-03
   492   0.346984E-01   0.356050E-03
   493   0.344858E-01   0.354583E-03
   494   0.342744E-01   0.353121E-03
   495   0.340643E-01   0.351664E-03
   496   0.338556E-01   0.350211E-03
   497   0.336481E-01   0.348763E-03
   498   0.334419E-01   0.347319E-03
   499   0.332369E-01   0.345880E-03
   500   0.330332E-01   0.344446E-03
   501   0.328308E-01   0.343016E-03
   502   0.326296E-01   0.341590E-03
   503   0.324296E-01   0.340170E-03
   504   0.322308E-01   0.338753E-03
   505   0.320333E-01   0.337342E-03
   506   0.318370E-01   0.335935E-03
   507   0.316419E-01   0.334532E-03
   508   0.314479E-01   0.333134E-03
   509   0.312552E-01   0.331741E-03
   510   0.310636E-01   0.330352E-03
   511   0.308733E-01   0.328968E-03
   512   0.306841E-01   0.327588E-03
   513   0.304960E-01   0.326213E-03
   514   0.303091E-01   0.324842E-03
   515   0.301233E-01   0.323476E-03
   516   0.299387E-01   0.322114E-03
   517   0.297552E-01   0.320757E-03
   518   0.295729E-01   0.319405E-03
   519   0.293916E-01   0.318057E-03
   520   0.292115E-01   0.316713E-03
   521   0.290325E-01   0.315374E-03
   522   0.288546E-01   0.314040E-03
   523   0.286777E-01   0.312710E-03
   524   0.285020E-01   0.311384E-03
   525   0.283273E-01   0.310063E-03
   526   0.281537E-01   0.308747E-03
   527   0.279811E-01   0.307435E-03
   528   0.278096E-01   0.306127E-03
   529   0.276392E-01   0.304824E-03
   530   0.274698E-01   0.303525E-03
   531   0.273015E-01   0.302231E-03
   532   0.271341E-01   0.300941E-03
   533   0.269678E-01   0.299656E-03
   534   0.268026E-01   0.298375E-03
   535   0.266383E-01   0.297099E-03
   536   0.264750E-01   0.295827E-03
   537   0.263128E-01   0.294559E-03
   538   0.261515E-01   0.293296E-03
   539   0.259912E-01   0.292037E-03
   540   0.258320E-01   0.290783E-03
   541   0.256736E-01   0.289533E-03
   542   0.255163E-01   0.288287E-03
   543   0.253599E-01   0.287046E-03
   544   0.252045E-01   0.285809E-03
   545   0.250500E-01   0.284577E-03
   546   0.248965E-01   0.283349E-03
   547   0.247439E-01   0.282125E-03
   548   0.245923E-01   0.280906E-03
   549   0.244415E-01   0.279691E-03
   550   0.242917E-01   0.278480E-03
   551   0.241429E-01   0.277274E-03
   552   0.239949E-01   0.276072E-03
   553   0.238479E-01   0.274874E-03
   554   0.237017E-01   0.273680E-03
   555   0.235564E-01   0.272491E-03
   556   0.234121E-01   0.271306E-03
   557   0.232686E-01   0.270126E-03
   558   0.231260E-01   0.268949E-03
   559   0.229842E-01   0.267777E-03
   560   0.228434E-01   0.266609E-03
   561   0.227034E-01   0.265446E-03
   562   0.225642E-01   0.264287E-03
   563   0.224259E-01   0.263131E-03
   564   0.222885E-01   0.261981E-03
   565   0.221519E-01   0.260834E-03
   566   0.220161E-01   0.259691E-03
   567   0.218812E-01   0.258553E-03
   568   0.217471E-01   0.257419E-03
   569   0.216138E-01   0.256289E-03
   570   0.214814E-01   0.255163E-03
   571   0.213497E-01   0.254042E-03
   572   0.212189E-01   0.252924E-03
   573   0.210888E-01   0.251811E-03
   574   0.209596E-01   0.250702E-03
   575   0.208311E-01   0.249597E-03
   576   0.207035E-01   0.248496E-03
   577   0.205766E-01   0.247399E-03
   578   0.204505E-01   0.246307E-03
   579   0.203251E-01   0.245218E-03
   580   0.202006E-01   0.244134E-03
   581   0.200768E-01   0.243053E-03
   582   0.199537E-01   0.241977E-03
   583   0.198314E-01   0.240905E-03
   584   0.197099E-01   0.239836E-03
   585   0.195891E-01   0.238772E-03
   586   0.194690E-01   0.237712E-03
   587   0.193497E-01   0.236656E-03
   588   0.192311E-01   0.235604E-03
   589   0.191133E-01   0.234555E-03
   590   0.189961E-01   0.233511E-03
   591   0.188797E-01   0.232471E-03
   592   0.187640E-01   0.231435E-03
   593   0.186490E-01   0.230403E-03
   594   0.185347E-01   0.229374E-03
   595   0.184211E-01   0.228350E-03
   596   0.183082E-01   0.227330E-03
   597   0.181960E-01   0.226313E-03
   598   0.180845E-01   0.225300E-03
   599   0.179737E-01   0.224292E-03
   600   0.178635E-01   0.223287E-03
   601   0.177540E-01   0.222286E-03
   602   0.176452E-01   0.221289E-03
   603   0.175371E-01   0.220296E-03
   604   0.174296E-01   0.219306E-03
   605   0.173228E-01   0.218321E-03
   606   0.172166E-01   0.217339E-03
   607   0.171111E-01   0.216362E-03
   608   0.170062E-01   0.215388E-03
   609   0.169020E-01   0.214417E-03
   610   0.167984E-01   0.213451E-03
   611   0.166955E-01   0.212488E-03
   612   0.165931E-01   0.211529E-03
   613   0.164914E-01   0.210574E-03
   614   0.163904E-01   0.209623E-03
   615   0.162899E-01   0.208675E-03
   616   0.161901E-01   0.207732E-03
   617   0.160909E-01   0.206791E-03
   618   0.159922E-01   0.205855E-03
   619   0.158942E-01   0.204922E-03
   620   0.157968E-01   0.203993E-03
   621   0.157000E-01   0.203068E-03
   622   0.156038E-01   0.202146E-03
   623   0.155082E-01   0.201228E-03
   624   0.154131E-01   0.200314E-03
   625   0.153187E-01   0.199403E-03
   626   0.152248E-01   0.198496E-03
   627   0.151315E-01   0.197593E-03
   628   0.150387E-01   0.196693E-03
   629   0.149466E-01   0.195797E-03
   630   0.148550E-01   0.194904E-03
   631   0.147639E-01   0.194015E-03
   632   0.146734E-01   0.193130E-03
   633   0.145835E-01   0.192248E-03
   634   0.144941E-01   0.191369E-03
   635   0.144053E-01   0.190494E-03
   636   0.143170E-01   0.189623E-03
   637   0.142293E-01   0.188755E-03
   638   0.141421E-01   0.187891E-03
   639   0.140554E-01   0.187030E-03
   640   0.139692E-01   0.186173E-03
   641   0.138836E-01   0.185319E-03
   642   0.137985E-01   0.184469E-03
   643   0.137140E-01   0.183622E-03
   644   0.136299E-01   0.182778E-03
   645   0.135464E-01   0.181938E-03
   646   0.134634E-01   0.181102E-03
   647   0.133809E-01   0.180269E-03
   648   0.132989E-01   0.179439E-03
   649   0.132174E-01   0.178613E-03
   650   0.131363E-01   0.177790E-03
   651   0.130558E-01   0.176970E-03
   652   0.129758E-01   0.176154E-03
   653   0.128963E-01   0.175341E-03
   654   0.128173E-01   0.174531E-03
   655   0.127387E-01   0.173725E-03
   656   0.126606E-01   0.172922E-03
   657   0.125830E-01   0.172122E-03
   658   0.125059E-01   0.171326E-03
   659   0.124293E-01   0.170533E-03
   660   0.123531E-01   0.169743E-03
   661   0.122774E-01   0.168957E-03
   662   0.122022E-01   0.168174E-03
   663   0.121274E-01   0.167394E-03
   664   0.120530E-01   0.166617E-03
   665   0.119792E-01   0.165844E-03
   666   0.119058E-01   0.165073E-03
   667   0.118328E-01   0.164306E-03
   668   0.117603E-01   0.163542E-03
   669   0.116882E-01   0.162782E-03
   670   0.116166E-01   0.162024E-03
   671   0.115454E-01   0.161270E-03
   672   0.114746E-01   0.160519E-03
   673   0.114043E-01   0.159771E-03
   674   0.113344E-01   0.159026E-03
   675   0.112649E-01   0.158284E-03
   676   0.111959E-01   0.157545E-03
   677   0.111273E-01   0.156810E-03
   678   0.110591E-01   0.156077E-03
   679   0.109913E-01   0.155348E-03
   680   0.109239E-01   0.154622E-03
   681   0.108570E-01   0.153898E-03
   682   0.107905E-01   0.153178E-03
   683   0.107243E-01   0.152461E-03
   684   0.106586E-01   0.151747E-03
   685   0.105933E-01   0.151036E-03
   686   0.105283E-01   0.150328E-03
   687   0.104638E-01   0.149623E-03
   688   0.103997E-01   0.148921E-03
   689   0.103360E-01   0.148221E-03
   690   0.102726E-01   0.147525E-03
   691   0.102097E-01   0.146832E-03
   692   0.101471E-01   0.146142E-03
   693   0.100849E-01   0.145455E-03
   694   0.100231E-01   0.144770E-03
   695   0.996166E-02   0.144089E-03
   696   0.990061E-02   0.143410E-03
   697   0.983993E-02   0.142735E-03
   698   0.977962E-02   0.142062E-03
   699   0.971969E-02   0.141392E-03
   700   0.966012E-02   0.140725E-03
   701   0.960091E-02   0.140061E-03
   702   0.954207E-02   0.139400E-03
   703   0.948359E-02   0.138741E-03
   704   0.942547E-02   0.138086E-03
   705   0.936771E-02   0.137433E-03
   706   0.931029E-02   0.136783E-03
   707   0.925323E-02   0.136136E-03
   708   0.919652E-02   0.135491E-03
   709   0.914016E-02   0.134850E-03
   710   0.908414E-02   0.134211E-03
   711   0.902847E-02   0.133575E-03
   712   0.897314E-02   0.132942E-03
   713   0.891814E-02   0.132311E-03
   714   0.886349E-02   0.131683E-03
   715   0.880917E-02   0.131058E-03
   716   0.875518E-02   0.130436E-03
   717   0.870152E-02   0.129816E-03
   718   0.864819E-02   0.129199E-03
   719   0.859519E-02   0.128585E-03
   720   0.854251E-02   0.127973E-03
   721   0.849016E-02   0.127364E-03
   722   0.843812E-02   0.126758E-03
   723   0.838641E-02   0.126154E-03
   724   0.833501E-02   0.125553E-03
   725   0.828393E-02   0.124955E-03
   726   0.823316E-02   0.124359E-03
   727   0.818270E-02   0.123766E-03
   728   0.813255E-02   0.123175E-03
   729   0.808271E-02   0.122587E-03
   730   0.803317E-02   0.122001E-03
   731   0.798394E-02   0.121419E-03
   732   0.793501E-02   0.120838E-03
   733   0.788638E-02   0.120260E-03
   734   0.783805E-02   0.119685E-03
   735   0.779001E-02   0.119113E-03
   736   0.774227E-02   0.118542E-03
   737   0.769482E-02   0.117975E-03
   738   0.764766E-02   0.117410E-03
   739   0.760079E-02   0.116847E-03
   740   0.755420E-02   0.116287E-03
   741   0.750791E-02   0.115729E-03
   742   0.746189E-02   0.115174E-03
   743   0.741616E-02   0.114621E-03
   744   0.737071E-02   0.114071E-03
   745   0.732554E-02   0.113523E-03
   746   0.728064E-02   0.112977E-03
   747   0.723602E-02   0.112434E-03
   748   0.719167E-02   0.111893E-03
   749   0.714760E-02   0.111355E-03
   750   0.710379E-02   0.110819E-03
   751   0.706026E-02   0.110286E-03
   752   0.701699E-02   0.109755E-03
   753   0.697398E-02   0.109226E-03
   754   0.693124E-02   0.108700E-03
   755   0.688876E-02   0.108176E-03
   756   0.684654E-02   0.107654E-03
   757   0.680458E-02   0.107135E-03
   758   0.676288E-02   0.106618E-03
   759   0.672143E-02   0.106103E-03
   760   0.668024E-02   0.105590E-03
   761   0.663930E-02   0.105080E-03
   762   0.659861E-02   0.104572E-03
   763   0.655817E-02   0.104067E-03
   764   0.651797E-02   0.103563E-03
   765   0.647803E-02   0.103062E-03
   766   0.643832E-02   0.102564E-03
   767   0.639887E-02   0.102067E-03
   768   0.635965E-02   0.101573E-03
   769   0.632067E-02   0.101081E-03
   770   0.628194E-02   0.100591E-03
   771   0.624344E-02   0.100103E-03
   772   0.620517E-02   0.996174E-04
   773   0.616714E-02   0.991341E-04
   774   0.612935E-02   0.986530E-04
   775   0.609178E-02   0.981740E-04
   776   0.605445E-02   0.976972E-04
   777   0.601734E-02   0.972226E-04
   778   0.598046E-02   0.967501E-04
   779   0.594381E-02   0.962797E-04
   780   0.590738E-02   0.958115E-04
   781   0.587118E-02   0.953454E-04
   782   0.583520E-02   0.948814E-04
   783   0.579943E-02   0.944195E-04
   784   0.576389E-02   0.939597E-04
   785   0.572857E-02   0.935020E-04
   786   0.569346E-02   0.930463E-04
   787   0.565856E-02   0.925928E-04
   788   0.562388E-02   0.921413E-04
   789   0.558942E-02   0.916918E-04
   790   0.555516E-02   0.912444E-04
   791   0.552112E-02   0.907990E-04
   792   0.548728E-02   0.903557E-04
   793   0.545365E-02   0.899144E-04
   794   0.542022E-02   0.894751E-04
   795   0.538701E-02   0.890378E-04
   796   0.535399E-02   0.886025E-04
   797   0.532118E-02   0.881692E-04
   798   0.528857E-02   0.877379E-04
   799   0.525615E-02   0.873085E-04
   800   0.522394E-02   0.868811E-04
   801   0.519192E-02   0.864557E-04
   802   0.516011E-02   0.860322E-04
   803   0.512848E-02   0.856106E-04
   804   0.509705E-02   0.851910E-04
   805   0.506581E-02   0.847734E-04
   806   0.503476E-02   0.843576E-04
   807   0.500391E-02   0.839437E-04
   808   0.497324E-02   0.835318E-04
   809   0.494276E-02   0.831217E-04
   810   0.491247E-02   0.827135E-04
   811   0.488236E-02   0.823072E-04
   812   0.485244E-02   0.819028E-04
   813   0.482270E-02   0.815003E-04
   814   0.479314E-02   0.810995E-04
   815   0.476377E-02   0.807007E-04
   816   0.473457E-02   0.803037E-04
   817   0.470556E-02   0.799085E-04
   818   0.467672E-02   0.795151E-04
   819   0.464805E-02   0.791236E-04
   820   0.461957E-02   0.787339E-04
   821   0.459126E-02   0.783459E-04
   822   0.456312E-02   0.779598E-04
   823   0.453515E-02   0.775755E-04
   824   0.450736E-02   0.771929E-04
   825   0.447973E-02   0.768121E-04
   826   0.445228E-02   0.764331E-04
   827   0.442499E-02   0.760558E-04
   828   0.439787E-02   0.756803E-04
   829   0.437092E-02   0.753066E-04
   830   0.434413E-02   0.749345E-04
   831   0.431751E-02   0.745642E-04
   832   0.429105E-02   0.741957E-04
   833   0.426475E-02   0.738288E-04
   834   0.423861E-02   0.734636E-04
   835   0.421263E-02   0.731002E-04
   836   0.418682E-02   0.727384E-04
   837   0.416116E-02   0.723784E-04
   838   0.413565E-02   0.720200E-04
   839   0.411031E-02   0.716632E-04
   840   0.408512E-02   0.713082E-04
   841   0.406008E-02   0.709548E-04
   842   0.403520E-02   0.706030E-04
   843   0.401047E-02   0.702529E-04
   844   0.398589E-02   0.699045E-04
   845   0.396146E-02   0.695577E-04
   846   0.393718E-02   0.692124E-04
   847   0.391305E-02   0.688689E-04
   848   0.388907E-02   0.685269E-04
   849   0.386524E-02   0.681865E-04
   850   0.384155E-02   0.678477E-04
   851   0.381800E-02   0.675105E-04
   852   0.379460E-02   0.671749E-04
   853   0.377135E-02   0.668409E-04
   854   0.374823E-02   0.665084E-04
   855   0.372526E-02   0.661775E-04
   856   0.370243E-02   0.658482E-04
   857   0.367974E-02   0.655204E-04
   858   0.365719E-02   0.651941E-04
   859   0.363478E-02   0.648694E-04
   860   0.361250E-02   0.645462E-04
   861   0.359036E-02   0.642246E-04
   862   0.356835E-02   0.639044E-04
   863   0.354649E-02   0.635858E-04
   864   0.352475E-02   0.632687E-04
   865   0.350315E-02   0.629530E-04
   866   0.348168E-02   0.626389E-04
   867   0.346034E-02   0.623262E-04
   868   0.343913E-02   0.620151E-04
   869   0.341806E-02   0.617054E-04
   870   0.339711E-02   0.613971E-04
   871   0.337629E-02   0.610903E-04
   872   0.335560E-02   0.607850E-04
   873   0.333503E-02   0.604811E-04
   874   0.331459E-02   0.601787E-04
   875   0.329428E-02   0.598777E-04
   876   0.327409E-02   0.595781E-04
   877   0.325402E-02   0.592799E-04
   878   0.323408E-02   0.589832E-04
   879   0.321426E-02   0.586878E-04
   880   0.319456E-02   0.583939E-04
   881   0.317498E-02   0.581014E-04
   882   0.315552E-02   0.578102E-04
   883   0.313618E-02   0.575205E-04
   884   0.311696E-02   0.572321E-04
   885   0.309786E-02   0.569451E-04
   886   0.307887E-02   0.566594E-04
   887   0.306000E-02   0.563752E-04
   888   0.304125E-02   0.560922E-04
   889   0.302261E-02   0.558107E-04
   890   0.300409E-02   0.555304E-04
   891   0.298568E-02   0.552515E-04
   892   0.296738E-02   0.549740E-04
   893   0.294919E-02   0.546977E-04
   894   0.293112E-02   0.544228E-04
   895   0.291315E-02   0.541492E-04
   896   0.289530E-02   0.538769E-04
   897   0.287755E-02   0.536059E-04
   898   0.285992E-02   0.533362E-04
   899   0.284239E-02   0.530678E-04
   900   0.282497E-02   0.528007E-04
   901   0.280766E-02   0.525349E-04
   902   0.279045E-02   0.522703E-04
   903   0.277335E-02   0.520070E-04
   904   0.275635E-02   0.517450E-04
   905   0.273946E-02   0.514842E-04
   906   0.272267E-02   0.512247E-04
   907   0.270598E-02   0.509664E-04
   908   0.268940E-02   0.507094E-04
   909   0.267292E-02   0.504536E-04
   910   0.265654E-02   0.501990E-04
   911   0.264025E-02   0.499456E-04
   912   0.262407E-02   0.496935E-04
   913   0.260799E-02   0.494426E-04
   914   0.259201E-02   0.491929E-04
   915   0.257612E-02   0.489444E-04
   916   0.256033E-02   0.486971E-04
   917   0.254464E-02   0.484509E-04
   918   0.252905E-02   0.482060E-04
   919   0.251355E-02   0.479623E-04
   920   0.249814E-02   0.477197E-04
   921   0.248283E-02   0.474783E-04
   922   0.246762E-02   0.472380E-04
   923   0.245249E-02   0.469990E-04
   924   0.243746E-02   0.467610E-04
   925   0.242252E-02   0.465243E-04
   926   0.240768E-02   0.462886E-04
   927   0.239292E-02   0.460541E-04
   928   0.237826E-02   0.458208E-04
   929   0.236368E-02   0.455886E-04
   930   0.234919E-02   0.453575E-04
   931   0.233480E-02   0.451275E-04
   932   0.232049E-02   0.448986E-04
   933   0.230627E-02   0.446709E-04
   934   0.229213E-02   0.444442E-04
   935   0.227808E-02   0.442187E-04
   936   0.226412E-02   0.439942E-04
   937   0.225025E-02   0.437708E-04
   938   0.223645E-02   0.435485E-04
   939   0.222275E-02   0.433273E-04
   940   0.220913E-02   0.431072E-04
   941   0.219559E-02   0.428882E-04
   942   0.218213E-02   0.426702E-04
   943   0.216876E-02   0.424532E-04
   944   0.215546E-02   0.422373E-04
   945   0.214225E-02   0.420225E-04
   946   0.212913E-02   0.418087E-04
   947   0.211608E-02   0.415960E-04
   948   0.210311E-02   0.413843E-04
   949   0.209022E-02   0.411736E-04
   950   0.207741E-02   0.409640E-04
   951   0.206468E-02   0.407553E-04
   952   0.205202E-02   0.405477E-04
   953   0.203945E-02   0.403411E-04
   954   0.202695E-02   0.401355E-04
   955   0.201453E-02   0.399310E-04
   956   0.200218E-02   0.397274E-04
   957   0.198991E-02   0.395248E-04
   958   0.197771E-02   0.393232E-04
   959   0.196559E-02   0.391226E-04
   960   0.195355E-02   0.389229E-04
   961   0.194157E-02   0.387243E-04
   962   0.192967E-02   0.385266E-04
   963   0.191785E-02   0.383299E-04
   964   0.190609E-02   0.381341E-04
   965   0.189441E-02   0.379394E-04
   966   0.188280E-02   0.377455E-04
   967   0.187126E-02   0.375526E-04
   968   0.185979E-02   0.373607E-04
   969   0.184840E-02   0.371697E-04
   970   0.183707E-02   0.369796E-04
   971   0.182581E-02   0.367905E-04
   972   0.181462E-02   0.366023E-04
   973   0.180350E-02   0.364150E-04
   974   0.179244E-02   0.362287E-04
   975   0.178146E-02   0.360432E-04
   976   0.177054E-02   0.358587E-04
   977   0.175969E-02   0.356751E-04
   978   0.174891E-02   0.354923E-04
   979   0.173819E-02   0.353105E-04
   980   0.172753E-02   0.351296E-04
   981   0.171695E-02   0.349495E-04
   982   0.170642E-02   0.347704E-04
   983   0.169597E-02   0.345921E-04
   984   0.168557E-02   0.344147E-04
   985   0.167524E-02   0.342382E-04
   986   0.166497E-02   0.340626E-04
   987   0.165477E-02   0.338878E-04
   988   0.164463E-02   0.337139E-04
   989   0.163455E-02   0.335408E-04
   990   0.162453E-02   0.333686E-04
   991   0.161458E-02   0.331973E-04
   992   0.160468E-02   0.330268E-04
   993   0.159485E-02   0.328571E-04
   994   0.158507E-02   0.326883E-04
   995   0.157536E-02   0.325203E-04
   996   0.156570E-02   0.323531E-04
   997   0.155611E-02   0.321868E-04
   998   0.154657E-02   0.320213E-04
   999   0.153709E-02   0.318566E-04
  1000   0.152767E-02   0.316927E-04
  1001   0.151831E-02   0.315296E-04
  1002   0.150900E-02   0.313674E-04
  1003   0.149975E-02   0.312059E-04
  1004   0.149056E-02   0.310453E-04
  1005   0.148143E-02   0.308854E-04
  1006   0.147235E-02   0.307264E-04
  1007   0.146333E-02   0.305681E-04
  1008   0.145436E-02   0.304106E-04
  1009   0.144544E-02   0.302539E-04
  1010   0.143659E-02   0.300980E-04
  1011   0.142778E-02   0.299428E-04
  1012   0.141903E-02   0.297884E-04
  1013   0.141033E-02   0.296348E-04
  1014   0.140169E-02   0.294819E-04
  1015   0.139310E-02   0.293298E-04
  1016   0.138456E-02   0.291785E-04
  1017   0.137608E-02   0.290279E-04
  1018   0.136764E-02   0.288781E-04
  1019   0.135926E-02   0.287290E-04
  1020   0.135093E-02   0.285806E-04
  1021   0.134265E-02   0.284330E-04
  1022   0.133442E-02   0.282862E-04
  1023   0.132624E-02   0.281400E-04
  1024   0.131812E-02   0.279946E-04
  1025   0.131004E-02   0.278499E-04
  1026   0.130201E-02   0.277059E-04
  1027   0.129403E-02   0.275627E-04
  1028   0.128610E-02   0.274202E-04
  1029   0.127822E-02   0.272783E-04
  1030   0.127038E-02   0.271372E-04
  1031   0.126260E-02   0.269968E-04
  1032   0.125486E-02   0.268571E-04
  1033   0.124717E-02   0.267181E-04
  1034   0.123952E-02   0.265798E-04
  1035   0.123193E-02   0.264421E-04
  1036   0.122438E-02   0.263052E-04
  1037   0.121687E-02   0.261689E-04
  1038   0.120942E-02   0.260334E-04
  1039   0.120200E-02   0.258985E-04
  1040   0.119464E-02   0.257643E-04
  1041   0.118732E-02   0.256307E-04
  1042   0.118004E-02   0.254978E-04
  1043   0.117281E-02   0.253656E-04
  1044   0.116562E-02   0.252341E-04
  1045   0.115848E-02   0.251032E-04
  1046   0.115138E-02   0.249729E-04
  1047   0.114432E-02   0.248434E-04
  1048   0.113731E-02   0.247144E-04
  1049   0.113034E-02   0.245861E-04
  1050   0.112341E-02   0.244585E-04
  1051   0.111652E-02   0.243315E-04
  1052   0.110968E-02   0.242051E-04
  1053   0.110288E-02   0.240794E-04
  1054   0.109612E-02   0.239543E-04
  1055   0.108940E-02   0.238298E-04
  1056   0.108273E-02   0.237060E-04
  1057   0.107609E-02   0.235828E-04
  1058   0.106950E-02   0.234602E-04
  1059   0.106294E-02   0.233382E-04
  1060   0.105643E-02   0.232168E-04
  1061   0.104995E-02   0.230960E-04
  1062   0.104352E-02   0.229759E-04
  1063   0.103712E-02   0.228563E-04
  1064   0.103077E-02   0.227374E-04
  1065   0.102445E-02   0.226191E-04
  1066   0.101817E-02   0.225013E-04
  1067   0.101193E-02   0.223841E-04
  1068   0.100573E-02   0.222676E-04
  1069   0.999564E-03   0.221516E-04
  1070   0.993438E-03   0.220362E-04
  1071   0.987350E-03   0.219214E-04
  1072   0.981299E-03   0.218072E-04
  1073   0.975285E-03   0.216935E-04
  1074   0.969307E-03   0.215804E-04
  1075   0.963367E-03   0.214679E-04
  1076   0.957463E-03   0.213560E-04
  1077   0.951595E-03   0.212446E-04
  1078   0.945763E-03   0.211338E-04
  1079   0.939966E-03   0.210235E-04
  1080   0.934206E-03   0.209138E-04
  1081   0.928480E-03   0.208047E-04
  1082   0.922790E-03   0.206961E-04
  1083   0.917134E-03   0.205880E-04
  1084   0.911513E-03   0.204805E-04
  1085   0.905927E-03   0.203736E-04
  1086   0.900375E-03   0.202672E-04
  1087   0.894857E-03   0.201613E-04
  1088   0.889372E-03   0.200559E-04
  1089   0.883922E-03   0.199511E-04
  1090   0.878505E-03   0.198469E-04
  1091   0.873120E-03   0.197431E-04
  1092   0.867769E-03   0.196399E-04
  1093   0.862451E-03   0.195372E-04
  1094   0.857165E-03   0.194350E-04
  1095   0.851912E-03   0.193334E-04
  1096   0.846691E-03   0.192322E-04
  1097   0.841502E-03   0.191316E-04
  1098   0.836345E-03   0.190315E-04
  1099   0.831219E-03   0.189319E-04
  1100   0.826125E-03   0.188328E-04
  1101   0.821062E-03   0.187342E-04
  1102   0.816030E-03   0.186361E-04
  1103   0.811028E-03   0.185385E-04
  1104   0.806058E-03   0.184414E-04
  1105   0.801118E-03   0.183448E-04
  1106   0.796208E-03   0.182486E-04
  1107   0.791328E-03   0.181530E-04
  1108   0.786478E-03   0.180579E-04
  1109   0.781658E-03   0.179632E-04
  1110   0.776868E-03   0.178690E-04
  1111   0.772107E-03   0.177753E-04
  1112   0.767375E-03   0.176821E-04
  1113   0.762672E-03   0.175894E-04
  1114   0.757998E-03   0.174971E-04
  1115   0.753352E-03   0.174053E-04
  1116   0.748735E-03   0.173139E-04
  1117   0.744146E-03   0.172231E-04
  1118   0.739586E-03   0.171327E-04
  1119   0.735053E-03   0.170427E-04
  1120   0.730548E-03   0.169532E-04
  1121   0.726071E-03   0.168642E-04
  1122   0.721621E-03   0.167756E-04
  1123   0.717198E-03   0.166875E-04
  1124   0.712803E-03   0.165998E-04
  1125   0.708434E-03   0.165126E-04
  1126   0.704092E-03   0.164258E-04
  1127   0.699777E-03   0.163394E-04
  1128   0.695489E-03   0.162535E-04
  1129   0.691226E-03   0.161681E-04
  1130   0.686990E-03   0.160831E-04
  1131   0.682780E-03   0.159985E-04
  1132   0.678595E-03   0.159143E-04
  1133   0.674436E-03   0.158306E-04
  1134   0.670303E-03   0.157473E-04
  1135   0.666195E-03   0.156644E-04
  1136   0.662112E-03   0.155820E-04
  1137   0.658054E-03   0.154999E-04
  1138   0.654021E-03   0.154183E-04
  1139   0.650013E-03   0.153371E-04
  1140   0.646029E-03   0.152564E-04
  1141   0.642070E-03   0.151760E-04
  1142   0.638134E-03   0.150961E-04
  1143   0.634224E-03   0.150165E-04
  1144   0.630337E-03   0.149374E-04
  1145   0.626473E-03   0.148587E-04
  1146   0.622634E-03   0.147804E-04
  1147   0.618818E-03   0.147024E-04
  1148   0.615026E-03   0.146249E-04
  1149   0.611256E-03   0.145478E-04
  1150   0.607510E-03   0.144711E-04
  1151   0.603787E-03   0.143947E-04
  1152   0.600086E-03   0.143188E-04
  1153   0.596409E-03   0.142432E-04
  1154   0.592753E-03   0.141681E-04
  1155   0.589121E-03   0.140933E-04
  1156   0.585510E-03   0.140189E-04
  1157   0.581922E-03   0.139449E-04
  1158   0.578355E-03   0.138713E-04
  1159   0.574811E-03   0.137980E-04
  1160   0.571288E-03   0.137251E-04
  1161   0.567787E-03   0.136526E-04
  1162   0.564307E-03   0.135805E-04
  1163   0.560848E-03   0.135088E-04
  1164   0.557411E-03   0.134374E-04
  1165   0.553995E-03   0.133664E-04
  1166   0.550600E-03   0.132957E-04
  1167   0.547225E-03   0.132254E-04
  1168   0.543872E-03   0.131555E-04
  1169   0.540538E-03   0.130859E-04
  1170   0.537226E-03   0.130167E-04
  1171   0.533933E-03   0.129479E-04
  1172   0.530661E-03   0.128794E-04
  1173   0.527408E-03   0.128112E-04
  1174   0.524176E-03   0.127434E-04
  1175   0.520964E-03   0.126760E-04
  1176   0.517771E-03   0.126089E-04
  1177   0.514598E-03   0.125421E-04
  1178   0.511444E-03   0.124757E-04
  1179   0.508309E-03   0.124097E-04
  1180   0.505194E-03   0.123439E-04
  1181   0.502098E-03   0.122785E-04
  1182   0.499021E-03   0.122135E-04
  1183   0.495962E-03   0.121488E-04
  1184   0.492923E-03   0.120844E-04
  1185   0.489902E-03   0.120204E-04
  1186   0.486899E-03   0.119567E-04
  1187   0.483915E-03   0.118933E-04
  1188   0.480949E-03   0.118302E-04
  1189   0.478002E-03   0.117675E-04
  1190   0.475072E-03   0.117051E-04
  1191   0.472161E-03   0.116430E-04
  1192   0.469267E-03   0.115812E-04
  1193   0.466391E-03   0.115198E-04
  1194   0.463533E-03   0.114587E-04
  1195   0.460692E-03   0.113979E-04
  1196   0.457868E-03   0.113374E-04
  1197   0.455062E-03   0.112772E-04
  1198   0.452273E-03   0.112173E-04
  1199   0.449502E-03   0.111578E-04
  1200   0.446747E-03   0.110985E-04
  1201   0.444009E-03   0.110396E-04
  1202   0.441288E-03   0.109809E-04
  1203   0.438583E-03   0.109226E-04
  1204   0.435895E-03   0.108646E-04
  1205   0.433224E-03   0.108069E-04
  1206   0.430569E-03   0.107494E-04
  1207   0.427930E-03   0.106923E-04
  1208   0.425307E-03   0.106355E-04
  1209   0.422701E-03   0.105789E-04
  1210   0.420110E-03   0.105227E-04
  1211   0.417535E-03   0.104667E-04
  1212   0.414976E-03   0.104110E-04
  1213   0.412433E-03   0.103557E-04
  1214   0.409905E-03   0.103006E-04
  1215   0.407393E-03   0.102458E-04
  1216   0.404896E-03   0.101913E-04
  1217   0.402415E-03   0.101370E-04
  1218   0.399949E-03   0.100831E-04
  1219   0.397497E-03   0.100294E-04
  1220   0.395061E-03   0.997600E-05
  1221   0.392640E-03   0.992288E-05
  1222   0.390234E-03   0.987004E-05
  1223   0.387842E-03   0.981747E-05
  1224   0.385465E-03   0.976518E-05
  1225   0.383103E-03   0.971316E-05
  1226   0.380755E-03   0.966141E-05
  1227   0.378421E-03   0.960993E-05
  1228   0.376102E-03   0.955872E-05
  1229   0.373797E-03   0.950778E-05
  1230   0.371506E-03   0.945710E-05
  1231   0.369229E-03   0.940668E-05
  1232   0.366967E-03   0.935653E-05
  1233   0.364717E-03   0.930663E-05
  1234   0.362482E-03   0.925700E-05
  1235   0.360261E-03   0.920763E-05
  1236   0.358053E-03   0.915851E-05
  1237   0.355858E-03   0.910965E-05
  1238   0.353677E-03   0.906105E-05
  1239   0.351510E-03   0.901269E-05
  1240   0.349356E-03   0.896459E-05
  1241   0.347214E-03   0.891675E-05
  1242   0.345087E-03   0.886915E-05
  1243   0.342972E-03   0.882180E-05
  1244   0.340870E-03   0.877469E-05
  1245   0.338781E-03   0.872783E-05
  1246   0.336704E-03   0.868122E-05
  1247   0.334641E-03   0.863485E-05
  1248   0.332590E-03   0.858872E-05
  1249   0.330551E-03   0.854284E-05
  1250   0.328526E-03   0.849719E-05
  1251   0.326512E-03   0.845178E-05
  1252   0.324511E-03   0.840661E-05
  1253   0.322522E-03   0.836167E-05
  1254   0.320546E-03   0.831697E-05
  1255   0.318581E-03   0.827251E-05
  1256   0.316629E-03   0.822827E-05
  1257   0.314688E-03   0.818427E-05
  1258   0.312760E-03   0.814050E-05
  1259   0.310843E-03   0.809695E-05
  1260   0.308938E-03   0.805364E-05
  1261   0.307044E-03   0.801055E-05
  1262   0.305162E-03   0.796768E-05
  1263   0.303292E-03   0.792504E-05
  1264   0.301433E-03   0.788263E-05
  1265   0.299586E-03   0.784043E-05
  1266   0.297750E-03   0.779846E-05
  1267   0.295925E-03   0.775671E-05
  1268   0.294112E-03   0.771517E-05
  1269   0.292309E-03   0.767386E-05
  1270   0.290518E-03   0.763276E-05
  1271   0.288737E-03   0.759187E-05
  1272   0.286968E-03   0.755120E-05
  1273   0.285209E-03   0.751074E-05
  1274   0.283461E-03   0.747050E-05
  1275   0.281724E-03   0.743047E-05
  1276   0.279997E-03   0.739064E-05
  1277   0.278281E-03   0.735103E-05
  1278   0.276575E-03   0.731162E-05
  1279   0.274880E-03   0.727242E-05
  1280   0.273196E-03   0.723342E-05
  1281   0.271521E-03   0.719463E-05
  1282   0.269857E-03   0.715605E-05
  1283   0.268204E-03   0.711766E-05
  1284   0.266560E-03   0.707948E-05
  1285   0.264926E-03   0.704150E-05
  1286   0.263302E-03   0.700372E-05
  1287   0.261689E-03   0.696614E-05
  1288   0.260085E-03   0.692875E-05
  1289   0.258491E-03   0.689156E-05
  1290   0.256907E-03   0.685457E-05
  1291   0.255332E-03   0.681777E-05
  1292   0.253767E-03   0.678116E-05
  1293   0.252212E-03   0.674475E-05
  1294   0.250666E-03   0.670852E-05
  1295   0.249130E-03   0.667249E-05
  1296   0.247603E-03   0.663665E-05
  1297   0.246086E-03   0.660100E-05
  1298   0.244578E-03   0.656553E-05
  1299   0.243079E-03   0.653025E-05
  1300   0.241589E-03   0.649516E-05
  1301   0.240108E-03   0.646025E-05
  1302   0.238637E-03   0.642553E-05
  1303   0.237174E-03   0.639099E-05
  1304   0.235721E-03   0.635663E-05
  1305   0.234276E-03   0.632245E-05
  1306   0.232840E-03   0.628845E-05
  1307   0.231413E-03   0.625463E-05
  1308   0.229995E-03   0.622099E-05
  1309   0.228585E-03   0.618752E-05
  1310   0.227185E-03   0.615423E-05
  1311   0.225792E-03   0.612112E-05
  1312   0.224408E-03   0.608819E-05
  1313   0.223033E-03   0.605542E-05
  1314   0.221666E-03   0.602283E-05
  1315   0.220308E-03   0.599041E-05
  1316   0.218957E-03   0.595816E-05
  1317   0.217616E-03   0.592609E-05
  1318   0.216282E-03   0.589418E-05
  1319   0.214956E-03   0.586244E-05
  1320   0.213639E-03   0.583086E-05
  1321   0.212330E-03   0.579946E-05
  1322   0.211028E-03   0.576822E-05
  1323   0.209735E-03   0.573714E-05
  1324   0.208450E-03   0.570623E-05
  1325   0.207172E-03   0.567549E-05
  1326   0.205902E-03   0.564490E-05
  1327   0.204640E-03   0.561448E-05
  1328   0.203386E-03   0.558421E-05
  1329   0.202140E-03   0.555411E-05
  1330   0.200901E-03   0.552417E-05
  1331   0.199670E-03   0.549438E-05
  1332   0.198446E-03   0.546476E-05
  1333   0.197230E-03   0.543529E-05
  1334   0.196021E-03   0.540597E-05
  1335   0.194820E-03   0.537681E-05
  1336   0.193626E-03   0.534780E-05
  1337   0.192439E-03   0.531895E-05
  1338   0.191260E-03   0.529025E-05
  1339   0.190087E-03   0.526171E-05
  1340   0.188922E-03   0.523331E-05
  1341   0.187765E-03   0.520506E-05
  1342   0.186614E-03   0.517697E-05
  1343   0.185470E-03   0.514902E-05
  1344   0.184333E-03   0.512122E-05
  1345   0.183204E-03   0.509357E-05
  1346   0.182081E-03   0.506606E-05
  1347   0.180965E-03   0.503870E-05
  1348   0.179856E-03   0.501149E-05
  1349   0.178754E-03   0.498441E-05
  1350   0.177658E-03   0.495749E-05
  1351   0.176569E-03   0.493070E-05
  1352   0.175487E-03   0.490406E-05
  1353   0.174412E-03   0.487756E-05
  1354   0.173343E-03   0.485120E-05
  1355   0.172280E-03   0.482498E-05
  1356   0.171225E-03   0.479890E-05
  1357   0.170175E-03   0.477295E-05
  1358   0.169132E-03   0.474715E-05
  1359   0.168096E-03   0.472148E-05
  1360   0.167065E-03   0.469595E-05
  1361   0.166042E-03   0.467055E-05
  1362   0.165024E-03   0.464529E-05
  1363   0.164013E-03   0.462016E-05
  1364   0.163007E-03   0.459516E-05
  1365   0.162008E-03   0.457030E-05
  1366   0.161015E-03   0.454557E-05
  1367   0.160029E-03   0.452097E-05
  1368   0.159048E-03   0.449651E-05
  1369   0.158073E-03   0.447217E-05
  1370   0.157104E-03   0.444796E-05
  1371   0.156142E-03   0.442388E-05
  1372   0.155185E-03   0.439993E-05
  1373   0.154233E-03   0.437611E-05
  1374   0.153288E-03   0.435241E-05
  1375   0.152349E-03   0.432884E-05
  1376   0.151415E-03   0.430539E-05
  1377   0.150487E-03   0.428207E-05
  1378   0.149565E-03   0.425887E-05
  1379   0.148648E-03   0.423580E-05
  1380   0.147737E-03   0.421285E-05
  1381   0.146832E-03   0.419002E-05
  1382   0.145932E-03   0.416731E-05
  1383   0.145037E-03   0.414473E-05
  1384   0.144149E-03   0.412226E-05
  1385   0.143265E-03   0.409991E-05
  1386   0.142387E-03   0.407768E-05
  1387   0.141514E-03   0.405558E-05
  1388   0.140647E-03   0.403358E-05
  1389   0.139785E-03   0.401171E-05
  1390   0.138929E-03   0.398995E-05
  1391   0.138077E-03   0.396831E-05
  1392   0.137231E-03   0.394678E-05
  1393   0.136390E-03   0.392537E-05
  1394   0.135554E-03   0.390408E-05
  1395   0.134723E-03   0.388289E-05
  1396   0.133897E-03   0.386182E-05
  1397   0.133077E-03   0.384086E-05
  1398   0.132261E-03   0.382002E-05
  1399   0.131451E-03   0.379928E-05
  1400   0.130645E-03   0.377866E-05
  1401   0.129844E-03   0.375814E-05
  1402   0.129049E-03   0.373773E-05
  1403   0.128258E-03   0.371744E-05
  1404   0.127472E-03   0.369725E-05
  1405   0.126690E-03   0.367717E-05
  1406   0.125914E-03   0.365720E-05
  1407   0.125142E-03   0.363733E-05
  1408   0.124375E-03   0.361757E-05
  1409   0.123613E-03   0.359791E-05
  1410   0.122855E-03   0.357836E-05
  1411   0.122103E-03   0.355892E-05
  1412   0.121354E-03   0.353958E-05
  1413   0.120610E-03   0.352034E-05
  1414   0.119871E-03   0.350120E-05
  1415   0.119137E-03   0.348217E-05
  1416   0.118406E-03   0.346324E-05
  1417   0.117681E-03   0.344441E-05
  1418   0.116960E-03   0.342568E-05
  1419   0.116243E-03   0.340705E-05
  1420   0.115530E-03   0.338852E-05
  1421   0.114822E-03   0.337009E-05
  1422   0.114119E-03   0.335176E-05
  1423   0.113419E-03   0.333352E-05
  1424   0.112724E-03   0.331539E-05
  1425   0.112033E-03   0.329735E-05
  1426   0.111347E-03   0.327941E-05
  1427   0.110664E-03   0.326156E-05
  1428   0.109986E-03   0.324381E-05
  1429   0.109312E-03   0.322615E-05
  1430   0.108642E-03   0.320859E-05
  1431   0.107976E-03   0.319112E-05
  1432   0.107314E-03   0.317375E-05
  1433   0.106657E-03   0.315647E-05
  1434   0.106003E-03   0.313928E-05
  1435   0.105353E-03   0.312218E-05
  1436   0.104708E-03   0.310518E-05
  1437   0.104066E-03   0.308826E-05
  1438   0.103428E-03   0.307144E-05
  1439   0.102794E-03   0.305471E-05
  1440   0.102164E-03   0.303806E-05
  1441   0.101538E-03   0.302151E-05
  1442   0.100916E-03   0.300504E-05
  1443   0.100297E-03   0.298867E-05
  1444   0.996827E-04   0.297238E-05
  1445   0.990718E-04   0.295618E-05
  1446   0.984646E-04   0.294006E-05
  1447   0.978612E-04   0.292403E-05
  1448   0.972614E-04   0.290809E-05
  1449   0.966653E-04   0.289223E-05
  1450   0.960729E-04   0.287646E-05
  1451   0.954841E-04   0.286077E-05
  1452   0.948989E-04   0.284517E-05
  1453   0.943173E-04   0.282965E-05
  1454   0.937392E-04   0.281422E-05
  1455   0.931647E-04   0.279886E-05
  1456   0.925938E-04   0.278359E-05
  1457   0.920263E-04   0.276840E-05
  1458   0.914623E-04   0.275330E-05
  1459   0.909018E-04   0.273827E-05
  1460   0.903446E-04   0.272333E-05
  1461   0.897909E-04   0.270846E-05
  1462   0.892406E-04   0.269368E-05
  1463   0.886937E-04   0.267897E-05
  1464   0.881501E-04   0.266435E-05
  1465   0.876099E-04   0.264980E-05
  1466   0.870730E-04   0.263533E-05
  1467   0.865393E-04   0.262094E-05
  1468   0.860090E-04   0.260662E-05
  1469   0.854818E-04   0.259238E-05
  1470   0.849579E-04   0.257822E-05
  1471   0.844373E-04   0.256414E-05
  1472   0.839198E-04   0.255013E-05
  1473   0.834055E-04   0.253620E-05
  1474   0.828943E-04   0.252234E-05
  1475   0.823863E-04   0.250855E-05
  1476   0.818813E-04   0.249484E-05
  1477   0.813795E-04   0.248121E-05
  1478   0.808808E-04   0.246764E-05
  1479   0.803851E-04   0.245416E-05
  1480   0.798924E-04   0.244074E-05
  1481   0.794028E-04   0.242739E-05
  1482   0.789161E-04   0.241412E-05
  1483   0.784325E-04   0.240092E-05
  1484   0.779518E-04   0.238779E-05
  1485   0.774741E-04   0.237473E-05
  1486   0.769993E-04   0.236174E-05
  1487   0.765273E-04   0.234882E-05
  1488   0.760583E-04   0.233597E-05
  1489   0.755922E-04   0.232319E-05
  1490   0.751289E-04   0.231048E-05
  1491   0.746685E-04   0.229784E-05
  1492   0.742109E-04   0.228526E-05
  1493   0.737560E-04   0.227275E-05
  1494   0.733040E-04   0.226031E-05
  1495   0.728548E-04   0.224794E-05
  1496   0.724083E-04   0.223564E-05
  1497   0.719645E-04   0.222340E-05
  1498   0.715234E-04   0.221122E-05
  1499   0.710851E-04   0.219912E-05
  1500   0.706494E-04   0.218707E-05
  1501   0.702165E-04   0.217510E-05
  1502   0.697861E-04   0.216318E-05
  1503   0.693584E-04   0.215133E-05
  1504   0.689333E-04   0.213955E-05
  1505   0.685109E-04   0.212783E-05
  1506   0.680910E-04   0.211617E-05
  1507   0.676737E-04   0.210458E-05
  1508   0.672589E-04   0.209304E-05
  1509   0.668467E-04   0.208157E-05
  1510   0.664370E-04   0.207017E-05
  1511   0.660299E-04   0.205882E-05
  1512   0.656252E-04   0.204754E-05
  1513   0.652230E-04   0.203631E-05
  1514   0.648233E-04   0.202515E-05
  1515   0.644260E-04   0.201404E-05
  1516   0.640311E-04   0.200300E-05
  1517   0.636387E-04   0.199202E-05
  1518   0.632487E-04   0.198109E-05
  1519   0.628611E-04   0.197023E-05
  1520   0.624758E-04   0.195942E-05
  1521   0.620929E-04   0.194868E-05
  1522   0.617124E-04   0.193799E-05
  1523   0.613341E-04   0.192735E-05
  1524   0.609583E-04   0.191678E-05
  1525   0.605847E-04   0.190626E-05
  1526   0.602134E-04   0.189580E-05
  1527   0.598443E-04   0.188540E-05
  1528   0.594776E-04   0.187505E-05
  1529   0.591130E-04   0.186476E-05
  1530   0.587508E-04   0.185452E-05
  1531   0.583907E-04   0.184434E-05
  1532   0.580328E-04   0.183422E-05
  1533   0.576772E-04   0.182415E-05
  1534   0.573237E-04   0.181413E-05
  1535   0.569724E-04   0.180417E-05
  1536   0.566232E-04   0.179426E-05
  1537   0.562762E-04   0.178441E-05
  1538   0.559313E-04   0.177461E-05
  1539   0.555885E-04   0.176486E-05
  1540   0.552478E-04   0.175517E-05
  1541   0.549092E-04   0.174552E-05
  1542   0.545727E-04   0.173593E-05
  1543   0.542382E-04   0.172639E-05
  1544   0.539058E-04   0.171691E-05
  1545   0.535754E-04   0.170747E-05
  1546   0.532471E-04   0.169809E-05
  1547   0.529208E-04   0.168876E-05
  1548   0.525964E-04   0.167947E-05
  1549   0.522741E-04   0.167024E-05
  1550   0.519537E-04   0.166106E-05
  1551   0.516353E-04   0.165193E-05
  1552   0.513189E-04   0.164284E-05
  1553   0.510043E-04   0.163381E-05
  1554   0.506917E-04   0.162483E-05
  1555   0.503811E-04   0.161589E-05
  1556   0.500723E-04   0.160700E-05
  1557   0.497654E-04   0.159816E-05
  1558   0.494604E-04   0.158937E-05
  1559   0.491573E-04   0.158063E-05
  1560   0.488560E-04   0.157193E-05
  1561   0.485566E-04   0.156329E-05
  1562   0.482590E-04   0.155468E-05
  1563   0.479633E-04   0.154613E-05
  1564   0.476693E-04   0.153762E-05
  1565   0.473772E-04   0.152916E-05
  1566   0.470868E-04   0.152074E-05
  1567   0.467982E-04   0.151237E-05
  1568   0.465114E-04   0.150405E-05
  1569   0.462264E-04   0.149577E-05
  1570   0.459430E-04   0.148753E-05
  1571   0.456615E-04   0.147934E-05
  1572   0.453816E-04   0.147119E-05
  1573   0.451035E-04   0.146309E-05
  1574   0.448271E-04   0.145503E-05
  1575   0.445523E-04   0.144702E-05
  1576   0.442793E-04   0.143905E-05
  1577   0.440079E-04   0.143112E-05
  1578   0.437382E-04   0.142324E-05
  1579   0.434702E-04   0.141540E-05
  1580   0.432037E-04   0.140760E-05
  1581   0.429390E-04   0.139985E-05
  1582   0.426758E-04   0.139213E-05
  1583   0.424143E-04   0.138446E-05
  1584   0.421543E-04   0.137683E-05
  1585   0.418960E-04   0.136924E-05
  1586   0.416392E-04   0.136169E-05
  1587   0.413840E-04   0.135419E-05
  1588   0.411304E-04   0.134672E-05
  1589   0.408783E-04   0.133930E-05
  1590   0.406278E-04   0.133191E-05
  1591   0.403788E-04   0.132457E-05
  1592   0.401313E-04   0.131726E-05
  1593   0.398853E-04   0.131000E-05
  1594   0.396409E-04   0.130278E-05
  1595   0.393980E-04   0.129559E-05
  1596   0.391565E-04   0.128844E-05
  1597   0.389165E-04   0.128134E-05
  1598   0.386780E-04   0.127427E-05
  1599   0.384410E-04   0.126724E-05
  1600   0.382054E-04   0.126025E-05
  1601   0.379712E-04   0.125329E-05
  1602   0.377385E-04   0.124638E-05
  1603   0.375072E-04   0.123950E-05
  1604   0.372774E-04   0.123266E-05
  1605   0.370489E-04   0.122585E-05
  1606   0.368218E-04   0.121909E-05
  1607   0.365962E-04   0.121236E-05
  1608   0.363719E-04   0.120566E-05
  1609   0.361490E-04   0.119901E-05
  1610   0.359274E-04   0.119239E-05
  1611   0.357072E-04   0.118580E-05
  1612   0.354884E-04   0.117925E-05
  1613   0.352709E-04   0.117274E-05
  1614   0.350547E-04   0.116627E-05
  1615   0.348399E-04   0.115982E-05
  1616   0.346264E-04   0.115342E-05
  1617   0.344142E-04   0.114705E-05
  1618   0.342032E-04   0.114071E-05
  1619   0.339936E-04   0.113441E-05
  1620   0.337853E-04   0.112814E-05
  1621   0.335782E-04   0.112191E-05
  1622   0.333724E-04   0.111571E-05
  1623   0.331679E-04   0.110954E-05
  1624   0.329646E-04   0.110341E-05
  1625   0.327626E-04   0.109731E-05
  1626   0.325618E-04   0.109124E-05
  1627   0.323623E-04   0.108521E-05
  1628   0.321639E-04   0.107921E-05
  1629   0.319668E-04   0.107325E-05
  1630   0.317709E-04   0.106731E-05
  1631   0.315762E-04   0.106141E-05
  1632   0.313826E-04   0.105554E-05
  1633   0.311903E-04   0.104970E-05
  1634   0.309992E-04   0.104390E-05
  1635   0.308092E-04   0.103813E-05
  1636   0.306204E-04   0.103238E-05
  1637   0.304327E-04   0.102667E-05
  1638   0.302462E-04   0.102099E-05
  1639   0.300608E-04   0.101535E-05
  1640   0.298766E-04   0.100973E-05
  1641   0.296935E-04   0.100414E-05
  1642   0.295115E-04   0.998584E-06
  1643   0.293306E-04   0.993058E-06
  1644   0.291509E-04   0.987563E-06
  1645   0.289722E-04   0.982097E-06
  1646   0.287946E-04   0.976661E-06
  1647   0.286182E-04   0.971255E-06
  1648   0.284428E-04   0.965879E-06
  1649   0.282685E-04   0.960532E-06
  1650   0.280952E-04   0.955214E-06
  1651   0.279230E-04   0.949925E-06
  1652   0.277519E-04   0.944665E-06
  1653   0.275818E-04   0.939434E-06
  1654   0.274128E-04   0.934232E-06
  1655   0.272448E-04   0.929058E-06
  1656   0.270778E-04   0.923912E-06
  1657   0.269118E-04   0.918795E-06
  1658   0.267469E-04   0.913706E-06
  1659   0.265830E-04   0.908644E-06
  1660   0.264201E-04   0.903610E-06
  1661   0.262582E-04   0.898604E-06
  1662   0.260972E-04   0.893625E-06
  1663   0.259373E-04   0.888673E-06
  1664   0.257783E-04   0.883749E-06
  1665   0.256203E-04   0.878851E-06
  1666   0.254633E-04   0.873981E-06
  1667   0.253073E-04   0.869137E-06
  1668   0.251522E-04   0.864319E-06
  1669   0.249980E-04   0.859528E-06
  1670   0.248448E-04   0.854763E-06
  1671   0.246925E-04   0.850024E-06
  1672   0.245412E-04   0.845312E-06
  1673   0.243908E-04   0.840625E-06
  1674   0.242413E-04   0.835963E-06
  1675   0.240927E-04   0.831328E-06
  1676   0.239451E-04   0.826717E-06
  1677   0.237983E-04   0.822132E-06
  1678   0.236525E-04   0.817573E-06
  1679   0.235075E-04   0.813038E-06
  1680   0.233635E-04   0.808528E-06
  1681   0.232203E-04   0.804042E-06
  1682   0.230780E-04   0.799582E-06
  1683   0.229365E-04   0.795146E-06
  1684   0.227960E-04   0.790734E-06
  1685   0.226562E-04   0.786346E-06
  1686   0.225174E-04   0.781982E-06
  1687   0.223794E-04   0.777643E-06
  1688   0.222422E-04   0.773327E-06
  1689   0.221059E-04   0.769035E-06
  1690   0.219704E-04   0.764766E-06
  1691   0.218358E-04   0.760521E-06
  1692   0.217020E-04   0.756299E-06
  1693   0.215690E-04   0.752100E-06
  1694   0.214368E-04   0.747925E-06
  1695   0.213054E-04   0.743772E-06
  1696   0.211748E-04   0.739642E-06
  1697   0.210450E-04   0.735535E-06
  1698   0.209161E-04   0.731450E-06
  1699   0.207879E-04   0.727388E-06
  1700   0.206605E-04   0.723348E-06
  1701   0.205339E-04   0.719330E-06
  1702   0.204080E-04   0.715334E-06
  1703   0.202829E-04   0.711361E-06
  1704   0.201586E-04   0.707409E-06
  1705   0.200351E-04   0.703478E-06
  1706   0.199123E-04   0.699570E-06
  1707   0.197903E-04   0.695683E-06
  1708   0.196690E-04   0.691817E-06
  1709   0.195484E-04   0.687972E-06
  1710   0.194286E-04   0.684149E-06
  1711   0.193095E-04   0.680347E-06
  1712   0.191912E-04   0.676565E-06
  1713   0.190736E-04   0.672804E-06
  1714   0.189567E-04   0.669064E-06
  1715   0.188405E-04   0.665345E-06
  1716   0.187250E-04   0.661646E-06
  1717   0.186103E-04   0.657967E-06
  1718   0.184962E-04   0.654309E-06
  1719   0.183829E-04   0.650671E-06
  1720   0.182702E-04   0.647052E-06
  1721   0.181582E-04   0.643454E-06
  1722   0.180469E-04   0.639875E-06
  1723   0.179363E-04   0.636316E-06
  1724   0.178264E-04   0.632777E-06
  1725   0.177172E-04   0.629257E-06
  1726   0.176086E-04   0.625757E-06
  1727   0.175007E-04   0.622275E-06
  1728   0.173934E-04   0.618813E-06
  1729   0.172868E-04   0.615370E-06
  1730   0.171809E-04   0.611946E-06
  1731   0.170756E-04   0.608541E-06
  1732   0.169709E-04   0.605155E-06
  1733   0.168669E-04   0.601787E-06
  1734   0.167635E-04   0.598438E-06
  1735   0.166608E-04   0.595107E-06
  1736   0.165587E-04   0.591794E-06
  1737   0.164572E-04   0.588500E-06
  1738   0.163563E-04   0.585224E-06
  1739   0.162561E-04   0.581966E-06
  1740   0.161565E-04   0.578726E-06
  1741   0.160575E-04   0.575504E-06
  1742   0.159590E-04   0.572299E-06
  1743   0.158612E-04   0.569112E-06
  1744   0.157640E-04   0.565943E-06
  1745   0.156674E-04   0.562791E-06
  1746   0.155714E-04   0.559657E-06
  1747   0.154760E-04   0.556539E-06
  1748   0.153811E-04   0.553439E-06
  1749   0.152869E-04   0.550357E-06
  1750   0.151932E-04   0.547291E-06
  1751   0.151000E-04   0.544242E-06
  1752   0.150075E-04   0.541209E-06
  1753   0.149155E-04   0.538194E-06
  1754   0.148241E-04   0.535195E-06
  1755   0.147333E-04   0.532213E-06
  1756   0.146430E-04   0.529247E-06
  1757   0.145532E-04   0.526297E-06
  1758   0.144640E-04   0.523364E-06
  1759   0.143754E-04   0.520447E-06
  1760   0.142873E-04   0.517546E-06
  1761   0.141997E-04   0.514661E-06
  1762   0.141127E-04   0.511792E-06
  1763   0.140262E-04   0.508939E-06
  1764   0.139402E-04   0.506101E-06
  1765   0.138548E-04   0.503279E-06
  1766   0.137699E-04   0.500473E-06
  1767   0.136855E-04   0.497682E-06
  1768   0.136016E-04   0.494907E-06
  1769   0.135183E-04   0.492147E-06
  1770   0.134354E-04   0.489402E-06
  1771   0.133531E-04   0.486672E-06
  1772   0.132712E-04   0.483958E-06
  1773   0.131899E-04   0.481258E-06
  1774   0.131091E-04   0.478574E-06
  1775   0.130287E-04   0.475904E-06
  1776   0.129489E-04   0.473249E-06
  1777   0.128695E-04   0.470608E-06
  1778   0.127906E-04   0.467982E-06
  1779   0.127123E-04   0.465371E-06
  1780   0.126344E-04   0.462774E-06
  1781   0.125569E-04   0.460191E-06
  1782   0.124800E-04   0.457623E-06
  1783   0.124035E-04   0.455069E-06
  1784   0.123275E-04   0.452529E-06
  1785   0.122519E-04   0.450003E-06
  1786   0.121768E-04   0.447491E-06
  1787   0.121022E-04   0.444993E-06
  1788   0.120280E-04   0.442508E-06
  1789   0.119543E-04   0.440038E-06
  1790   0.118810E-04   0.437581E-06
  1791   0.118082E-04   0.435137E-06
  1792   0.117359E-04   0.432708E-06
  1793   0.116639E-04   0.430291E-06
  1794   0.115924E-04   0.427888E-06
  1795   0.115214E-04   0.425498E-06
  1796   0.114508E-04   0.423122E-06
  1797   0.113806E-04   0.420758E-06
  1798   0.113109E-04   0.418408E-06
  1799   0.112415E-04   0.416071E-06
  1800   0.111726E-04   0.413746E-06
  1801   0.111042E-04   0.411435E-06
  1802   0.110361E-04   0.409136E-06
  1803   0.109685E-04   0.406850E-06
  1804   0.109013E-04   0.404577E-06
  1805   0.108344E-04   0.402316E-06
  1806   0.107680E-04   0.400067E-06
  1807   0.107021E-04   0.397832E-06
  1808   0.106365E-04   0.395608E-06
  1809   0.105713E-04   0.393397E-06
  1810   0.105065E-04   0.391198E-06
  1811   0.104421E-04   0.389011E-06
  1812   0.103781E-04   0.386836E-06
  1813   0.103145E-04   0.384674E-06
  1814   0.102513E-04   0.382523E-06
  1815   0.101885E-04   0.380384E-06
  1816   0.101260E-04   0.378258E-06
  1817   0.100640E-04   0.376142E-06
  1818   0.100023E-04   0.374039E-06
  1819   0.994098E-05   0.371947E-06
  1820   0.988005E-05   0.369867E-06
  1821   0.981950E-05   0.367798E-06
  1822   0.975932E-05   0.365741E-06
  1823   0.969951E-05   0.363695E-06
  1824   0.964006E-05   0.361661E-06
  1825   0.958098E-05   0.359638E-06
  1826   0.952226E-05   0.357626E-06
  1827   0.946390E-05   0.355625E-06
  1828   0.940590E-05   0.353635E-06
  1829   0.934826E-05   0.351657E-06
  1830   0.929096E-05   0.349689E-06
  1831   0.923402E-05   0.347732E-06
  1832   0.917743E-05   0.345786E-06
  1833   0.912119E-05   0.343851E-06
  1834   0.906528E-05   0.341926E-06
  1835   0.900973E-05   0.340013E-06
  1836   0.895451E-05   0.338109E-06
  1837   0.889963E-05   0.336217E-06
  1838   0.884509E-05   0.334335E-06
  1839   0.879088E-05   0.332463E-06
  1840   0.873700E-05   0.330601E-06
  1841   0.868345E-05   0.328750E-06
  1842   0.863024E-05   0.326910E-06
  1843   0.857734E-05   0.325079E-06
  1844   0.852478E-05   0.323259E-06
  1845   0.847253E-05   0.321449E-06
  1846   0.842061E-05   0.319648E-06
  1847   0.836900E-05   0.317858E-06
  1848   0.831771E-05   0.316078E-06
  1849   0.826673E-05   0.314307E-06
  1850   0.821607E-05   0.312547E-06
  1851   0.816571E-05   0.310796E-06
  1852   0.811567E-05   0.309055E-06
  1853   0.806593E-05   0.307323E-06
  1854   0.801650E-05   0.305602E-06
  1855   0.796737E-05   0.303889E-06
  1856   0.791854E-05   0.302187E-06
  1857   0.787001E-05   0.300493E-06
  1858   0.782177E-05   0.298809E-06
  1859   0.777384E-05   0.297135E-06
  1860   0.772619E-05   0.295469E-06
  1861   0.767884E-05   0.293813E-06
  1862   0.763178E-05   0.292167E-06
  1863   0.758501E-05   0.290529E-06
  1864   0.753852E-05   0.288900E-06
  1865   0.749232E-05   0.287281E-06
  1866   0.744640E-05   0.285670E-06
  1867   0.740077E-05   0.284069E-06
  1868   0.735541E-05   0.282476E-06
  1869   0.731033E-05   0.280892E-06
  1870   0.726553E-05   0.279317E-06
  1871   0.722100E-05   0.277751E-06
  1872   0.717674E-05   0.276193E-06
  1873   0.713276E-05   0.274644E-06
  1874   0.708905E-05   0.273104E-06
  1875   0.704560E-05   0.271572E-06
  1876   0.700242E-05   0.270049E-06
  1877   0.695950E-05   0.268534E-06
  1878   0.691685E-05   0.267028E-06
  1879   0.687446E-05   0.265530E-06
  1880   0.683233E-05   0.264040E-06
  1881   0.679045E-05   0.262559E-06
  1882   0.674884E-05   0.261086E-06
  1883   0.670748E-05   0.259621E-06
  1884   0.666637E-05   0.258164E-06
  1885   0.662551E-05   0.256715E-06
  1886   0.658491E-05   0.255275E-06
  1887   0.654455E-05   0.253842E-06
  1888   0.650444E-05   0.252418E-06
  1889   0.646458E-05   0.251001E-06
  1890   0.642496E-05   0.249592E-06
  1891   0.638558E-05   0.248191E-06
  1892   0.634645E-05   0.246798E-06
  1893   0.630755E-05   0.245412E-06
  1894   0.626889E-05   0.244035E-06
  1895   0.623047E-05   0.242664E-06
  1896   0.619229E-05   0.241302E-06
  1897   0.615434E-05   0.239947E-06
  1898   0.611662E-05   0.238600E-06
  1899   0.607913E-05   0.237260E-06
  1900   0.604188E-05   0.235928E-06
  1901   0.600485E-05   0.234603E-06
  1902   0.596805E-05   0.233285E-06
  1903   0.593147E-05   0.231975E-06
  1904   0.589512E-05   0.230672E-06
  1905   0.585899E-05   0.229376E-06
  1906   0.582308E-05   0.228088E-06
  1907   0.578739E-05   0.226806E-06
  1908   0.575192E-05   0.225532E-06
  1909   0.571667E-05   0.224265E-06
  1910   0.568164E-05   0.223005E-06
  1911   0.564682E-05   0.221752E-06
  1912   0.561221E-05   0.220506E-06
  1913   0.557781E-05   0.219267E-06
  1914   0.554363E-05   0.218035E-06
  1915   0.550965E-05   0.216810E-06
  1916   0.547589E-05   0.215591E-06
  1917   0.544233E-05   0.214379E-06
  1918   0.540897E-05   0.213174E-06
  1919   0.537582E-05   0.211976E-06
  1920   0.534287E-05   0.210785E-06
  1921   0.531013E-05   0.209600E-06
  1922   0.527759E-05   0.208421E-06
  1923   0.524524E-05   0.207250E-06
  1924   0.521310E-05   0.206085E-06
  1925   0.518115E-05   0.204926E-06
  1926   0.514939E-05   0.203774E-06
  1927   0.511783E-05   0.202628E-06
  1928   0.508647E-05   0.201488E-06
  1929   0.505529E-05   0.200355E-06
  1930   0.502431E-05   0.199229E-06
  1931   0.499352E-05   0.198108E-06
  1932   0.496292E-05   0.196994E-06
  1933   0.493250E-05   0.195886E-06
  1934   0.490227E-05   0.194784E-06
  1935   0.487223E-05   0.193688E-06
  1936   0.484237E-05   0.192599E-06
  1937   0.481269E-05   0.191515E-06
  1938   0.478319E-05   0.190438E-06
  1939   0.475388E-05   0.189366E-06
  1940   0.472474E-05   0.188301E-06
  1941   0.469579E-05   0.187241E-06
  1942   0.466701E-05   0.186188E-06
  1943   0.463840E-05   0.185140E-06
  1944   0.460998E-05   0.184098E-06
  1945   0.458172E-05   0.183062E-06
  1946   0.455364E-05   0.182032E-06
  1947   0.452574E-05   0.181007E-06
  1948   0.449800E-05   0.179988E-06
  1949   0.447043E-05   0.178975E-06
  1950   0.444304E-05   0.177968E-06
  1951   0.441581E-05   0.176966E-06
  1952   0.438874E-05   0.175970E-06
  1953   0.436184E-05   0.174979E-06
  1954   0.433511E-05   0.173994E-06
  1955   0.430854E-05   0.173014E-06
  1956   0.428214E-05   0.172040E-06
  1957   0.425589E-05   0.171071E-06
  1958   0.422981E-05   0.170108E-06
  1959   0.420389E-05   0.169150E-06
  1960   0.417812E-05   0.168197E-06
  1961   0.415252E-05   0.167250E-06
  1962   0.412707E-05   0.166308E-06
  1963   0.410177E-05   0.165371E-06
  1964   0.407664E-05   0.164440E-06
  1965   0.405165E-05   0.163514E-06
  1966   0.402682E-05   0.162593E-06
  1967   0.400214E-05   0.161677E-06
  1968   0.397761E-05   0.160766E-06
  1969   0.395324E-05   0.159860E-06
  1970   0.392901E-05   0.158959E-06
  1971   0.390493E-05   0.158064E-06
  1972   0.388100E-05   0.157173E-06
  1973   0.385721E-05   0.156287E-06
  1974   0.383357E-05   0.155407E-06
  1975   0.381008E-05   0.154531E-06
  1976   0.378673E-05   0.153660E-06
  1977   0.376352E-05   0.152794E-06
  1978   0.374045E-05   0.151933E-06
  1979   0.371753E-05   0.151076E-06
  1980   0.369475E-05   0.150225E-06
  1981   0.367210E-05   0.149378E-06
  1982   0.364960E-05   0.148536E-06
  1983   0.362723E-05   0.147698E-06
  1984   0.360500E-05   0.146866E-06
  1985   0.358290E-05   0.146038E-06
  1986   0.356095E-05   0.145214E-06
  1987   0.353912E-05   0.144395E-06
  1988   0.351743E-05   0.143581E-06
  1989   0.349588E-05   0.142772E-06
  1990   0.347445E-05   0.141966E-06
  1991   0.345316E-05   0.141166E-06
  1992   0.343199E-05   0.140370E-06
  1993   0.341096E-05   0.139578E-06
  1994   0.339005E-05   0.138791E-06
  1995   0.336928E-05   0.138008E-06
  1996   0.334863E-05   0.137229E-06
  1997   0.332811E-05   0.136455E-06
  1998   0.330771E-05   0.135685E-06
  1999   0.328744E-05   0.134920E-06
  2000   0.326729E-05   0.134159E-06
  2001   0.324727E-05   0.133402E-06
  2002   0.322736E-05   0.132649E-06
  2003   0.320758E-05   0.131901E-06
  2004   0.318793E-05   0.131156E-06
  2005   0.316839E-05   0.130416E-06
  2006   0.314897E-05   0.129680E-06
  2007   0.312967E-05   0.128948E-06
  2008   0.311049E-05   0.128221E-06
  2009   0.309143E-05   0.127497E-06
  2010   0.307248E-05   0.126777E-06
  2011   0.305365E-05   0.126062E-06
  2012   0.303494E-05   0.125350E-06
  2013   0.301634E-05   0.124642E-06
  2014   0.299785E-05   0.123939E-06
  2015   0.297948E-05   0.123239E-06
  2016   0.296122E-05   0.122543E-06
  2017   0.294307E-05   0.121851E-06
  2018   0.292503E-05   0.121163E-06
  2019   0.290710E-05   0.120479E-06
  2020   0.288929E-05   0.119799E-06
  2021   0.287158E-05   0.119122E-06
  2022   0.285398E-05   0.118450E-06
  2023   0.283649E-05   0.117781E-06
  2024   0.281911E-05   0.117116E-06
  2025   0.280183E-05   0.116454E-06
  2026   0.278466E-05   0.115796E-06
  2027   0.276759E-05   0.115142E-06
  2028   0.275063E-05   0.114492E-06
  2029   0.273377E-05   0.113845E-06
  2030   0.271702E-05   0.113202E-06
  2031   0.270037E-05   0.112562E-06
  2032   0.268382E-05   0.111926E-06
  2033   0.266737E-05   0.111294E-06
  2034   0.265102E-05   0.110665E-06
  2035   0.263477E-05   0.110040E-06
  2036   0.261863E-05   0.109418E-06
  2037   0.260258E-05   0.108800E-06
  2038   0.258663E-05   0.108185E-06
  2039   0.257077E-05   0.107574E-06
  2040   0.255502E-05   0.106966E-06
  2041   0.253936E-05   0.106361E-06
  2042   0.252380E-05   0.105760E-06
  2043   0.250833E-05   0.105162E-06
  2044   0.249296E-05   0.104568E-06
  2045   0.247768E-05   0.103977E-06
  2046   0.246249E-05   0.103389E-06
  2047   0.244740E-05   0.102804E-06
  2048   0.243240E-05   0.102223E-06
  2049   0.241749E-05   0.101645E-06
  2050   0.240268E-05   0.101071E-06
  2051   0.238795E-05   0.100499E-06
  2052   0.237332E-05   0.999308E-07
  2053   0.235877E-05   0.993657E-07
  2054   0.234432E-05   0.988038E-07
  2055   0.232995E-05   0.982450E-07
  2056   0.231567E-05   0.976894E-07
  2057   0.230148E-05   0.971369E-07
  2058   0.228737E-05   0.965875E-07
  2059   0.227335E-05   0.960412E-07
  2060   0.225942E-05   0.954980E-07
  2061   0.224557E-05   0.949578E-07
  2062   0.223181E-05   0.944206E-07
  2063   0.221813E-05   0.938865E-07
  2064   0.220454E-05   0.933554E-07
  2065   0.219103E-05   0.928272E-07
  2066   0.217760E-05   0.923020E-07
  2067   0.216425E-05   0.917798E-07
  2068   0.215099E-05   0.912605E-07
  2069   0.213781E-05   0.907441E-07
  2070   0.212471E-05   0.902306E-07
  2071   0.211168E-05   0.897200E-07
  2072   0.209874E-05   0.892122E-07
  2073   0.208588E-05   0.887074E-07
  2074   0.207310E-05   0.882053E-07
  2075   0.206039E-05   0.877061E-07
  2076   0.204776E-05   0.872097E-07
  2077   0.203521E-05   0.867160E-07
  2078   0.202274E-05   0.862252E-07
  2079   0.201034E-05   0.857371E-07
  2080   0.199802E-05   0.852517E-07
  2081   0.198578E-05   0.847691E-07
  2082   0.197361E-05   0.842892E-07
  2083   0.196151E-05   0.838120E-07
  2084   0.194949E-05   0.833374E-07
  2085   0.193754E-05   0.828656E-07
  2086   0.192567E-05   0.823963E-07
  2087   0.191387E-05   0.819298E-07
  2088   0.190214E-05   0.814658E-07
  2089   0.189048E-05   0.810045E-07
  2090   0.187889E-05   0.805457E-07
  2091   0.186738E-05   0.800895E-07
  2092   0.185593E-05   0.796359E-07
  2093   0.184456E-05   0.791849E-07
  2094   0.183325E-05   0.787364E-07
  2095   0.182202E-05   0.782904E-07
  2096   0.181085E-05   0.778469E-07
  2097   0.179975E-05   0.774059E-07
  2098   0.178872E-05   0.769674E-07
  2099   0.177776E-05   0.765313E-07
  2100   0.176687E-05   0.760978E-07
  2101   0.175604E-05   0.756666E-07
  2102   0.174527E-05   0.752379E-07
  2103   0.173458E-05   0.748116E-07
  2104   0.172395E-05   0.743877E-07
  2105   0.171338E-05   0.739661E-07
  2106   0.170288E-05   0.735470E-07
  2107   0.169244E-05   0.731302E-07
  2108   0.168207E-05   0.727157E-07
  2109   0.167176E-05   0.723036E-07
  2110   0.166152E-05   0.718938E-07
  2111   0.165133E-05   0.714863E-07
  2112   0.164121E-05   0.710811E-07
  2113   0.163116E-05   0.706782E-07
  2114   0.162116E-05   0.702775E-07
  2115   0.161122E-05   0.698791E-07
  2116   0.160135E-05   0.694830E-07
  2117   0.159153E-05   0.690891E-07
  2118   0.158178E-05   0.686974E-07
  2119   0.157209E-05   0.683079E-07
  2120   0.156245E-05   0.679205E-07
  2121   0.155288E-05   0.675354E-07
  2122   0.154336E-05   0.671525E-07
  2123   0.153390E-05   0.667717E-07
  2124   0.152450E-05   0.663930E-07
  2125   0.151516E-05   0.660165E-07
  2126   0.150587E-05   0.656421E-07
  2127   0.149664E-05   0.652698E-07
  2128   0.148747E-05   0.648996E-07
  2129   0.147835E-05   0.645315E-07
  2130   0.146929E-05   0.641655E-07
  2131   0.146029E-05   0.638015E-07
  2132   0.145134E-05   0.634396E-07
  2133   0.144244E-05   0.630797E-07
  2134   0.143360E-05   0.627218E-07
  2135   0.142482E-05   0.623660E-07
  2136   0.141608E-05   0.620122E-07
  2137   0.140741E-05   0.616603E-07
  2138   0.139878E-05   0.613105E-07
  2139   0.139021E-05   0.609626E-07
  2140   0.138169E-05   0.606166E-07
  2141   0.137322E-05   0.602727E-07
  2142   0.136480E-05   0.599306E-07
  2143   0.135644E-05   0.595905E-07
  2144   0.134813E-05   0.592523E-07
  2145   0.133986E-05   0.589160E-07
  2146   0.133165E-05   0.585817E-07
  2147   0.132349E-05   0.582492E-07
  2148   0.131538E-05   0.579185E-07
  2149   0.130732E-05   0.575898E-07
  2150   0.129931E-05   0.572629E-07
  2151   0.129134E-05   0.569378E-07
  2152   0.128343E-05   0.566145E-07
  2153   0.127556E-05   0.562931E-07
  2154   0.126775E-05   0.559735E-07
  2155   0.125998E-05   0.556557E-07
  2156   0.125225E-05   0.553397E-07
  2157   0.124458E-05   0.550255E-07
  2158   0.123695E-05   0.547131E-07
  2159   0.122937E-05   0.544024E-07
  2160   0.122184E-05   0.540934E-07
  2161   0.121435E-05   0.537863E-07
  2162   0.120691E-05   0.534808E-07
  2163   0.119951E-05   0.531771E-07
  2164   0.119216E-05   0.528750E-07
  2165   0.118485E-05   0.525747E-07
  2166   0.117759E-05   0.522761E-07
  2167   0.117037E-05   0.519792E-07
  2168   0.116320E-05   0.516839E-07
  2169   0.115607E-05   0.513903E-07
  2170   0.114899E-05   0.510984E-07
  2171   0.114194E-05   0.508081E-07
  2172   0.113494E-05   0.505194E-07
  2173   0.112799E-05   0.502324E-07
  2174   0.112108E-05   0.499470E-07
  2175   0.111421E-05   0.496632E-07
  2176   0.110738E-05   0.493810E-07
  2177   0.110059E-05   0.491004E-07
  2178   0.109384E-05   0.488214E-07
  2179   0.108714E-05   0.485440E-07
  2180   0.108048E-05   0.482681E-07
  2181   0.107386E-05   0.479938E-07
  2182   0.106728E-05   0.477210E-07
  2183   0.106073E-05   0.474498E-07
  2184   0.105423E-05   0.471801E-07
  2185   0.104777E-05   0.469119E-07
  2186   0.104135E-05   0.466453E-07
  2187   0.103497E-05   0.463801E-07
  2188   0.102863E-05   0.461165E-07
  2189   0.102232E-05   0.458543E-07
  2190   0.101606E-05   0.455936E-07
  2191   0.100983E-05   0.453344E-07
  2192   0.100364E-05   0.450767E-07
  2193   0.997489E-06   0.448204E-07
  2194   0.991376E-06   0.445656E-07
  2195   0.985300E-06   0.443121E-07
  2196   0.979261E-06   0.440602E-07
  2197   0.973260E-06   0.438096E-07
  2198   0.967295E-06   0.435605E-07
  2199   0.961367E-06   0.433128E-07
  2200   0.955475E-06   0.430665E-07
  2201   0.949619E-06   0.428215E-07
  2202   0.943799E-06   0.425780E-07
  2203   0.938015E-06   0.423358E-07
  2204   0.932266E-06   0.420950E-07
  2205   0.926552E-06   0.418556E-07
  2206   0.920874E-06   0.416175E-07
  2207   0.915230E-06   0.413807E-07
  2208   0.909621E-06   0.411453E-07
  2209   0.904046E-06   0.409113E-07
  2210   0.898506E-06   0.406785E-07
  2211   0.892999E-06   0.404471E-07
  2212   0.887526E-06   0.402170E-07
  2213   0.882087E-06   0.399881E-07
  2214   0.876681E-06   0.397606E-07
  2215   0.871308E-06   0.395344E-07
  2216   0.865968E-06   0.393094E-07
  2217   0.860661E-06   0.390857E-07
  2218   0.855386E-06   0.388633E-07
  2219   0.850143E-06   0.386421E-07
  2220   0.844933E-06   0.384222E-07
  2221   0.839755E-06   0.382035E-07
  2222   0.834608E-06   0.379861E-07
  2223   0.829493E-06   0.377699E-07
  2224   0.824410E-06   0.375549E-07
  2225   0.819357E-06   0.373411E-07
  2226   0.814335E-06   0.371286E-07
  2227   0.809345E-06   0.369172E-07
  2228   0.804384E-06   0.367071E-07
  2229   0.799455E-06   0.364981E-07
  2230   0.794555E-06   0.362903E-07
  2231   0.789685E-06   0.360837E-07
  2232   0.784846E-06   0.358782E-07
  2233   0.780036E-06   0.356740E-07
  2234   0.775255E-06   0.354708E-07
  2235   0.770504E-06   0.352689E-07
  2236   0.765782E-06   0.350680E-07
  2237   0.761088E-06   0.348683E-07
  2238   0.756424E-06   0.346698E-07
  2239   0.751788E-06   0.344723E-07
  2240   0.747180E-06   0.342760E-07
  2241   0.742601E-06   0.340808E-07
  2242   0.738050E-06   0.338867E-07
  2243   0.733527E-06   0.336937E-07
  2244   0.729031E-06   0.335018E-07
  2245   0.724563E-06   0.333109E-07
  2246   0.720123E-06   0.331212E-07
  2247   0.715709E-06   0.329325E-07
  2248   0.711323E-06   0.327449E-07
  2249   0.706963E-06   0.325583E-07
  2250   0.702631E-06   0.323729E-07
  2251   0.698324E-06   0.321884E-07
  2252   0.694045E-06   0.320050E-07
  2253   0.689791E-06   0.318227E-07
  2254   0.685564E-06   0.316413E-07
  2255   0.681362E-06   0.314611E-07
  2256   0.677186E-06   0.312818E-07
  2257   0.673036E-06   0.311035E-07
  2258   0.668911E-06   0.309263E-07
  2259   0.664811E-06   0.307500E-07
  2260   0.660737E-06   0.305748E-07
  2261   0.656688E-06   0.304005E-07
  2262   0.652663E-06   0.302273E-07
  2263   0.648663E-06   0.300550E-07
  2264   0.644688E-06   0.298837E-07
  2265   0.640736E-06   0.297133E-07
  2266   0.636810E-06   0.295440E-07
  2267   0.632907E-06   0.293755E-07
  2268   0.629028E-06   0.292081E-07
  2269   0.625173E-06   0.290416E-07
  2270   0.621341E-06   0.288760E-07
  2271   0.617533E-06   0.287114E-07
  2272   0.613749E-06   0.285477E-07
  2273   0.609987E-06   0.283849E-07
  2274   0.606249E-06   0.282231E-07
  2275   0.602533E-06   0.280622E-07
  2276   0.598841E-06   0.279021E-07
  2277   0.595170E-06   0.277430E-07
  2278   0.591523E-06   0.275848E-07
  2279   0.587898E-06   0.274275E-07
  2280   0.584295E-06   0.272711E-07
  2281   0.580714E-06   0.271156E-07
  2282   0.577155E-06   0.269609E-07
  2283   0.573617E-06   0.268071E-07
  2284   0.570102E-06   0.266542E-07
  2285   0.566608E-06   0.265022E-07
  2286   0.563135E-06   0.263510E-07
  2287   0.559684E-06   0.262007E-07
  2288   0.556254E-06   0.260513E-07
  2289   0.552845E-06   0.259027E-07
  2290   0.549457E-06   0.257549E-07
  2291   0.546089E-06   0.256080E-07
  2292   0.542742E-06   0.254619E-07
  2293   0.539416E-06   0.253166E-07
  2294   0.536110E-06   0.251721E-07
  2295   0.532825E-06   0.250285E-07
  2296   0.529559E-06   0.248857E-07
  2297   0.526314E-06   0.247437E-07
  2298   0.523088E-06   0.246025E-07
  2299   0.519882E-06   0.244621E-07
  2300   0.516696E-06   0.243225E-07
  2301   0.513529E-06   0.241837E-07
  2302   0.510382E-06   0.240457E-07
  2303   0.507254E-06   0.239085E-07
  2304   0.504145E-06   0.237720E-07
  2305   0.501055E-06   0.236363E-07
  2306   0.497985E-06   0.235014E-07
  2307   0.494933E-06   0.233673E-07
  2308   0.491899E-06   0.232339E-07
  2309   0.488885E-06   0.231012E-07
  2310   0.485888E-06   0.229694E-07
  2311   0.482911E-06   0.228382E-07
  2312   0.479951E-06   0.227079E-07
  2313   0.477010E-06   0.225782E-07
  2314   0.474086E-06   0.224493E-07
  2315   0.471181E-06   0.223211E-07
  2316   0.468293E-06   0.221937E-07
  2317   0.465423E-06   0.220670E-07
  2318   0.462570E-06   0.219410E-07
  2319   0.459735E-06   0.218157E-07
  2320   0.456918E-06   0.216911E-07
  2321   0.454118E-06   0.215672E-07
  2322   0.451334E-06   0.214441E-07
  2323   0.448568E-06   0.213216E-07
  2324   0.445819E-06   0.211998E-07
  2325   0.443087E-06   0.210787E-07
  2326   0.440371E-06   0.209583E-07
  2327   0.437672E-06   0.208386E-07
  2328   0.434990E-06   0.207196E-07
  2329   0.432324E-06   0.206013E-07
  2330   0.429675E-06   0.204836E-07
  2331   0.427041E-06   0.203666E-07
  2332   0.424424E-06   0.202502E-07
  2333   0.421823E-06   0.201345E-07
  2334   0.419238E-06   0.200195E-07
  2335   0.416668E-06   0.199051E-07
  2336   0.414115E-06   0.197914E-07
  2337   0.411577E-06   0.196783E-07
  2338   0.409054E-06   0.195659E-07
  2339   0.406547E-06   0.194541E-07
  2340   0.404056E-06   0.193429E-07
  2341   0.401579E-06   0.192324E-07
  2342   0.399118E-06   0.191225E-07
  2343   0.396672E-06   0.190132E-07
  2344   0.394241E-06   0.189046E-07
  2345   0.391825E-06   0.187965E-07
  2346   0.389424E-06   0.186891E-07
  2347   0.387037E-06   0.185823E-07
  2348   0.384665E-06   0.184761E-07
  2349   0.382307E-06   0.183705E-07
  2350   0.379964E-06   0.182655E-07
  2351   0.377636E-06   0.181610E-07
  2352   0.375321E-06   0.180572E-07
  2353   0.373021E-06   0.179540E-07
  2354   0.370735E-06   0.178514E-07
  2355   0.368463E-06   0.177493E-07
  2356   0.366205E-06   0.176478E-07
  2357   0.363960E-06   0.175470E-07
  2358   0.361730E-06   0.174466E-07
  2359   0.359513E-06   0.173469E-07
  2360   0.357309E-06   0.172477E-07
  2361   0.355120E-06   0.171491E-07
  2362   0.352943E-06   0.170510E-07
  2363   0.350780E-06   0.169535E-07
  2364   0.348630E-06   0.168566E-07
  2365   0.346494E-06   0.167602E-07
  2366   0.344370E-06   0.166643E-07
  2367   0.342260E-06   0.165690E-07
  2368   0.340162E-06   0.164743E-07
  2369   0.338077E-06   0.163800E-07
  2370   0.336005E-06   0.162864E-07
  2371   0.333946E-06   0.161932E-07
  2372   0.331899E-06   0.161006E-07
  2373   0.329865E-06   0.160085E-07
  2374   0.327844E-06   0.159169E-07
  2375   0.325834E-06   0.158259E-07
  2376   0.323837E-06   0.157353E-07
  2377   0.321853E-06   0.156453E-07
  2378   0.319880E-06   0.155558E-07
  2379   0.317920E-06   0.154668E-07
  2380   0.315971E-06   0.153783E-07
  2381   0.314035E-06   0.152903E-07
  2382   0.312110E-06   0.152028E-07
  2383   0.310197E-06   0.151159E-07
  2384   0.308296E-06   0.150294E-07
  2385   0.306407E-06   0.149434E-07
  2386   0.304529E-06   0.148579E-07
  2387   0.302663E-06   0.147728E-07
  2388   0.300808E-06   0.146883E-07
  2389   0.298964E-06   0.146042E-07
  2390   0.297132E-06   0.145207E-07
  2391   0.295311E-06   0.144376E-07
  2392   0.293501E-06   0.143549E-07
  2393   0.291702E-06   0.142728E-07
  2394   0.289914E-06   0.141911E-07
  2395   0.288138E-06   0.141098E-07
  2396   0.286372E-06   0.140291E-07
  2397   0.284617E-06   0.139488E-07
  2398   0.282872E-06   0.138689E-07
  2399   0.281139E-06   0.137895E-07
  2400   0.279416E-06   0.137106E-07
  2401   0.277703E-06   0.136321E-07
  2402   0.276001E-06   0.135540E-07
  2403   0.274310E-06   0.134764E-07
  2404   0.272629E-06   0.133993E-07
  2405   0.270958E-06   0.133226E-07
  2406   0.269297E-06   0.132463E-07
  2407   0.267647E-06   0.131704E-07
  2408   0.266006E-06   0.130950E-07
  2409   0.264376E-06   0.130200E-07
  2410   0.262756E-06   0.129455E-07
  2411   0.261145E-06   0.128713E-07
  2412   0.259545E-06   0.127976E-07
  2413   0.257954E-06   0.127243E-07
  2414   0.256373E-06   0.126515E-07
  2415   0.254802E-06   0.125790E-07
  2416   0.253241E-06   0.125070E-07
  2417   0.251689E-06   0.124353E-07
  2418   0.250146E-06   0.123641E-07
  2419   0.248613E-06   0.122933E-07
  2420   0.247089E-06   0.122229E-07
  2421   0.245575E-06   0.121528E-07
  2422   0.244070E-06   0.120832E-07
  2423   0.242574E-06   0.120140E-07
  2424   0.241087E-06   0.119452E-07
  2425   0.239610E-06   0.118767E-07
  2426   0.238141E-06   0.118087E-07
  2427   0.236682E-06   0.117410E-07
  2428   0.235231E-06   0.116738E-07
  2429   0.233790E-06   0.116069E-07
  2430   0.232357E-06   0.115404E-07
  2431   0.230933E-06   0.114743E-07
  2432   0.229518E-06   0.114085E-07
  2433   0.228111E-06   0.113431E-07
  2434   0.226713E-06   0.112781E-07
  2435   0.225323E-06   0.112135E-07
  2436   0.223942E-06   0.111492E-07
  2437   0.222570E-06   0.110853E-07
  2438   0.221206E-06   0.110218E-07
  2439   0.219850E-06   0.109586E-07
  2440   0.218503E-06   0.108958E-07
  2441   0.217164E-06   0.108334E-07
  2442   0.215833E-06   0.107713E-07
  2443   0.214510E-06   0.107095E-07
  2444   0.213195E-06   0.106482E-07
  2445   0.211889E-06   0.105871E-07
  2446   0.210590E-06   0.105264E-07
  2447   0.209299E-06   0.104661E-07
  2448   0.208017E-06   0.104061E-07
  2449   0.206742E-06   0.103464E-07
  2450   0.205475E-06   0.102871E-07
  2451   0.204216E-06   0.102281E-07
  2452   0.202964E-06   0.101695E-07
  2453   0.201720E-06   0.101112E-07
  2454   0.200484E-06   0.100532E-07
  2455   0.199255E-06   0.999555E-08
  2456   0.198034E-06   0.993823E-08
  2457   0.196820E-06   0.988124E-08
  2458   0.195614E-06   0.982458E-08
  2459   0.194415E-06   0.976824E-08
  2460   0.193224E-06   0.971222E-08
  2461   0.192039E-06   0.965652E-08
  2462   0.190862E-06   0.960114E-08
  2463   0.189693E-06   0.954607E-08
  2464   0.188530E-06   0.949132E-08
  2465   0.187375E-06   0.943688E-08
  2466   0.186226E-06   0.938275E-08
  2467   0.185085E-06   0.932893E-08
  2468   0.183951E-06   0.927542E-08
  2469   0.182823E-06   0.922221E-08
  2470   0.181703E-06   0.916931E-08
  2471   0.180589E-06   0.911671E-08
  2472   0.179483E-06   0.906441E-08
  2473   0.178383E-06   0.901241E-08
  2474   0.177289E-06   0.896070E-08
  2475   0.176203E-06   0.890929E-08
  2476   0.175123E-06   0.885817E-08
  2477   0.174050E-06   0.880735E-08
  2478   0.172983E-06   0.875682E-08
  2479   0.171923E-06   0.870657E-08
  2480   0.170869E-06   0.865661E-08
  2481   0.169822E-06   0.860694E-08
  2482   0.168781E-06   0.855755E-08
  2483   0.167747E-06   0.850844E-08
  2484   0.166719E-06   0.845961E-08
  2485   0.165697E-06   0.841106E-08
  2486   0.164681E-06   0.836279E-08
  2487   0.163672E-06   0.831479E-08
  2488   0.162669E-06   0.826707E-08
  2489   0.161672E-06   0.821962E-08
  2490   0.160681E-06   0.817244E-08
  2491   0.159696E-06   0.812554E-08
  2492   0.158718E-06   0.807889E-08
  2493   0.157745E-06   0.803252E-08
  2494   0.156778E-06   0.798641E-08
  2495   0.155817E-06   0.794056E-08
  2496   0.154862E-06   0.789498E-08
  2497   0.153913E-06   0.784966E-08
  2498   0.152970E-06   0.780459E-08
  2499   0.152032E-06   0.775978E-08
  2500   0.151101E-06   0.771523E-08
  2501   0.150175E-06   0.767094E-08
  2502   0.149254E-06   0.762689E-08
  2503   0.148340E-06   0.758310E-08
  2504   0.147430E-06   0.753956E-08
  2505   0.146527E-06   0.749627E-08
  2506   0.145629E-06   0.745322E-08
  2507   0.144736E-06   0.741042E-08
  2508   0.143849E-06   0.736787E-08
  2509   0.142968E-06   0.732555E-08
  2510   0.142092E-06   0.728348E-08
  2511   0.141221E-06   0.724166E-08
  2512   0.140355E-06   0.720006E-08
  2513   0.139495E-06   0.715871E-08
  2514   0.138640E-06   0.711760E-08
  2515   0.137790E-06   0.707671E-08
  2516   0.136946E-06   0.703607E-08
  2517   0.136107E-06   0.699565E-08
  2518   0.135272E-06   0.695547E-08
  2519   0.134443E-06   0.691551E-08
  2520   0.133619E-06   0.687579E-08
  2521   0.132801E-06   0.683629E-08
  2522   0.131987E-06   0.679702E-08
  2523   0.131178E-06   0.675797E-08
  2524   0.130374E-06   0.671914E-08
  2525   0.129575E-06   0.668054E-08
  2526   0.128781E-06   0.664216E-08
  2527   0.127991E-06   0.660399E-08
  2528   0.127207E-06   0.656605E-08
  2529   0.126427E-06   0.652832E-08
  2530   0.125653E-06   0.649081E-08
  2531   0.124882E-06   0.645351E-08
  2532   0.124117E-06   0.641643E-08
  2533   0.123356E-06   0.637956E-08
  2534   0.122600E-06   0.634289E-08
  2535   0.121849E-06   0.630644E-08
  2536   0.121102E-06   0.627020E-08
  2537   0.120360E-06   0.623417E-08
  2538   0.119622E-06   0.619834E-08
  2539   0.118889E-06   0.616271E-08
  2540   0.118161E-06   0.612729E-08
  2541   0.117436E-06   0.609207E-08
  2542   0.116717E-06   0.605706E-08
  2543   0.116001E-06   0.602224E-08
  2544   0.115290E-06   0.598762E-08
  2545   0.114584E-06   0.595320E-08
  2546   0.113882E-06   0.591898E-08
  2547   0.113184E-06   0.588496E-08
  2548   0.112490E-06   0.585112E-08
  2549   0.111801E-06   0.581749E-08
  2550   0.111115E-06   0.578404E-08
  2551   0.110434E-06   0.575079E-08
  2552   0.109758E-06   0.571772E-08
  2553   0.109085E-06   0.568485E-08
  2554   0.108416E-06   0.565216E-08
  2555   0.107752E-06   0.561966E-08
  2556   0.107092E-06   0.558735E-08
  2557   0.106435E-06   0.555522E-08
  2558   0.105783E-06   0.552328E-08
  2559   0.105135E-06   0.549152E-08
  2560   0.104490E-06   0.545994E-08
  2561   0.103850E-06   0.542854E-08
  2562   0.103213E-06   0.539732E-08
  2563   0.102581E-06   0.536628E-08
  2564   0.101952E-06   0.533542E-08
  2565   0.101327E-06   0.530473E-08
  2566   0.100706E-06   0.527422E-08
  2567   0.100089E-06   0.524388E-08
  2568   0.994758E-07   0.521372E-08
