Iter     SteadyRMS     UnsteadyRMS
     1   0.705584       0.560842E-04
     2   0.696988       0.110798E-03
     3   0.688497       0.164165E-03
     4   0.680109       0.216211E-03
     5   0.671823       0.266961E-03
     6   0.663639       0.316438E-03
     7   0.655554       0.364666E-03
     8   0.647567       0.411667E-03
     9   0.639678       0.457465E-03
    10   0.631885       0.502082E-03
    11   0.624187       0.545540E-03
    12   0.616583       0.587861E-03
    13   0.609071       0.629066E-03
    14   0.601651       0.669176E-03
    15   0.594321       0.708212E-03
    16   0.587081       0.746193E-03
    17   0.579929       0.783140E-03
    18   0.572864       0.819073E-03
    19   0.565885       0.854010E-03
    20   0.558991       0.887971E-03
    21   0.552181       0.920974E-03
    22   0.545454       0.953038E-03
    23   0.538808       0.984180E-03
    24   0.532244       0.101442E-02
    25   0.525760       0.104377E-02
    26   0.519355       0.107226E-02
    27   0.513028       0.109989E-02
    28   0.506778       0.112668E-02
    29   0.500604       0.115266E-02
    30   0.494505       0.117783E-02
    31   0.488481       0.120222E-02
    32   0.482530       0.122583E-02
    33   0.476651       0.124869E-02
    34   0.470844       0.127080E-02
    35   0.465108       0.129219E-02
    36   0.459442       0.131287E-02
    37   0.453845       0.133285E-02
    38   0.448316       0.135214E-02
    39   0.442854       0.137076E-02
    40   0.437459       0.138872E-02
    41   0.432129       0.140605E-02
    42   0.426865       0.142274E-02
    43   0.421664       0.143881E-02
    44   0.416527       0.145427E-02
    45   0.411453       0.146915E-02
    46   0.406440       0.148344E-02
    47   0.401489       0.149716E-02
    48   0.396598       0.151033E-02
    49   0.391766       0.152295E-02
    50   0.386993       0.153504E-02
    51   0.382279       0.154661E-02
    52   0.377621       0.155766E-02
    53   0.373021       0.156821E-02
    54   0.368477       0.157827E-02
    55   0.363988       0.158785E-02
    56   0.359553       0.159696E-02
    57   0.355173       0.160561E-02
    58   0.350846       0.161381E-02
    59   0.346572       0.162157E-02
    60   0.342349       0.162890E-02
    61   0.338179       0.163581E-02
    62   0.334059       0.164231E-02
    63   0.329989       0.164840E-02
    64   0.325969       0.165410E-02
    65   0.321998       0.165941E-02
    66   0.318075       0.166435E-02
    67   0.314200       0.166891E-02
    68   0.310372       0.167312E-02
    69   0.306591       0.167698E-02
    70   0.302856       0.168049E-02
    71   0.299166       0.168366E-02
    72   0.295522       0.168651E-02
    73   0.291921       0.168903E-02
    74   0.288365       0.169125E-02
    75   0.284852       0.169315E-02
    76   0.281382       0.169476E-02
    77   0.277954       0.169607E-02
    78   0.274567       0.169710E-02
    79   0.271222       0.169785E-02
    80   0.267918       0.169833E-02
    81   0.264654       0.169854E-02
    82   0.261430       0.169849E-02
    83   0.258245       0.169820E-02
    84   0.255099       0.169765E-02
    85   0.251991       0.169686E-02
    86   0.248921       0.169585E-02
    87   0.245889       0.169460E-02
    88   0.242893       0.169313E-02
    89   0.239934       0.169144E-02
    90   0.237011       0.168954E-02
    91   0.234124       0.168743E-02
    92   0.231271       0.168512E-02
    93   0.228454       0.168262E-02
    94   0.225671       0.167993E-02
    95   0.222921       0.167705E-02
    96   0.220206       0.167399E-02
    97   0.217523       0.167075E-02
    98   0.214873       0.166735E-02
    99   0.212255       0.166378E-02
   100   0.209669       0.166004E-02
   101   0.207115       0.165615E-02
   102   0.204592       0.165211E-02
   103   0.202099       0.164791E-02
   104   0.199637       0.164358E-02
   105   0.197205       0.163910E-02
   106   0.194803       0.163449E-02
   107   0.192429       0.162974E-02
   108   0.190085       0.162487E-02
   109   0.187769       0.161987E-02
   110   0.185482       0.161475E-02
   111   0.183222       0.160952E-02
   112   0.180990       0.160417E-02
   113   0.178785       0.159871E-02
   114   0.176607       0.159315E-02
   115   0.174455       0.158748E-02
   116   0.172330       0.158171E-02
   117   0.170231       0.157585E-02
   118   0.168157       0.156989E-02
   119   0.166108       0.156385E-02
   120   0.164084       0.155772E-02
   121   0.162085       0.155150E-02
   122   0.160111       0.154520E-02
   123   0.158160       0.153883E-02
   124   0.156233       0.153238E-02
   125   0.154330       0.152586E-02
   126   0.152450       0.151927E-02
   127   0.150593       0.151261E-02
   128   0.148758       0.150589E-02
   129   0.146946       0.149910E-02
   130   0.145156       0.149226E-02
   131   0.143387       0.148536E-02
   132   0.141640       0.147841E-02
   133   0.139915       0.147140E-02
   134   0.138210       0.146434E-02
   135   0.136526       0.145724E-02
   136   0.134863       0.145009E-02
   137   0.133220       0.144290E-02
   138   0.131597       0.143567E-02
   139   0.129994       0.142840E-02
   140   0.128410       0.142109E-02
   141   0.126846       0.141375E-02
   142   0.125301       0.140638E-02
   143   0.123774       0.139897E-02
   144   0.122266       0.139154E-02
   145   0.120777       0.138408E-02
   146   0.119305       0.137659E-02
   147   0.117852       0.136908E-02
   148   0.116416       0.136154E-02
   149   0.114998       0.135399E-02
   150   0.113597       0.134642E-02
   151   0.112213       0.133883E-02
   152   0.110846       0.133122E-02
   153   0.109495       0.132361E-02
   154   0.108162       0.131597E-02
   155   0.106844       0.130833E-02
   156   0.105542       0.130068E-02
   157   0.104256       0.129302E-02
   158   0.102986       0.128535E-02
   159   0.101732       0.127768E-02
   160   0.100492       0.127000E-02
   161   0.992680E-01   0.126232E-02
   162   0.980586E-01   0.125463E-02
   163   0.968640E-01   0.124695E-02
   164   0.956839E-01   0.123927E-02
   165   0.945182E-01   0.123158E-02
   166   0.933668E-01   0.122390E-02
   167   0.922293E-01   0.121623E-02
   168   0.911057E-01   0.120856E-02
   169   0.899958E-01   0.120089E-02
   170   0.888994E-01   0.119323E-02
   171   0.878164E-01   0.118558E-02
   172   0.867465E-01   0.117794E-02
   173   0.856897E-01   0.117031E-02
   174   0.846458E-01   0.116269E-02
   175   0.836146E-01   0.115508E-02
   176   0.825959E-01   0.114748E-02
   177   0.815897E-01   0.113990E-02
   178   0.805957E-01   0.113233E-02
   179   0.796138E-01   0.112477E-02
   180   0.786439E-01   0.111723E-02
   181   0.776858E-01   0.110971E-02
   182   0.767394E-01   0.110220E-02
   183   0.758045E-01   0.109471E-02
   184   0.748810E-01   0.108724E-02
   185   0.739687E-01   0.107979E-02
   186   0.730676E-01   0.107236E-02
   187   0.721774E-01   0.106495E-02
   188   0.712981E-01   0.105756E-02
   189   0.704295E-01   0.105019E-02
   190   0.695715E-01   0.104284E-02
   191   0.687239E-01   0.103552E-02
   192   0.678867E-01   0.102822E-02
   193   0.670596E-01   0.102094E-02
   194   0.662427E-01   0.101369E-02
   195   0.654357E-01   0.100646E-02
   196   0.646385E-01   0.999258E-03
   197   0.638510E-01   0.992081E-03
   198   0.630731E-01   0.984931E-03
   199   0.623047E-01   0.977807E-03
   200   0.615457E-01   0.970710E-03
   201   0.607959E-01   0.963640E-03
   202   0.600552E-01   0.956598E-03
   203   0.593236E-01   0.949584E-03
   204   0.586009E-01   0.942599E-03
   205   0.578870E-01   0.935643E-03
   206   0.571817E-01   0.928716E-03
   207   0.564851E-01   0.921819E-03
   208   0.557970E-01   0.914951E-03
   209   0.551172E-01   0.908114E-03
   210   0.544457E-01   0.901307E-03
   211   0.537824E-01   0.894531E-03
   212   0.531272E-01   0.887786E-03
   213   0.524800E-01   0.881072E-03
   214   0.518407E-01   0.874389E-03
   215   0.512091E-01   0.867739E-03
   216   0.505852E-01   0.861120E-03
   217   0.499690E-01   0.854534E-03
   218   0.493602E-01   0.847979E-03
   219   0.487589E-01   0.841458E-03
   220   0.481649E-01   0.834969E-03
   221   0.475781E-01   0.828513E-03
   222   0.469984E-01   0.822090E-03
   223   0.464259E-01   0.815701E-03
   224   0.458603E-01   0.809344E-03
   225   0.453016E-01   0.803022E-03
   226   0.447497E-01   0.796733E-03
   227   0.442045E-01   0.790477E-03
   228   0.436660E-01   0.784256E-03
   229   0.431340E-01   0.778069E-03
   230   0.426085E-01   0.771915E-03
   231   0.420894E-01   0.765796E-03
   232   0.415767E-01   0.759711E-03
   233   0.410702E-01   0.753661E-03
   234   0.405698E-01   0.747645E-03
   235   0.400756E-01   0.741663E-03
   236   0.395873E-01   0.735716E-03
   237   0.391051E-01   0.729804E-03
   238   0.386286E-01   0.723926E-03
   239   0.381580E-01   0.718083E-03
   240   0.376932E-01   0.712274E-03
   241   0.372340E-01   0.706501E-03
   242   0.367804E-01   0.700762E-03
   243   0.363323E-01   0.695057E-03
   244   0.358897E-01   0.689388E-03
   245   0.354524E-01   0.683753E-03
   246   0.350205E-01   0.678153E-03
   247   0.345939E-01   0.672588E-03
   248   0.341724E-01   0.667057E-03
   249   0.337561E-01   0.661561E-03
   250   0.333449E-01   0.656100E-03
   251   0.329386E-01   0.650674E-03
   252   0.325374E-01   0.645282E-03
   253   0.321410E-01   0.639925E-03
   254   0.317494E-01   0.634602E-03
   255   0.313626E-01   0.629314E-03
   256   0.309805E-01   0.624061E-03
   257   0.306031E-01   0.618841E-03
   258   0.302303E-01   0.613657E-03
   259   0.298620E-01   0.608506E-03
   260   0.294982E-01   0.603390E-03
   261   0.291388E-01   0.598308E-03
   262   0.287838E-01   0.593259E-03
   263   0.284332E-01   0.588245E-03
   264   0.280868E-01   0.583265E-03
   265   0.277446E-01   0.578319E-03
   266   0.274066E-01   0.573407E-03
   267   0.270727E-01   0.568528E-03
   268   0.267429E-01   0.563683E-03
   269   0.264171E-01   0.558871E-03
   270   0.260953E-01   0.554093E-03
   271   0.257773E-01   0.549348E-03
   272   0.254633E-01   0.544636E-03
   273   0.251531E-01   0.539958E-03
   274   0.248467E-01   0.535312E-03
   275   0.245440E-01   0.530699E-03
   276   0.242450E-01   0.526120E-03
   277   0.239496E-01   0.521572E-03
   278   0.236578E-01   0.517058E-03
   279   0.233696E-01   0.512576E-03
   280   0.230849E-01   0.508126E-03
   281   0.228037E-01   0.503708E-03
   282   0.225258E-01   0.499322E-03
   283   0.222514E-01   0.494969E-03
   284   0.219803E-01   0.490647E-03
   285   0.217126E-01   0.486357E-03
   286   0.214480E-01   0.482098E-03
   287   0.211867E-01   0.477871E-03
   288   0.209286E-01   0.473676E-03
   289   0.206737E-01   0.469511E-03
   290   0.204218E-01   0.465378E-03
   291   0.201730E-01   0.461275E-03
   292   0.199273E-01   0.457203E-03
   293   0.196845E-01   0.453162E-03
   294   0.194447E-01   0.449151E-03
   295   0.192078E-01   0.445171E-03
   296   0.189738E-01   0.441221E-03
   297   0.187426E-01   0.437300E-03
   298   0.185143E-01   0.433410E-03
   299   0.182887E-01   0.429550E-03
   300   0.180659E-01   0.425719E-03
   301   0.178458E-01   0.421918E-03
   302   0.176284E-01   0.418146E-03
   303   0.174137E-01   0.414403E-03
   304   0.172015E-01   0.410689E-03
   305   0.169920E-01   0.407004E-03
   306   0.167850E-01   0.403348E-03
   307   0.165805E-01   0.399720E-03
   308   0.163785E-01   0.396121E-03
   309   0.161789E-01   0.392550E-03
   310   0.159818E-01   0.389007E-03
   311   0.157871E-01   0.385493E-03
   312   0.155948E-01   0.382006E-03
   313   0.154048E-01   0.378546E-03
   314   0.152171E-01   0.375114E-03
   315   0.150318E-01   0.371710E-03
   316   0.148486E-01   0.368332E-03
   317   0.146677E-01   0.364982E-03
   318   0.144890E-01   0.361659E-03
   319   0.143125E-01   0.358362E-03
   320   0.141382E-01   0.355092E-03
   321   0.139659E-01   0.351848E-03
   322   0.137958E-01   0.348630E-03
   323   0.136277E-01   0.345439E-03
   324   0.134617E-01   0.342274E-03
   325   0.132977E-01   0.339134E-03
   326   0.131357E-01   0.336020E-03
   327   0.129757E-01   0.332931E-03
   328   0.128176E-01   0.329868E-03
   329   0.126614E-01   0.326830E-03
   330   0.125072E-01   0.323816E-03
   331   0.123548E-01   0.320828E-03
   332   0.122043E-01   0.317864E-03
   333   0.120556E-01   0.314925E-03
   334   0.119087E-01   0.312011E-03
   335   0.117637E-01   0.309120E-03
   336   0.116203E-01   0.306253E-03
   337   0.114788E-01   0.303411E-03
   338   0.113389E-01   0.300592E-03
   339   0.112008E-01   0.297797E-03
   340   0.110643E-01   0.295025E-03
   341   0.109295E-01   0.292276E-03
   342   0.107964E-01   0.289551E-03
   343   0.106649E-01   0.286848E-03
   344   0.105349E-01   0.284168E-03
   345   0.104066E-01   0.281511E-03
   346   0.102798E-01   0.278877E-03
   347   0.101546E-01   0.276264E-03
   348   0.100309E-01   0.273674E-03
   349   0.990867E-02   0.271106E-03
   350   0.978795E-02   0.268560E-03
   351   0.966871E-02   0.266036E-03
   352   0.955092E-02   0.263533E-03
   353   0.943456E-02   0.261052E-03
   354   0.931962E-02   0.258592E-03
   355   0.920609E-02   0.256153E-03
   356   0.909393E-02   0.253735E-03
   357   0.898314E-02   0.251338E-03
   358   0.887370E-02   0.248962E-03
   359   0.876560E-02   0.246606E-03
   360   0.865881E-02   0.244270E-03
   361   0.855332E-02   0.241955E-03
   362   0.844912E-02   0.239660E-03
   363   0.834619E-02   0.237385E-03
   364   0.824451E-02   0.235130E-03
   365   0.814407E-02   0.232894E-03
   366   0.804485E-02   0.230678E-03
   367   0.794684E-02   0.228481E-03
   368   0.785003E-02   0.226304E-03
   369   0.775439E-02   0.224145E-03
   370   0.765992E-02   0.222006E-03
   371   0.756661E-02   0.219885E-03
   372   0.747442E-02   0.217783E-03
   373   0.738337E-02   0.215700E-03
   374   0.729342E-02   0.213635E-03
   375   0.720456E-02   0.211588E-03
   376   0.711679E-02   0.209560E-03
   377   0.703009E-02   0.207549E-03
   378   0.694444E-02   0.205556E-03
   379   0.685984E-02   0.203581E-03
   380   0.677627E-02   0.201623E-03
   381   0.669372E-02   0.199683E-03
   382   0.661217E-02   0.197761E-03
   383   0.653162E-02   0.195855E-03
   384   0.645204E-02   0.193966E-03
   385   0.637344E-02   0.192095E-03
   386   0.629579E-02   0.190240E-03
   387   0.621909E-02   0.188402E-03
   388   0.614333E-02   0.186580E-03
   389   0.606849E-02   0.184775E-03
   390   0.599456E-02   0.182985E-03
   391   0.592153E-02   0.181213E-03
   392   0.584939E-02   0.179456E-03
   393   0.577812E-02   0.177715E-03
   394   0.570773E-02   0.175989E-03
   395   0.563820E-02   0.174280E-03
   396   0.556951E-02   0.172585E-03
   397   0.550166E-02   0.170907E-03
   398   0.543463E-02   0.169243E-03
   399   0.536842E-02   0.167595E-03
   400   0.530302E-02   0.165961E-03
   401   0.523842E-02   0.164343E-03
   402   0.517460E-02   0.162739E-03
   403   0.511156E-02   0.161150E-03
   404   0.504928E-02   0.159575E-03
   405   0.498777E-02   0.158015E-03
   406   0.492701E-02   0.156469E-03
   407   0.486698E-02   0.154938E-03
   408   0.480769E-02   0.153420E-03
   409   0.474912E-02   0.151917E-03
   410   0.469126E-02   0.150427E-03
   411   0.463411E-02   0.148951E-03
   412   0.457765E-02   0.147488E-03
   413   0.452188E-02   0.146039E-03
   414   0.446680E-02   0.144604E-03
   415   0.441238E-02   0.143181E-03
   416   0.435862E-02   0.141772E-03
   417   0.430552E-02   0.140376E-03
   418   0.425307E-02   0.138993E-03
   419   0.420126E-02   0.137623E-03
   420   0.415007E-02   0.136265E-03
   421   0.409952E-02   0.134920E-03
   422   0.404957E-02   0.133588E-03
   423   0.400024E-02   0.132268E-03
   424   0.395150E-02   0.130960E-03
   425   0.390336E-02   0.129665E-03
   426   0.385581E-02   0.128381E-03
   427   0.380884E-02   0.127110E-03
   428   0.376243E-02   0.125851E-03
   429   0.371660E-02   0.124603E-03
   430   0.367132E-02   0.123367E-03
   431   0.362659E-02   0.122143E-03
   432   0.358241E-02   0.120930E-03
   433   0.353877E-02   0.119728E-03
   434   0.349566E-02   0.118538E-03
   435   0.345307E-02   0.117359E-03
   436   0.341100E-02   0.116191E-03
   437   0.336945E-02   0.115035E-03
   438   0.332840E-02   0.113889E-03
   439   0.328785E-02   0.112754E-03
   440   0.324779E-02   0.111629E-03
   441   0.320823E-02   0.110515E-03
   442   0.316914E-02   0.109412E-03
   443   0.313053E-02   0.108320E-03
   444   0.309240E-02   0.107237E-03
   445   0.305472E-02   0.106165E-03
   446   0.301751E-02   0.105103E-03
   447   0.298075E-02   0.104052E-03
   448   0.294443E-02   0.103010E-03
   449   0.290856E-02   0.101978E-03
   450   0.287313E-02   0.100956E-03
   451   0.283812E-02   0.999438E-04
   452   0.280355E-02   0.989412E-04
   453   0.276939E-02   0.979482E-04
   454   0.273565E-02   0.969647E-04
   455   0.270233E-02   0.959906E-04
   456   0.266941E-02   0.950258E-04
   457   0.263688E-02   0.940702E-04
   458   0.260476E-02   0.931239E-04
   459   0.257303E-02   0.921866E-04
   460   0.254168E-02   0.912583E-04
   461   0.251072E-02   0.903389E-04
   462   0.248013E-02   0.894284E-04
   463   0.244991E-02   0.885266E-04
   464   0.242007E-02   0.876335E-04
   465   0.239058E-02   0.867491E-04
   466   0.236146E-02   0.858731E-04
   467   0.233269E-02   0.850056E-04
   468   0.230427E-02   0.841465E-04
   469   0.227620E-02   0.832957E-04
   470   0.224847E-02   0.824531E-04
   471   0.222108E-02   0.816187E-04
   472   0.219402E-02   0.807923E-04
   473   0.216729E-02   0.799740E-04
   474   0.214089E-02   0.791636E-04
   475   0.211481E-02   0.783610E-04
   476   0.208904E-02   0.775663E-04
   477   0.206359E-02   0.767793E-04
   478   0.203845E-02   0.759999E-04
   479   0.201362E-02   0.752281E-04
   480   0.198909E-02   0.744638E-04
   481   0.196485E-02   0.737070E-04
   482   0.194092E-02   0.729575E-04
   483   0.191727E-02   0.722154E-04
   484   0.189391E-02   0.714804E-04
   485   0.187084E-02   0.707527E-04
   486   0.184805E-02   0.700321E-04
   487   0.182553E-02   0.693185E-04
   488   0.180329E-02   0.686119E-04
   489   0.178133E-02   0.679123E-04
   490   0.175962E-02   0.672194E-04
   491   0.173819E-02   0.665334E-04
   492   0.171701E-02   0.658541E-04
   493   0.169609E-02   0.651815E-04
   494   0.167543E-02   0.645154E-04
   495   0.165502E-02   0.638560E-04
   496   0.163486E-02   0.632029E-04
   497   0.161494E-02   0.625564E-04
   498   0.159527E-02   0.619162E-04
   499   0.157583E-02   0.612822E-04
   500   0.155663E-02   0.606546E-04
   501   0.153767E-02   0.600331E-04
   502   0.151894E-02   0.594178E-04
   503   0.150043E-02   0.588085E-04
   504   0.148215E-02   0.582052E-04
   505   0.146410E-02   0.576079E-04
   506   0.144626E-02   0.570166E-04
   507   0.142864E-02   0.564310E-04
   508   0.141123E-02   0.558513E-04
   509   0.139404E-02   0.552773E-04
   510   0.137706E-02   0.547090E-04
   511   0.136028E-02   0.541463E-04
   512   0.134371E-02   0.535892E-04
   513   0.132734E-02   0.530376E-04
   514   0.131117E-02   0.524916E-04
   515   0.129520E-02   0.519509E-04
   516   0.127942E-02   0.514156E-04
   517   0.126383E-02   0.508857E-04
   518   0.124843E-02   0.503610E-04
   519   0.123322E-02   0.498415E-04
   520   0.121820E-02   0.493272E-04
   521   0.120336E-02   0.488181E-04
   522   0.118870E-02   0.483140E-04
   523   0.117422E-02   0.478149E-04
   524   0.115991E-02   0.473208E-04
   525   0.114578E-02   0.468317E-04
   526   0.113182E-02   0.463475E-04
   527   0.111803E-02   0.458681E-04
   528   0.110441E-02   0.453934E-04
   529   0.109096E-02   0.449236E-04
   530   0.107767E-02   0.444584E-04
   531   0.106454E-02   0.439979E-04
   532   0.105157E-02   0.435420E-04
   533   0.103876E-02   0.430907E-04
   534   0.102610E-02   0.426439E-04
   535   0.101360E-02   0.422016E-04
   536   0.100126E-02   0.417638E-04
   537   0.989057E-03   0.413303E-04
   538   0.977008E-03   0.409012E-04
   539   0.965105E-03   0.404764E-04
   540   0.953348E-03   0.400559E-04
   541   0.941733E-03   0.396396E-04
   542   0.930260E-03   0.392276E-04
   543   0.918927E-03   0.388196E-04
   544   0.907732E-03   0.384158E-04
   545   0.896674E-03   0.380161E-04
   546   0.885750E-03   0.376203E-04
   547   0.874959E-03   0.372286E-04
   548   0.864300E-03   0.368408E-04
   549   0.853770E-03   0.364570E-04
   550   0.843369E-03   0.360770E-04
   551   0.833094E-03   0.357009E-04
   552   0.822945E-03   0.353286E-04
   553   0.812919E-03   0.349600E-04
   554   0.803016E-03   0.345952E-04
   555   0.793233E-03   0.342341E-04
   556   0.783569E-03   0.338766E-04
   557   0.774023E-03   0.335227E-04
   558   0.764594E-03   0.331725E-04
   559   0.755279E-03   0.328258E-04
   560   0.746077E-03   0.324826E-04
   561   0.736988E-03   0.321429E-04
   562   0.728010E-03   0.318067E-04
   563   0.719141E-03   0.314738E-04
   564   0.710379E-03   0.311444E-04
   565   0.701725E-03   0.308183E-04
   566   0.693176E-03   0.304955E-04
   567   0.684731E-03   0.301761E-04
   568   0.676390E-03   0.298598E-04
   569   0.668149E-03   0.295468E-04
   570   0.660009E-03   0.292370E-04
   571   0.651969E-03   0.289303E-04
   572   0.644026E-03   0.286268E-04
   573   0.636180E-03   0.283264E-04
   574   0.628430E-03   0.280290E-04
   575   0.620774E-03   0.277347E-04
   576   0.613211E-03   0.274434E-04
   577   0.605740E-03   0.271550E-04
   578   0.598361E-03   0.268696E-04
   579   0.591071E-03   0.265872E-04
   580   0.583870E-03   0.263076E-04
   581   0.576757E-03   0.260309E-04
   582   0.569731E-03   0.257570E-04
   583   0.562790E-03   0.254859E-04
   584   0.555934E-03   0.252176E-04
   585   0.549161E-03   0.249521E-04
   586   0.542471E-03   0.246892E-04
   587   0.535862E-03   0.244291E-04
   588   0.529334E-03   0.241716E-04
   589   0.522885E-03   0.239168E-04
   590   0.516515E-03   0.236646E-04
   591   0.510222E-03   0.234150E-04
   592   0.504006E-03   0.231680E-04
   593   0.497866E-03   0.229235E-04
   594   0.491801E-03   0.226815E-04
   595   0.485809E-03   0.224420E-04
   596   0.479891E-03   0.222050E-04
   597   0.474045E-03   0.219704E-04
   598   0.468269E-03   0.217383E-04
   599   0.462565E-03   0.215085E-04
   600   0.456929E-03   0.212811E-04
   601   0.451363E-03   0.210560E-04
   602   0.445864E-03   0.208333E-04
   603   0.440432E-03   0.206129E-04
   604   0.435066E-03   0.203947E-04
   605   0.429766E-03   0.201788E-04
   606   0.424530E-03   0.199651E-04
   607   0.419358E-03   0.197537E-04
   608   0.414250E-03   0.195444E-04
   609   0.409203E-03   0.193373E-04
   610   0.404218E-03   0.191323E-04
   611   0.399293E-03   0.189295E-04
   612   0.394429E-03   0.187287E-04
   613   0.389624E-03   0.185301E-04
   614   0.384877E-03   0.183335E-04
   615   0.380188E-03   0.181389E-04
   616   0.375556E-03   0.179463E-04
   617   0.370981E-03   0.177558E-04
   618   0.366461E-03   0.175672E-04
   619   0.361997E-03   0.173806E-04
   620   0.357587E-03   0.171959E-04
   621   0.353231E-03   0.170131E-04
   622   0.348927E-03   0.168323E-04
   623   0.344676E-03   0.166533E-04
   624   0.340477E-03   0.164761E-04
   625   0.336329E-03   0.163009E-04
   626   0.332232E-03   0.161274E-04
   627   0.328184E-03   0.159557E-04
   628   0.324186E-03   0.157859E-04
   629   0.320237E-03   0.156178E-04
   630   0.316335E-03   0.154514E-04
   631   0.312482E-03   0.152868E-04
   632   0.308675E-03   0.151239E-04
   633   0.304914E-03   0.149627E-04
   634   0.301200E-03   0.148032E-04
   635   0.297530E-03   0.146453E-04
   636   0.293905E-03   0.144891E-04
   637   0.290325E-03   0.143346E-04
   638   0.286788E-03   0.141816E-04
   639   0.283294E-03   0.140302E-04
   640   0.279843E-03   0.138804E-04
   641   0.276434E-03   0.137322E-04
   642   0.273066E-03   0.135856E-04
   643   0.269739E-03   0.134404E-04
   644   0.266453E-03   0.132968E-04
   645   0.263207E-03   0.131547E-04
   646   0.260000E-03   0.130141E-04
   647   0.256833E-03   0.128749E-04
   648   0.253704E-03   0.127372E-04
   649   0.250613E-03   0.126010E-04
   650   0.247560E-03   0.124661E-04
   651   0.244544E-03   0.123327E-04
   652   0.241565E-03   0.122007E-04
   653   0.238622E-03   0.120701E-04
   654   0.235715E-03   0.119408E-04
   655   0.232843E-03   0.118129E-04
   656   0.230007E-03   0.116864E-04
   657   0.227204E-03   0.115611E-04
   658   0.224436E-03   0.114372E-04
   659   0.221702E-03   0.113146E-04
   660   0.219001E-03   0.111933E-04
   661   0.216333E-03   0.110732E-04
   662   0.213698E-03   0.109545E-04
   663   0.211094E-03   0.108369E-04
   664   0.208523E-03   0.107206E-04
   665   0.205982E-03   0.106055E-04
   666   0.203473E-03   0.104917E-04
   667   0.200994E-03   0.103790E-04
   668   0.198545E-03   0.102675E-04
   669   0.196127E-03   0.101572E-04
   670   0.193737E-03   0.100481E-04
   671   0.191377E-03   0.994010E-05
   672   0.189045E-03   0.983325E-05
   673   0.186742E-03   0.972753E-05
   674   0.184467E-03   0.962292E-05
   675   0.182220E-03   0.951941E-05
   676   0.180000E-03   0.941700E-05
   677   0.177807E-03   0.931567E-05
   678   0.175641E-03   0.921541E-05
   679   0.173501E-03   0.911621E-05
   680   0.171388E-03   0.901806E-05
   681   0.169300E-03   0.892094E-05
   682   0.167237E-03   0.882485E-05
   683   0.165200E-03   0.872978E-05
   684   0.163187E-03   0.863571E-05
   685   0.161199E-03   0.854264E-05
   686   0.159235E-03   0.845056E-05
   687   0.157295E-03   0.835944E-05
   688   0.155379E-03   0.826930E-05
   689   0.153486E-03   0.818011E-05
   690   0.151616E-03   0.809186E-05
   691   0.149769E-03   0.800455E-05
   692   0.147944E-03   0.791816E-05
   693   0.146142E-03   0.783269E-05
   694   0.144362E-03   0.774813E-05
   695   0.142603E-03   0.766446E-05
   696   0.140866E-03   0.758168E-05
   697   0.139150E-03   0.749978E-05
   698   0.137454E-03   0.741875E-05
   699   0.135780E-03   0.733858E-05
   700   0.134126E-03   0.725926E-05
   701   0.132492E-03   0.718079E-05
   702   0.130878E-03   0.710315E-05
   703   0.129283E-03   0.702633E-05
   704   0.127708E-03   0.695033E-05
   705   0.126152E-03   0.687514E-05
   706   0.124615E-03   0.680074E-05
   707   0.123097E-03   0.672714E-05
   708   0.121598E-03   0.665433E-05
   709   0.120116E-03   0.658228E-05
   710   0.118653E-03   0.651101E-05
   711   0.117207E-03   0.644049E-05
   712   0.115779E-03   0.637073E-05
   713   0.114369E-03   0.630170E-05
   714   0.112976E-03   0.623342E-05
   715   0.111599E-03   0.616586E-05
   716   0.110240E-03   0.609902E-05
   717   0.108897E-03   0.603289E-05
   718   0.107570E-03   0.596747E-05
   719   0.106260E-03   0.590275E-05
   720   0.104965E-03   0.583872E-05
   721   0.103686E-03   0.577537E-05
   722   0.102423E-03   0.571270E-05
   723   0.101175E-03   0.565070E-05
   724   0.999427E-04   0.558936E-05
   725   0.987251E-04   0.552867E-05
   726   0.975224E-04   0.546864E-05
   727   0.963343E-04   0.540924E-05
   728   0.951607E-04   0.535048E-05
   729   0.940013E-04   0.529235E-05
   730   0.928562E-04   0.523484E-05
   731   0.917249E-04   0.517794E-05
   732   0.906075E-04   0.512166E-05
   733   0.895036E-04   0.506597E-05
   734   0.884132E-04   0.501089E-05
   735   0.873361E-04   0.495639E-05
   736   0.862721E-04   0.490248E-05
   737   0.852211E-04   0.484914E-05
   738   0.841829E-04   0.479637E-05
   739   0.831573E-04   0.474418E-05
   740   0.821442E-04   0.469254E-05
   741   0.811435E-04   0.464145E-05
   742   0.801549E-04   0.459091E-05
   743   0.791784E-04   0.454091E-05
   744   0.782138E-04   0.449145E-05
   745   0.772610E-04   0.444252E-05
   746   0.763197E-04   0.439412E-05
   747   0.753899E-04   0.434623E-05
   748   0.744715E-04   0.429886E-05
   749   0.735642E-04   0.425200E-05
   750   0.726680E-04   0.420564E-05
   751   0.717827E-04   0.415978E-05
   752   0.709082E-04   0.411442E-05
   753   0.700444E-04   0.406953E-05
   754   0.691910E-04   0.402514E-05
   755   0.683481E-04   0.398122E-05
   756   0.675154E-04   0.393777E-05
   757   0.666929E-04   0.389479E-05
   758   0.658804E-04   0.385227E-05
   759   0.650778E-04   0.381021E-05
   760   0.642850E-04   0.376860E-05
   761   0.635018E-04   0.372744E-05
   762   0.627282E-04   0.368672E-05
   763   0.619640E-04   0.364645E-05
   764   0.612091E-04   0.360660E-05
   765   0.604634E-04   0.356719E-05
   766   0.597268E-04   0.352820E-05
   767   0.589992E-04   0.348962E-05
   768   0.582804E-04   0.345147E-05
   769   0.575704E-04   0.341373E-05
   770   0.568690E-04   0.337639E-05
   771   0.561762E-04   0.333946E-05
   772   0.554918E-04   0.330292E-05
   773   0.548158E-04   0.326678E-05
   774   0.541480E-04   0.323103E-05
   775   0.534883E-04   0.319567E-05
   776   0.528367E-04   0.316068E-05
   777   0.521930E-04   0.312608E-05
   778   0.515571E-04   0.309185E-05
   779   0.509290E-04   0.305799E-05
   780   0.503086E-04   0.302449E-05
   781   0.496957E-04   0.299136E-05
   782   0.490903E-04   0.295858E-05
   783   0.484922E-04   0.292616E-05
   784   0.479014E-04   0.289409E-05
   785   0.473179E-04   0.286236E-05
   786   0.467414E-04   0.283098E-05
   787   0.461720E-04   0.279994E-05
   788   0.456095E-04   0.276924E-05
   789   0.450538E-04   0.273886E-05
   790   0.445050E-04   0.270882E-05
   791   0.439628E-04   0.267910E-05
   792   0.434272E-04   0.264970E-05
   793   0.428981E-04   0.262062E-05
   794   0.423755E-04   0.259186E-05
   795   0.418593E-04   0.256341E-05
   796   0.413493E-04   0.253526E-05
   797   0.408456E-04   0.250743E-05
   798   0.403479E-04   0.247989E-05
   799   0.398564E-04   0.245265E-05
   800   0.393708E-04   0.242571E-05
   801   0.388912E-04   0.239906E-05
   802   0.384174E-04   0.237269E-05
   803   0.379494E-04   0.234662E-05
   804   0.374870E-04   0.232083E-05
   805   0.370304E-04   0.229531E-05
   806   0.365792E-04   0.227008E-05
   807   0.361336E-04   0.224512E-05
   808   0.356934E-04   0.222043E-05
   809   0.352585E-04   0.219600E-05
   810   0.348290E-04   0.217185E-05
   811   0.344047E-04   0.214795E-05
   812   0.339855E-04   0.212432E-05
   813   0.335715E-04   0.210094E-05
   814   0.331625E-04   0.207781E-05
   815   0.327585E-04   0.205494E-05
   816   0.323594E-04   0.203232E-05
   817   0.319652E-04   0.200994E-05
   818   0.315758E-04   0.198780E-05
   819   0.311911E-04   0.196591E-05
   820   0.308111E-04   0.194426E-05
   821   0.304357E-04   0.192284E-05
   822   0.300650E-04   0.190165E-05
   823   0.296987E-04   0.188069E-05
   824   0.293369E-04   0.185997E-05
   825   0.289795E-04   0.183946E-05
   826   0.286264E-04   0.181918E-05
   827   0.282777E-04   0.179913E-05
   828   0.279332E-04   0.177929E-05
   829   0.275929E-04   0.175967E-05
   830   0.272567E-04   0.174026E-05
   831   0.269247E-04   0.172106E-05
   832   0.265966E-04   0.170207E-05
   833   0.262726E-04   0.168329E-05
   834   0.259526E-04   0.166471E-05
   835   0.256364E-04   0.164634E-05
   836   0.253241E-04   0.162817E-05
   837   0.250155E-04   0.161019E-05
   838   0.247108E-04   0.159241E-05
   839   0.244097E-04   0.157483E-05
   840   0.241124E-04   0.155743E-05
   841   0.238186E-04   0.154023E-05
   842   0.235284E-04   0.152322E-05
   843   0.232418E-04   0.150639E-05
   844   0.229586E-04   0.148974E-05
   845   0.226790E-04   0.147328E-05
   846   0.224027E-04   0.145700E-05
   847   0.221297E-04   0.144089E-05
   848   0.218601E-04   0.142496E-05
   849   0.215938E-04   0.140921E-05
   850   0.213307E-04   0.139362E-05
   851   0.210709E-04   0.137821E-05
   852   0.208142E-04   0.136297E-05
   853   0.205606E-04   0.134789E-05
   854   0.203101E-04   0.133298E-05
   855   0.200627E-04   0.131823E-05
   856   0.198183E-04   0.130364E-05
   857   0.195768E-04   0.128921E-05
   858   0.193383E-04   0.127494E-05
   859   0.191027E-04   0.126083E-05
   860   0.188700E-04   0.124687E-05
   861   0.186401E-04   0.123306E-05
   862   0.184130E-04   0.121941E-05
   863   0.181887E-04   0.120590E-05
   864   0.179671E-04   0.119254E-05
   865   0.177482E-04   0.117933E-05
   866   0.175320E-04   0.116626E-05
   867   0.173184E-04   0.115334E-05
   868   0.171075E-04   0.114056E-05
   869   0.168990E-04   0.112792E-05
   870   0.166932E-04   0.111542E-05
   871   0.164898E-04   0.110305E-05
   872   0.162889E-04   0.109082E-05
   873   0.160905E-04   0.107872E-05
   874   0.158944E-04   0.106676E-05
   875   0.157008E-04   0.105493E-05
   876   0.155095E-04   0.104323E-05
   877   0.153206E-04   0.103165E-05
   878   0.151339E-04   0.102021E-05
   879   0.149496E-04   0.100889E-05
   880   0.147674E-04   0.997691E-06
   881   0.145875E-04   0.986617E-06
   882   0.144098E-04   0.975665E-06
   883   0.142343E-04   0.964834E-06
   884   0.140608E-04   0.954122E-06
   885   0.138895E-04   0.943527E-06
   886   0.137203E-04   0.933049E-06
   887   0.135532E-04   0.922686E-06
   888   0.133881E-04   0.912437E-06
   889   0.132250E-04   0.902300E-06
   890   0.130639E-04   0.892275E-06
   891   0.129047E-04   0.882361E-06
   892   0.127475E-04   0.872555E-06
   893   0.125922E-04   0.862857E-06
   894   0.124388E-04   0.853266E-06
   895   0.122872E-04   0.843781E-06
   896   0.121375E-04   0.834400E-06
   897   0.119897E-04   0.825122E-06
   898   0.118436E-04   0.815947E-06
   899   0.116993E-04   0.806872E-06
   900   0.115568E-04   0.797898E-06
   901   0.114160E-04   0.789022E-06
   902   0.112769E-04   0.780244E-06
   903   0.111395E-04   0.771562E-06
   904   0.110038E-04   0.762977E-06
   905   0.108698E-04   0.754486E-06
   906   0.107374E-04   0.746088E-06
   907   0.106065E-04   0.737783E-06
   908   0.104773E-04   0.729570E-06
   909   0.103497E-04   0.721447E-06
   910   0.102236E-04   0.713414E-06
   911   0.100990E-04   0.705470E-06
   912   0.997601E-05   0.697613E-06
   913   0.985448E-05   0.689842E-06
   914   0.973443E-05   0.682158E-06
   915   0.961583E-05   0.674558E-06
   916   0.949869E-05   0.667042E-06
   917   0.938297E-05   0.659609E-06
   918   0.926866E-05   0.652258E-06
   919   0.915574E-05   0.644989E-06
   920   0.904420E-05   0.637799E-06
   921   0.893402E-05   0.630689E-06
   922   0.882518E-05   0.623658E-06
   923   0.871766E-05   0.616704E-06
   924   0.861146E-05   0.609827E-06
   925   0.850655E-05   0.603026E-06
   926   0.840291E-05   0.596300E-06
   927   0.830054E-05   0.589648E-06
   928   0.819942E-05   0.583070E-06
   929   0.809953E-05   0.576565E-06
   930   0.800085E-05   0.570131E-06
   931   0.790338E-05   0.563769E-06
   932   0.780710E-05   0.557477E-06
   933   0.771199E-05   0.551255E-06
   934   0.761803E-05   0.545101E-06
   935   0.752523E-05   0.539016E-06
   936   0.743355E-05   0.532998E-06
   937   0.734299E-05   0.527046E-06
   938   0.725353E-05   0.521160E-06
   939   0.716516E-05   0.515340E-06
   940   0.707787E-05   0.509584E-06
   941   0.699164E-05   0.503891E-06
   942   0.690647E-05   0.498262E-06
   943   0.682233E-05   0.492695E-06
   944   0.673921E-05   0.487190E-06
   945   0.665711E-05   0.481745E-06
   946   0.657601E-05   0.476361E-06
   947   0.649590E-05   0.471037E-06
   948   0.641676E-05   0.465771E-06
   949   0.633858E-05   0.460564E-06
   950   0.626136E-05   0.455415E-06
   951   0.618508E-05   0.450323E-06
   952   0.610973E-05   0.445287E-06
   953   0.603530E-05   0.440307E-06
   954   0.596177E-05   0.435382E-06
   955   0.588914E-05   0.430512E-06
   956   0.581740E-05   0.425695E-06
   957   0.574653E-05   0.420933E-06
   958   0.567652E-05   0.416223E-06
   959   0.560736E-05   0.411565E-06
   960   0.553905E-05   0.406959E-06
   961   0.547157E-05   0.402404E-06
   962   0.540491E-05   0.397900E-06
   963   0.533906E-05   0.393445E-06
   964   0.527402E-05   0.389040E-06
   965   0.520977E-05   0.384684E-06
   966   0.514630E-05   0.380377E-06
   967   0.508360E-05   0.376117E-06
   968   0.502167E-05   0.371905E-06
   969   0.496049E-05   0.367739E-06
   970   0.490006E-05   0.363619E-06
   971   0.484037E-05   0.359546E-06
   972   0.478140E-05   0.355517E-06
   973   0.472315E-05   0.351534E-06
   974   0.466561E-05   0.347594E-06
   975   0.460877E-05   0.343699E-06
   976   0.455262E-05   0.339846E-06
   977   0.449716E-05   0.336037E-06
   978   0.444237E-05   0.332270E-06
   979   0.438825E-05   0.328545E-06
   980   0.433479E-05   0.324861E-06
   981   0.428198E-05   0.321218E-06
   982   0.422981E-05   0.317616E-06
   983   0.417828E-05   0.314053E-06
   984   0.412738E-05   0.310531E-06
   985   0.407710E-05   0.307047E-06
   986   0.402743E-05   0.303603E-06
   987   0.397836E-05   0.300196E-06
   988   0.392989E-05   0.296828E-06
   989   0.388202E-05   0.293497E-06
   990   0.383472E-05   0.290203E-06
   991   0.378801E-05   0.286946E-06
   992   0.374186E-05   0.283725E-06
   993   0.369627E-05   0.280540E-06
   994   0.365124E-05   0.277391E-06
   995   0.360676E-05   0.274276E-06
   996   0.356282E-05   0.271196E-06
   997   0.351941E-05   0.268151E-06
   998   0.347654E-05   0.265139E-06
   999   0.343419E-05   0.262162E-06
  1000   0.339235E-05   0.259217E-06
  1001   0.335102E-05   0.256305E-06
  1002   0.331020E-05   0.253425E-06
  1003   0.326987E-05   0.250578E-06
  1004   0.323003E-05   0.247762E-06
  1005   0.319068E-05   0.244978E-06
  1006   0.315181E-05   0.242225E-06
  1007   0.311341E-05   0.239502E-06
  1008   0.307548E-05   0.236810E-06
  1009   0.303802E-05   0.234148E-06
  1010   0.300100E-05   0.231516E-06
  1011   0.296444E-05   0.228913E-06
  1012   0.292833E-05   0.226339E-06
  1013   0.289265E-05   0.223793E-06
  1014   0.285741E-05   0.221277E-06
  1015   0.282260E-05   0.218788E-06
  1016   0.278822E-05   0.216327E-06
  1017   0.275425E-05   0.213893E-06
  1018   0.272069E-05   0.211487E-06
  1019   0.268755E-05   0.209108E-06
  1020   0.265481E-05   0.206755E-06
  1021   0.262246E-05   0.204428E-06
  1022   0.259052E-05   0.202127E-06
  1023   0.255896E-05   0.199852E-06
  1024   0.252778E-05   0.197603E-06
  1025   0.249699E-05   0.195379E-06
  1026   0.246657E-05   0.193179E-06
  1027   0.243652E-05   0.191004E-06
  1028   0.240683E-05   0.188853E-06
  1029   0.237751E-05   0.186727E-06
  1030   0.234855E-05   0.184624E-06
  1031   0.231994E-05   0.182545E-06
  1032   0.229167E-05   0.180489E-06
  1033   0.226375E-05   0.178456E-06
  1034   0.223617E-05   0.176445E-06
  1035   0.220893E-05   0.174457E-06
  1036   0.218202E-05   0.172492E-06
  1037   0.215544E-05   0.170548E-06
  1038   0.212918E-05   0.168626E-06
  1039   0.210324E-05   0.166726E-06
  1040   0.207762E-05   0.164847E-06
  1041   0.205231E-05   0.162989E-06
  1042   0.202730E-05   0.161151E-06
  1043   0.200261E-05   0.159335E-06
  1044   0.197821E-05   0.157538E-06
  1045   0.195411E-05   0.155762E-06
  1046   0.193030E-05   0.154006E-06
  1047   0.190679E-05   0.152269E-06
  1048   0.188356E-05   0.150552E-06
  1049   0.186061E-05   0.148853E-06
  1050   0.183794E-05   0.147174E-06
  1051   0.181555E-05   0.145514E-06
  1052   0.179343E-05   0.143873E-06
  1053   0.177158E-05   0.142249E-06
  1054   0.175000E-05   0.140644E-06
  1055   0.172868E-05   0.139057E-06
  1056   0.170762E-05   0.137488E-06
  1057   0.168682E-05   0.135936E-06
  1058   0.166627E-05   0.134402E-06
  1059   0.164597E-05   0.132885E-06
  1060   0.162592E-05   0.131385E-06
  1061   0.160611E-05   0.129902E-06
  1062   0.158654E-05   0.128435E-06
  1063   0.156721E-05   0.126985E-06
  1064   0.154812E-05   0.125551E-06
  1065   0.152926E-05   0.124133E-06
  1066   0.151063E-05   0.122731E-06
  1067   0.149223E-05   0.121345E-06
  1068   0.147405E-05   0.119974E-06
  1069   0.145609E-05   0.118619E-06
  1070   0.143835E-05   0.117279E-06
  1071   0.142083E-05   0.115954E-06
  1072   0.140352E-05   0.114643E-06
  1073   0.138642E-05   0.113348E-06
  1074   0.136953E-05   0.112067E-06
  1075   0.135284E-05   0.110801E-06
  1076   0.133636E-05   0.109548E-06
  1077   0.132008E-05   0.108310E-06
  1078   0.130400E-05   0.107086E-06
  1079   0.128811E-05   0.105875E-06
  1080   0.127242E-05   0.104678E-06
  1081   0.125692E-05   0.103494E-06
  1082   0.124161E-05   0.102324E-06
  1083   0.122648E-05   0.101167E-06
  1084   0.121154E-05   0.100023E-06
  1085   0.119678E-05   0.988916E-07
  1086   0.118220E-05   0.977730E-07
  1087   0.116780E-05   0.966670E-07
  1088   0.115357E-05   0.955735E-07
  1089   0.113952E-05   0.944922E-07
  1090   0.112563E-05   0.934231E-07
  1091   0.111192E-05   0.923660E-07
  1092   0.109837E-05   0.913208E-07
  1093   0.108499E-05   0.902873E-07
  1094   0.107177E-05   0.892655E-07
  1095   0.105872E-05   0.882551E-07
  1096   0.104582E-05   0.872561E-07
  1097   0.103308E-05   0.862684E-07
  1098   0.102049E-05   0.852917E-07
  1099   0.100806E-05   0.843261E-07
  1100   0.995780E-06   0.833713E-07
  1101   0.983648E-06   0.824272E-07
  1102   0.971665E-06   0.814938E-07
  1103   0.959827E-06   0.805709E-07
  1104   0.948134E-06   0.796584E-07
  1105   0.936583E-06   0.787561E-07
  1106   0.925173E-06   0.778640E-07
  1107   0.913902E-06   0.769819E-07
  1108   0.902768E-06   0.761098E-07
  1109   0.891770E-06   0.752475E-07
  1110   0.880906E-06   0.743949E-07
  1111   0.870174E-06   0.735519E-07
  1112   0.859573E-06   0.727184E-07
  1113   0.849101E-06   0.718942E-07
  1114   0.838757E-06   0.710794E-07
  1115   0.828538E-06   0.702737E-07
  1116   0.818445E-06   0.694771E-07
  1117   0.808474E-06   0.686895E-07
  1118   0.798624E-06   0.679108E-07
  1119   0.788895E-06   0.671408E-07
  1120   0.779284E-06   0.663795E-07
  1121   0.769790E-06   0.656268E-07
  1122   0.760412E-06   0.648826E-07
  1123   0.751148E-06   0.641468E-07
  1124   0.741997E-06   0.634192E-07
  1125   0.732958E-06   0.626999E-07
  1126   0.724028E-06   0.619887E-07
  1127   0.715208E-06   0.612855E-07
  1128   0.706495E-06   0.605902E-07
  1129   0.697888E-06   0.599028E-07
  1130   0.689385E-06   0.592231E-07
  1131   0.680987E-06   0.585511E-07
  1132   0.672691E-06   0.578866E-07
  1133   0.664495E-06   0.572297E-07
  1134   0.656400E-06   0.565801E-07
  1135   0.648403E-06   0.559379E-07
  1136   0.640504E-06   0.553030E-07
  1137   0.632701E-06   0.546752E-07
  1138   0.624993E-06   0.540545E-07
  1139   0.617379E-06   0.534408E-07
  1140   0.609857E-06   0.528340E-07
  1141   0.602428E-06   0.522341E-07
  1142   0.595089E-06   0.516409E-07
  1143   0.587839E-06   0.510545E-07
  1144   0.580677E-06   0.504746E-07
  1145   0.573603E-06   0.499014E-07
  1146   0.566615E-06   0.493345E-07
  1147   0.559712E-06   0.487741E-07
  1148   0.552893E-06   0.482201E-07
  1149   0.546158E-06   0.476722E-07
  1150   0.539504E-06   0.471306E-07
  1151   0.532931E-06   0.465951E-07
  1152   0.526439E-06   0.460656E-07
  1153   0.520025E-06   0.455421E-07
  1154   0.513690E-06   0.450245E-07
  1155   0.507432E-06   0.445128E-07
  1156   0.501250E-06   0.440069E-07
  1157   0.495143E-06   0.435067E-07
  1158   0.489111E-06   0.430121E-07
  1159   0.483153E-06   0.425231E-07
  1160   0.477266E-06   0.420397E-07
  1161   0.471452E-06   0.415617E-07
  1162   0.465708E-06   0.410891E-07
  1163   0.460035E-06   0.406219E-07
  1164   0.454430E-06   0.401599E-07
  1165   0.448894E-06   0.397032E-07
  1166   0.443426E-06   0.392516E-07
  1167   0.438023E-06   0.388052E-07
  1168   0.432687E-06   0.383638E-07
  1169   0.427416E-06   0.379274E-07
  1170   0.422209E-06   0.374959E-07
  1171   0.417065E-06   0.370693E-07
  1172   0.411984E-06   0.366475E-07
  1173   0.406965E-06   0.362305E-07
  1174   0.402007E-06   0.358182E-07
  1175   0.397110E-06   0.354106E-07
  1176   0.392272E-06   0.350076E-07
  1177   0.387493E-06   0.346092E-07
  1178   0.382772E-06   0.342153E-07
  1179   0.378109E-06   0.338258E-07
  1180   0.373502E-06   0.334408E-07
  1181   0.368952E-06   0.330601E-07
  1182   0.364457E-06   0.326837E-07
  1183   0.360017E-06   0.323115E-07
  1184   0.355631E-06   0.319436E-07
  1185   0.351299E-06   0.315799E-07
  1186   0.347019E-06   0.312203E-07
  1187   0.342791E-06   0.308647E-07
  1188   0.338615E-06   0.305132E-07
  1189   0.334490E-06   0.301656E-07
  1190   0.330415E-06   0.298220E-07
  1191   0.326390E-06   0.294823E-07
  1192   0.322413E-06   0.291465E-07
  1193   0.318485E-06   0.288144E-07
  1194   0.314605E-06   0.284861E-07
  1195   0.310773E-06   0.281615E-07
  1196   0.306987E-06   0.278407E-07
  1197   0.303247E-06   0.275234E-07
  1198   0.299552E-06   0.272097E-07
  1199   0.295903E-06   0.268996E-07
  1200   0.292298E-06   0.265930E-07
  1201   0.288737E-06   0.262899E-07
  1202   0.285220E-06   0.259903E-07
  1203   0.281745E-06   0.256940E-07
  1204   0.278312E-06   0.254011E-07
  1205   0.274922E-06   0.251115E-07
  1206   0.271573E-06   0.248252E-07
  1207   0.268264E-06   0.245421E-07
  1208   0.264996E-06   0.242622E-07
  1209   0.261767E-06   0.239856E-07
  1210   0.258578E-06   0.237120E-07
  1211   0.255428E-06   0.234416E-07
  1212   0.252316E-06   0.231742E-07
  1213   0.249243E-06   0.229099E-07
  1214   0.246206E-06   0.226486E-07
  1215   0.243207E-06   0.223902E-07
  1216   0.240244E-06   0.221348E-07
  1217   0.237317E-06   0.218822E-07
  1218   0.234426E-06   0.216325E-07
  1219   0.231570E-06   0.213857E-07
  1220   0.228749E-06   0.211417E-07
  1221   0.225962E-06   0.209004E-07
  1222   0.223209E-06   0.206619E-07
  1223   0.220490E-06   0.204261E-07
  1224   0.217804E-06   0.201929E-07
  1225   0.215150E-06   0.199625E-07
  1226   0.212529E-06   0.197346E-07
  1227   0.209940E-06   0.195093E-07
  1228   0.207382E-06   0.192866E-07
  1229   0.204856E-06   0.190664E-07
  1230   0.202360E-06   0.188487E-07
  1231   0.199895E-06   0.186335E-07
  1232   0.197460E-06   0.184207E-07
  1233   0.195054E-06   0.182103E-07
  1234   0.192678E-06   0.180024E-07
  1235   0.190330E-06   0.177968E-07
  1236   0.188012E-06   0.175935E-07
  1237   0.185721E-06   0.173926E-07
  1238   0.183459E-06   0.171939E-07
  1239   0.181224E-06   0.169975E-07
  1240   0.179016E-06   0.168033E-07
  1241   0.176835E-06   0.166113E-07
  1242   0.174681E-06   0.164215E-07
  1243   0.172552E-06   0.162339E-07
  1244   0.170450E-06   0.160484E-07
  1245   0.168374E-06   0.158650E-07
  1246   0.166322E-06   0.156837E-07
  1247   0.164296E-06   0.155045E-07
  1248   0.162295E-06   0.153273E-07
  1249   0.160317E-06   0.151521E-07
  1250   0.158364E-06   0.149789E-07
  1251   0.156435E-06   0.148076E-07
  1252   0.154529E-06   0.146384E-07
  1253   0.152647E-06   0.144710E-07
  1254   0.150787E-06   0.143056E-07
  1255   0.148950E-06   0.141420E-07
  1256   0.147135E-06   0.139803E-07
  1257   0.145343E-06   0.138204E-07
  1258   0.143572E-06   0.136624E-07
  1259   0.141823E-06   0.135062E-07
  1260   0.140095E-06   0.133517E-07
  1261   0.138389E-06   0.131990E-07
  1262   0.136703E-06   0.130480E-07
  1263   0.135037E-06   0.128988E-07
  1264   0.133392E-06   0.127512E-07
  1265   0.131767E-06   0.126053E-07
  1266   0.130162E-06   0.124611E-07
  1267   0.128576E-06   0.123186E-07
  1268   0.127010E-06   0.121776E-07
  1269   0.125462E-06   0.120383E-07
  1270   0.123934E-06   0.119005E-07
  1271   0.122424E-06   0.117643E-07
  1272   0.120933E-06   0.116297E-07
  1273   0.119459E-06   0.114966E-07
  1274   0.118004E-06   0.113650E-07
  1275   0.116566E-06   0.112349E-07
  1276   0.115146E-06   0.111063E-07
  1277   0.113743E-06   0.109792E-07
  1278   0.112358E-06   0.108535E-07
  1279   0.110989E-06   0.107293E-07
  1280   0.109637E-06   0.106064E-07
  1281   0.108301E-06   0.104850E-07
  1282   0.106982E-06   0.103649E-07
  1283   0.105678E-06   0.102462E-07
  1284   0.104391E-06   0.101289E-07
  1285   0.103119E-06   0.100129E-07
  1286   0.101863E-06   0.989823E-08
  1287   0.100622E-06   0.978487E-08
  1288   0.993961E-07   0.967279E-08
