Iter     SteadyRMS     UnsteadyRMS
     1   0.650141       0.298477E-02
     2   0.591756       0.542098E-02
     3   0.538614       0.738426E-02
     4   0.490245       0.894097E-02
     5   0.446219       0.101493E-01
     6   0.406147       0.110600E-01
     7   0.369674       0.117177E-01
     8   0.336476       0.121612E-01
     9   0.306259       0.124243E-01
    10   0.278756       0.125364E-01
    11   0.253723       0.125230E-01
    12   0.230938       0.124063E-01
    13   0.210199       0.122054E-01
    14   0.191322       0.119366E-01
    15   0.174141       0.116143E-01
    16   0.158503       0.112504E-01
    17   0.144269       0.108554E-01
    18   0.131313       0.104381E-01
    19   0.119520       0.100058E-01
    20   0.108787       0.956487E-02
    21   0.990177E-01   0.912053E-02
    22   0.901256E-01   0.867712E-02
    23   0.820320E-01   0.823824E-02
    24   0.746652E-01   0.780678E-02
    25   0.679601E-01   0.738508E-02
    26   0.618570E-01   0.697500E-02
    27   0.563021E-01   0.657796E-02
    28   0.512460E-01   0.619502E-02
    29   0.466439E-01   0.582694E-02
    30   0.424551E-01   0.547422E-02
    31   0.386425E-01   0.513715E-02
    32   0.351723E-01   0.481582E-02
    33   0.320137E-01   0.451020E-02
    34   0.291388E-01   0.422010E-02
    35   0.265220E-01   0.394524E-02
    36   0.241403E-01   0.368529E-02
    37   0.219724E-01   0.343981E-02
    38   0.199992E-01   0.320835E-02
    39   0.182032E-01   0.299039E-02
    40   0.165685E-01   0.278541E-02
    41   0.150806E-01   0.259287E-02
    42   0.137263E-01   0.241220E-02
    43   0.124936E-01   0.224286E-02
    44   0.113717E-01   0.208428E-02
    45   0.103504E-01   0.193591E-02
    46   0.942095E-02   0.179722E-02
    47   0.857491E-02   0.166768E-02
    48   0.780486E-02   0.154678E-02
    49   0.710396E-02   0.143403E-02
    50   0.646600E-02   0.132894E-02
    51   0.588533E-02   0.123106E-02
    52   0.535681E-02   0.113996E-02
    53   0.487575E-02   0.105521E-02
    54   0.443789E-02   0.976410E-03
    55   0.403935E-02   0.903190E-03
    56   0.367661E-02   0.835185E-03
    57   0.334644E-02   0.772056E-03
    58   0.304591E-02   0.713481E-03
    59   0.277238E-02   0.659154E-03
    60   0.252341E-02   0.608790E-03
    61   0.229680E-02   0.562120E-03
    62   0.209054E-02   0.518888E-03
    63   0.190280E-02   0.478858E-03
    64   0.173193E-02   0.441805E-03
    65   0.157639E-02   0.407520E-03
    66   0.143483E-02   0.375808E-03
    67   0.130598E-02   0.346485E-03
    68   0.118870E-02   0.319379E-03
    69   0.108195E-02   0.294330E-03
    70   0.984784E-03   0.271189E-03
    71   0.896347E-03   0.249818E-03
    72   0.815852E-03   0.230085E-03
    73   0.742586E-03   0.211870E-03
    74   0.675899E-03   0.195061E-03
    75   0.615202E-03   0.179553E-03
    76   0.559954E-03   0.165249E-03
    77   0.509669E-03   0.152059E-03
    78   0.463899E-03   0.139898E-03
    79   0.422239E-03   0.128688E-03
    80   0.384321E-03   0.118358E-03
    81   0.349807E-03   0.108841E-03
    82   0.318394E-03   0.100073E-03
    83   0.289801E-03   0.919988E-04
    84   0.263776E-03   0.845635E-04
    85   0.240088E-03   0.777183E-04
    86   0.218527E-03   0.714174E-04
    87   0.198903E-03   0.656187E-04
    88   0.181041E-03   0.602828E-04
    89   0.164783E-03   0.553738E-04
    90   0.149985E-03   0.508583E-04
    91   0.136515E-03   0.467053E-04
    92   0.124256E-03   0.428863E-04
    93   0.113097E-03   0.393749E-04
    94   0.102941E-03   0.361470E-04
    95   0.936964E-04   0.331800E-04
    96   0.852821E-04   0.304532E-04
    97   0.776235E-04   0.279475E-04
    98   0.706527E-04   0.256453E-04
    99   0.643078E-04   0.235304E-04
   100   0.585328E-04   0.215877E-04
   101   0.532764E-04   0.198034E-04
   102   0.484920E-04   0.181649E-04
   103   0.441372E-04   0.166603E-04
   104   0.401736E-04   0.152790E-04
   105   0.365658E-04   0.140109E-04
   106   0.332821E-04   0.128469E-04
   107   0.302933E-04   0.117786E-04
   108   0.275728E-04   0.107982E-04
   109   0.250967E-04   0.989862E-05
   110   0.228429E-04   0.907320E-05
   111   0.207916E-04   0.831593E-05
   112   0.189244E-04   0.762127E-05
   113   0.172249E-04   0.698408E-05
   114   0.156781E-04   0.639968E-05
   115   0.142701E-04   0.586374E-05
   116   0.129886E-04   0.537229E-05
   117   0.118222E-04   0.492166E-05
   118   0.107605E-04   0.450852E-05
   119   0.979421E-05   0.412976E-05
   120   0.891466E-05   0.378257E-05
   121   0.811409E-05   0.346433E-05
   122   0.738542E-05   0.317265E-05
   123   0.672219E-05   0.290534E-05
   124   0.611851E-05   0.266038E-05
   125   0.556905E-05   0.243592E-05
   126   0.506893E-05   0.223026E-05
   127   0.461372E-05   0.204183E-05
   128   0.419940E-05   0.186922E-05
   129   0.382228E-05   0.171109E-05
   130   0.347902E-05   0.156625E-05
   131   0.316660E-05   0.143359E-05
   132   0.288223E-05   0.131209E-05
   133   0.262339E-05   0.120082E-05
   134   0.238780E-05   0.109893E-05
   135   0.217337E-05   0.100563E-05
   136   0.197819E-05   0.920199E-06
   137   0.180055E-05   0.841983E-06
   138   0.163885E-05   0.770376E-06
   139   0.149168E-05   0.704823E-06
   140   0.135772E-05   0.644815E-06
   141   0.123579E-05   0.589888E-06
   142   0.112481E-05   0.539613E-06
   143   0.102380E-05   0.493599E-06
   144   0.931861E-06   0.451488E-06
   145   0.848177E-06   0.412950E-06
   146   0.772008E-06   0.377685E-06
   147   0.702679E-06   0.345415E-06
   148   0.639576E-06   0.315889E-06
   149   0.582140E-06   0.288873E-06
   150   0.529862E-06   0.264157E-06
   151   0.482279E-06   0.241545E-06
   152   0.438969E-06   0.220860E-06
   153   0.399548E-06   0.201937E-06
   154   0.363667E-06   0.184628E-06
   155   0.331009E-06   0.168796E-06
   156   0.301283E-06   0.154315E-06
   157   0.274227E-06   0.141072E-06
   158   0.249600E-06   0.128959E-06
   159   0.227185E-06   0.117882E-06
   160   0.206783E-06   0.107753E-06
   161   0.188214E-06   0.984902E-07
   162   0.171311E-06   0.900204E-07
   163   0.155927E-06   0.822760E-07
   164   0.141924E-06   0.751951E-07
   165   0.129179E-06   0.687212E-07
   166   0.117578E-06   0.628024E-07
   167   0.107019E-06   0.573914E-07
   168   0.974087E-07   0.524449E-07
