Iter     SteadyRMS     UnsteadyRMS
     1   0.596567       0.102321E-01
     2   0.498249       0.169449E-01
     3   0.416134       0.210469E-01
     4   0.347553       0.232379E-01
     5   0.290274       0.240539E-01
     6   0.242435       0.239032E-01
     7   0.202480       0.230943E-01
     8   0.169110       0.218579E-01
     9   0.141240       0.203649E-01
    10   0.117962       0.187402E-01
    11   0.985215E-01   0.170730E-01
    12   0.822845E-01   0.154260E-01
    13   0.687235E-01   0.138415E-01
    14   0.573974E-01   0.123465E-01
    15   0.479380E-01   0.109570E-01
    16   0.400375E-01   0.968100E-02
    17   0.334390E-01   0.852036E-02
    18   0.279281E-01   0.747311E-02
    19   0.233253E-01   0.653451E-02
    20   0.194812E-01   0.569811E-02
    21   0.162706E-01   0.495646E-02
    22   0.135891E-01   0.430168E-02
    23   0.113495E-01   0.372578E-02
    24   0.947903E-02   0.322095E-02
    25   0.791683E-02   0.277977E-02
    26   0.661208E-02   0.239523E-02
    27   0.552237E-02   0.206089E-02
    28   0.461225E-02   0.177083E-02
    29   0.385212E-02   0.151969E-02
    30   0.321727E-02   0.130264E-02
    31   0.268704E-02   0.111539E-02
    32   0.224420E-02   0.954077E-03
    33   0.187434E-02   0.815320E-03
    34   0.156544E-02   0.696121E-03
    35   0.130744E-02   0.593848E-03
    36   0.109197E-02   0.506201E-03
    37   0.912005E-03   0.431167E-03
    38   0.761701E-03   0.366995E-03
    39   0.636167E-03   0.312166E-03
    40   0.531323E-03   0.265361E-03
    41   0.443758E-03   0.225437E-03
    42   0.370624E-03   0.191411E-03
    43   0.309542E-03   0.162433E-03
    44   0.258528E-03   0.137770E-03
    45   0.215921E-03   0.116795E-03
    46   0.180336E-03   0.989660E-04
    47   0.150615E-03   0.838214E-04
    48   0.125793E-03   0.709639E-04
    49   0.105061E-03   0.600540E-04
    50   0.877466E-04   0.508015E-04
    51   0.732854E-04   0.429583E-04
    52   0.612075E-04   0.363129E-04
    53   0.511201E-04   0.306849E-04
    54   0.426952E-04   0.259206E-04
    55   0.356588E-04   0.218890E-04
    56   0.297820E-04   0.184788E-04
    57   0.248737E-04   0.155953E-04
    58   0.207744E-04   0.131580E-04
    59   0.173506E-04   0.110986E-04
    60   0.144911E-04   0.935903E-05
    61   0.121029E-04   0.789012E-05
    62   0.101083E-04   0.665012E-05
    63   0.844235E-05   0.560368E-05
    64   0.705100E-05   0.472082E-05
    65   0.588895E-05   0.397618E-05
    66   0.491841E-05   0.334828E-05
    67   0.410783E-05   0.281895E-05
    68   0.343083E-05   0.237284E-05
    69   0.286541E-05   0.199693E-05
    70   0.239317E-05   0.168027E-05
    71   0.199876E-05   0.141356E-05
    72   0.166935E-05   0.118898E-05
    73   0.139423E-05   0.999909E-06
    74   0.116445E-05   0.840766E-06
    75   0.972545E-06   0.706839E-06
    76   0.812263E-06   0.594154E-06
    77   0.678397E-06   0.499358E-06
    78   0.566593E-06   0.419625E-06
    79   0.473215E-06   0.352574E-06
    80   0.395226E-06   0.296195E-06
    81   0.330090E-06   0.248799E-06
    82   0.275689E-06   0.208960E-06
    83   0.230254E-06   0.175478E-06
    84   0.192307E-06   0.147343E-06
    85   0.160613E-06   0.123704E-06
    86   0.134143E-06   0.103845E-06
    87   0.112035E-06   0.871650E-07
    88   0.935713E-07   0.731559E-07
