Iter     SteadyRMS     UnsteadyRMS
     1   0.707206       0.139567E-04
     2   0.702871       0.277420E-04
     3   0.698563       0.413575E-04
     4   0.694280       0.548048E-04
     5   0.690025       0.680853E-04
     6   0.685795       0.812008E-04
     7   0.681591       0.941526E-04
     8   0.677413       0.106942E-03
     9   0.673260       0.119571E-03
    10   0.669133       0.132041E-03
    11   0.665032       0.144354E-03
    12   0.660955       0.156510E-03
    13   0.656903       0.168512E-03
    14   0.652877       0.180360E-03
    15   0.648875       0.192056E-03
    16   0.644897       0.203602E-03
    17   0.640944       0.214999E-03
    18   0.637015       0.226248E-03
    19   0.633110       0.237351E-03
    20   0.629229       0.248310E-03
    21   0.625372       0.259124E-03
    22   0.621539       0.269797E-03
    23   0.617729       0.280329E-03
    24   0.613942       0.290721E-03
    25   0.610179       0.300975E-03
    26   0.606438       0.311092E-03
    27   0.602721       0.321074E-03
    28   0.599026       0.330921E-03
    29   0.595354       0.340635E-03
    30   0.591705       0.350218E-03
    31   0.588078       0.359670E-03
    32   0.584473       0.368993E-03
    33   0.580890       0.378187E-03
    34   0.577329       0.387255E-03
    35   0.573790       0.396198E-03
    36   0.570273       0.405015E-03
    37   0.566777       0.413710E-03
    38   0.563303       0.422283E-03
    39   0.559850       0.430735E-03
    40   0.556418       0.439067E-03
    41   0.553008       0.447280E-03
    42   0.549618       0.455376E-03
    43   0.546249       0.463356E-03
    44   0.542900       0.471221E-03
    45   0.539572       0.478972E-03
    46   0.536265       0.486609E-03
    47   0.532977       0.494135E-03
    48   0.529710       0.501550E-03
    49   0.526463       0.508856E-03
    50   0.523236       0.516053E-03
    51   0.520029       0.523142E-03
    52   0.516841       0.530125E-03
    53   0.513673       0.537002E-03
    54   0.510524       0.543775E-03
    55   0.507395       0.550444E-03
    56   0.504284       0.557011E-03
    57   0.501193       0.563477E-03
    58   0.498121       0.569842E-03
    59   0.495067       0.576108E-03
    60   0.492033       0.582276E-03
    61   0.489017       0.588346E-03
    62   0.486019       0.594319E-03
    63   0.483040       0.600197E-03
    64   0.480079       0.605980E-03
    65   0.477136       0.611670E-03
    66   0.474211       0.617267E-03
    67   0.471304       0.622773E-03
    68   0.468415       0.628187E-03
    69   0.465544       0.633511E-03
    70   0.462690       0.638747E-03
    71   0.459854       0.643894E-03
    72   0.457035       0.648954E-03
    73   0.454233       0.653927E-03
    74   0.451449       0.658815E-03
    75   0.448682       0.663619E-03
    76   0.445931       0.668338E-03
    77   0.443198       0.672975E-03
    78   0.440481       0.677529E-03
    79   0.437781       0.682002E-03
    80   0.435097       0.686395E-03
    81   0.432430       0.690708E-03
    82   0.429779       0.694942E-03
    83   0.427145       0.699098E-03
    84   0.424527       0.703177E-03
    85   0.421924       0.707180E-03
    86   0.419338       0.711106E-03
    87   0.416767       0.714958E-03
    88   0.414213       0.718736E-03
    89   0.411674       0.722441E-03
    90   0.409150       0.726072E-03
    91   0.406642       0.729633E-03
    92   0.404149       0.733122E-03
    93   0.401672       0.736540E-03
    94   0.399210       0.739889E-03
    95   0.396763       0.743169E-03
    96   0.394331       0.746381E-03
    97   0.391913       0.749526E-03
    98   0.389511       0.752604E-03
    99   0.387123       0.755615E-03
   100   0.384750       0.758562E-03
   101   0.382392       0.761443E-03
   102   0.380048       0.764261E-03
   103   0.377718       0.767015E-03
   104   0.375403       0.769707E-03
   105   0.373101       0.772337E-03
   106   0.370814       0.774906E-03
   107   0.368541       0.777413E-03
   108   0.366282       0.779861E-03
   109   0.364037       0.782250E-03
   110   0.361805       0.784580E-03
   111   0.359588       0.786851E-03
   112   0.357383       0.789065E-03
   113   0.355193       0.791223E-03
   114   0.353015       0.793324E-03
   115   0.350851       0.795369E-03
   116   0.348701       0.797360E-03
   117   0.346563       0.799296E-03
   118   0.344439       0.801178E-03
   119   0.342327       0.803007E-03
   120   0.340229       0.804783E-03
   121   0.338143       0.806507E-03
   122   0.336071       0.808180E-03
   123   0.334011       0.809802E-03
   124   0.331963       0.811373E-03
   125   0.329928       0.812895E-03
   126   0.327906       0.814367E-03
   127   0.325896       0.815791E-03
   128   0.323898       0.817166E-03
   129   0.321913       0.818494E-03
   130   0.319939       0.819775E-03
   131   0.317978       0.821009E-03
   132   0.316029       0.822197E-03
   133   0.314092       0.823339E-03
   134   0.312166       0.824437E-03
   135   0.310253       0.825490E-03
   136   0.308351       0.826498E-03
   137   0.306461       0.827464E-03
   138   0.304582       0.828386E-03
   139   0.302715       0.829266E-03
   140   0.300860       0.830104E-03
   141   0.299015       0.830900E-03
   142   0.297182       0.831656E-03
   143   0.295361       0.832370E-03
   144   0.293550       0.833045E-03
   145   0.291751       0.833680E-03
   146   0.289962       0.834275E-03
   147   0.288185       0.834832E-03
   148   0.286418       0.835351E-03
   149   0.284663       0.835832E-03
   150   0.282918       0.836275E-03
   151   0.281183       0.836682E-03
   152   0.279460       0.837051E-03
   153   0.277747       0.837385E-03
   154   0.276044       0.837684E-03
   155   0.274352       0.837947E-03
   156   0.272670       0.838175E-03
   157   0.270999       0.838368E-03
   158   0.269338       0.838528E-03
   159   0.267687       0.838655E-03
   160   0.266046       0.838748E-03
   161   0.264415       0.838808E-03
   162   0.262794       0.838836E-03
   163   0.261183       0.838832E-03
   164   0.259582       0.838796E-03
   165   0.257991       0.838730E-03
   166   0.256409       0.838632E-03
   167   0.254838       0.838504E-03
   168   0.253276       0.838346E-03
   169   0.251723       0.838158E-03
   170   0.250180       0.837941E-03
   171   0.248646       0.837695E-03
   172   0.247122       0.837421E-03
   173   0.245607       0.837118E-03
   174   0.244102       0.836788E-03
   175   0.242606       0.836430E-03
   176   0.241118       0.836045E-03
   177   0.239640       0.835633E-03
   178   0.238171       0.835194E-03
   179   0.236711       0.834730E-03
   180   0.235260       0.834239E-03
   181   0.233818       0.833724E-03
   182   0.232385       0.833183E-03
   183   0.230960       0.832617E-03
   184   0.229545       0.832027E-03
   185   0.228138       0.831413E-03
   186   0.226739       0.830774E-03
   187   0.225349       0.830113E-03
   188   0.223968       0.829428E-03
   189   0.222595       0.828720E-03
   190   0.221231       0.827990E-03
   191   0.219874       0.827238E-03
   192   0.218527       0.826463E-03
   193   0.217187       0.825667E-03
   194   0.215856       0.824849E-03
   195   0.214533       0.824011E-03
   196   0.213217       0.823151E-03
   197   0.211910       0.822271E-03
   198   0.210611       0.821371E-03
   199   0.209320       0.820451E-03
   200   0.208037       0.819511E-03
   201   0.206762       0.818552E-03
   202   0.205495       0.817574E-03
   203   0.204235       0.816577E-03
   204   0.202983       0.815561E-03
   205   0.201739       0.814527E-03
   206   0.200502       0.813475E-03
   207   0.199273       0.812405E-03
   208   0.198052       0.811318E-03
   209   0.196838       0.810213E-03
   210   0.195631       0.809092E-03
   211   0.194432       0.807953E-03
   212   0.193240       0.806798E-03
   213   0.192055       0.805627E-03
   214   0.190878       0.804440E-03
   215   0.189708       0.803237E-03
   216   0.188545       0.802018E-03
   217   0.187389       0.800784E-03
   218   0.186241       0.799535E-03
   219   0.185099       0.798271E-03
   220   0.183964       0.796993E-03
   221   0.182837       0.795700E-03
   222   0.181716       0.794393E-03
   223   0.180602       0.793072E-03
   224   0.179495       0.791737E-03
   225   0.178395       0.790389E-03
   226   0.177301       0.789028E-03
   227   0.176214       0.787653E-03
   228   0.175134       0.786266E-03
   229   0.174061       0.784866E-03
   230   0.172994       0.783453E-03
   231   0.171933       0.782028E-03
   232   0.170879       0.780592E-03
   233   0.169832       0.779143E-03
   234   0.168791       0.777683E-03
   235   0.167756       0.776211E-03
   236   0.166728       0.774728E-03
   237   0.165706       0.773234E-03
   238   0.164690       0.771729E-03
   239   0.163680       0.770214E-03
   240   0.162677       0.768688E-03
   241   0.161680       0.767151E-03
   242   0.160689       0.765605E-03
   243   0.159704       0.764049E-03
   244   0.158725       0.762482E-03
   245   0.157752       0.760907E-03
   246   0.156785       0.759322E-03
   247   0.155824       0.757727E-03
   248   0.154869       0.756124E-03
   249   0.153919       0.754512E-03
   250   0.152976       0.752891E-03
   251   0.152038       0.751261E-03
   252   0.151106       0.749624E-03
   253   0.150180       0.747978E-03
   254   0.149259       0.746324E-03
   255   0.148344       0.744662E-03
   256   0.147435       0.742992E-03
   257   0.146531       0.741315E-03
   258   0.145633       0.739630E-03
   259   0.144740       0.737938E-03
   260   0.143853       0.736239E-03
   261   0.142971       0.734533E-03
   262   0.142095       0.732820E-03
   263   0.141224       0.731101E-03
   264   0.140358       0.729375E-03
   265   0.139498       0.727643E-03
   266   0.138643       0.725904E-03
   267   0.137793       0.724159E-03
   268   0.136948       0.722409E-03
   269   0.136109       0.720652E-03
   270   0.135274       0.718890E-03
   271   0.134445       0.717123E-03
   272   0.133621       0.715350E-03
   273   0.132802       0.713572E-03
   274   0.131988       0.711788E-03
   275   0.131179       0.710000E-03
   276   0.130375       0.708207E-03
   277   0.129575       0.706409E-03
   278   0.128781       0.704606E-03
   279   0.127992       0.702799E-03
   280   0.127207       0.700988E-03
   281   0.126427       0.699172E-03
   282   0.125652       0.697352E-03
   283   0.124882       0.695528E-03
   284   0.124117       0.693701E-03
   285   0.123356       0.691869E-03
   286   0.122600       0.690034E-03
   287   0.121848       0.688195E-03
   288   0.121101       0.686353E-03
   289   0.120359       0.684508E-03
   290   0.119621       0.682659E-03
   291   0.118888       0.680807E-03
   292   0.118159       0.678952E-03
   293   0.117435       0.677095E-03
   294   0.116715       0.675234E-03
   295   0.115999       0.673371E-03
   296   0.115288       0.671505E-03
   297   0.114582       0.669637E-03
   298   0.113879       0.667767E-03
   299   0.113181       0.665894E-03
   300   0.112487       0.664019E-03
   301   0.111798       0.662142E-03
   302   0.111113       0.660263E-03
   303   0.110431       0.658382E-03
   304   0.109754       0.656499E-03
   305   0.109082       0.654615E-03
   306   0.108413       0.652729E-03
   307   0.107748       0.650841E-03
   308   0.107088       0.648952E-03
   309   0.106432       0.647062E-03
   310   0.105779       0.645170E-03
   311   0.105131       0.643277E-03
   312   0.104486       0.641384E-03
   313   0.103846       0.639489E-03
   314   0.103209       0.637593E-03
   315   0.102577       0.635697E-03
   316   0.101948       0.633799E-03
   317   0.101323       0.631901E-03
   318   0.100702       0.630003E-03
   319   0.100084       0.628104E-03
   320   0.994709E-01   0.626204E-03
   321   0.988612E-01   0.624304E-03
   322   0.982552E-01   0.622404E-03
   323   0.976529E-01   0.620504E-03
   324   0.970543E-01   0.618604E-03
   325   0.964593E-01   0.616703E-03
   326   0.958681E-01   0.614803E-03
   327   0.952804E-01   0.612902E-03
   328   0.946963E-01   0.611002E-03
   329   0.941159E-01   0.609102E-03
   330   0.935389E-01   0.607202E-03
   331   0.929656E-01   0.605303E-03
   332   0.923957E-01   0.603404E-03
   333   0.918293E-01   0.601506E-03
   334   0.912664E-01   0.599608E-03
   335   0.907069E-01   0.597711E-03
   336   0.901509E-01   0.595814E-03
   337   0.895983E-01   0.593918E-03
   338   0.890491E-01   0.592023E-03
   339   0.885032E-01   0.590129E-03
   340   0.879607E-01   0.588236E-03
   341   0.874215E-01   0.586344E-03
   342   0.868856E-01   0.584453E-03
   343   0.863530E-01   0.582563E-03
   344   0.858237E-01   0.580674E-03
   345   0.852976E-01   0.578787E-03
   346   0.847747E-01   0.576901E-03
   347   0.842551E-01   0.575016E-03
   348   0.837386E-01   0.573132E-03
   349   0.832253E-01   0.571250E-03
   350   0.827151E-01   0.569370E-03
   351   0.822081E-01   0.567491E-03
   352   0.817042E-01   0.565613E-03
   353   0.812033E-01   0.563738E-03
   354   0.807056E-01   0.561864E-03
   355   0.802108E-01   0.559991E-03
   356   0.797191E-01   0.558121E-03
   357   0.792305E-01   0.556252E-03
   358   0.787448E-01   0.554386E-03
   359   0.782621E-01   0.552521E-03
   360   0.777824E-01   0.550658E-03
   361   0.773056E-01   0.548798E-03
   362   0.768317E-01   0.546939E-03
   363   0.763607E-01   0.545083E-03
   364   0.758926E-01   0.543229E-03
   365   0.754274E-01   0.541376E-03
   366   0.749651E-01   0.539527E-03
   367   0.745055E-01   0.537679E-03
   368   0.740488E-01   0.535834E-03
   369   0.735949E-01   0.533991E-03
   370   0.731438E-01   0.532151E-03
   371   0.726954E-01   0.530313E-03
   372   0.722498E-01   0.528478E-03
   373   0.718069E-01   0.526645E-03
   374   0.713667E-01   0.524815E-03
   375   0.709293E-01   0.522987E-03
   376   0.704945E-01   0.521162E-03
   377   0.700624E-01   0.519340E-03
   378   0.696329E-01   0.517521E-03
   379   0.692060E-01   0.515704E-03
   380   0.687818E-01   0.513890E-03
   381   0.683602E-01   0.512079E-03
   382   0.679411E-01   0.510271E-03
   383   0.675247E-01   0.508465E-03
   384   0.671108E-01   0.506663E-03
   385   0.666994E-01   0.504864E-03
   386   0.662905E-01   0.503067E-03
   387   0.658842E-01   0.501274E-03
   388   0.654803E-01   0.499483E-03
   389   0.650789E-01   0.497696E-03
   390   0.646800E-01   0.495912E-03
   391   0.642835E-01   0.494131E-03
   392   0.638894E-01   0.492353E-03
   393   0.634978E-01   0.490579E-03
   394   0.631086E-01   0.488807E-03
   395   0.627217E-01   0.487039E-03
   396   0.623372E-01   0.485274E-03
   397   0.619551E-01   0.483513E-03
   398   0.615753E-01   0.481755E-03
   399   0.611979E-01   0.480000E-03
   400   0.608228E-01   0.478248E-03
   401   0.604499E-01   0.476500E-03
   402   0.600794E-01   0.474756E-03
   403   0.597111E-01   0.473015E-03
   404   0.593451E-01   0.471277E-03
   405   0.589813E-01   0.469543E-03
   406   0.586197E-01   0.467812E-03
   407   0.582604E-01   0.466085E-03
   408   0.579033E-01   0.464362E-03
   409   0.575483E-01   0.462642E-03
   410   0.571956E-01   0.460926E-03
   411   0.568450E-01   0.459213E-03
   412   0.564965E-01   0.457504E-03
   413   0.561502E-01   0.455799E-03
   414   0.558060E-01   0.454097E-03
   415   0.554639E-01   0.452399E-03
   416   0.551239E-01   0.450705E-03
   417   0.547860E-01   0.449015E-03
   418   0.544502E-01   0.447328E-03
   419   0.541164E-01   0.445645E-03
   420   0.537847E-01   0.443966E-03
   421   0.534550E-01   0.442291E-03
   422   0.531273E-01   0.440619E-03
   423   0.528016E-01   0.438952E-03
   424   0.524780E-01   0.437288E-03
   425   0.521563E-01   0.435628E-03
   426   0.518366E-01   0.433972E-03
   427   0.515188E-01   0.432320E-03
   428   0.512030E-01   0.430672E-03
   429   0.508892E-01   0.429028E-03
   430   0.505772E-01   0.427388E-03
   431   0.502672E-01   0.425752E-03
   432   0.499590E-01   0.424120E-03
   433   0.496528E-01   0.422491E-03
   434   0.493484E-01   0.420867E-03
   435   0.490459E-01   0.419247E-03
   436   0.487453E-01   0.417631E-03
   437   0.484465E-01   0.416019E-03
   438   0.481495E-01   0.414411E-03
   439   0.478544E-01   0.412806E-03
   440   0.475610E-01   0.411207E-03
   441   0.472695E-01   0.409611E-03
   442   0.469797E-01   0.408019E-03
   443   0.466917E-01   0.406431E-03
   444   0.464055E-01   0.404848E-03
   445   0.461211E-01   0.403268E-03
   446   0.458383E-01   0.401693E-03
   447   0.455573E-01   0.400122E-03
   448   0.452781E-01   0.398555E-03
   449   0.450005E-01   0.396992E-03
   450   0.447247E-01   0.395433E-03
   451   0.444505E-01   0.393879E-03
   452   0.441781E-01   0.392329E-03
   453   0.439072E-01   0.390782E-03
   454   0.436381E-01   0.389240E-03
   455   0.433706E-01   0.387703E-03
   456   0.431047E-01   0.386169E-03
   457   0.428405E-01   0.384640E-03
   458   0.425779E-01   0.383115E-03
   459   0.423169E-01   0.381594E-03
   460   0.420575E-01   0.380077E-03
   461   0.417997E-01   0.378565E-03
   462   0.415435E-01   0.377057E-03
   463   0.412888E-01   0.375553E-03
   464   0.410357E-01   0.374053E-03
   465   0.407842E-01   0.372558E-03
   466   0.405342E-01   0.371067E-03
   467   0.402857E-01   0.369580E-03
   468   0.400388E-01   0.368097E-03
   469   0.397933E-01   0.366619E-03
   470   0.395494E-01   0.365145E-03
   471   0.393070E-01   0.363675E-03
   472   0.390660E-01   0.362210E-03
   473   0.388265E-01   0.360749E-03
   474   0.385885E-01   0.359292E-03
   475   0.383520E-01   0.357839E-03
   476   0.381169E-01   0.356391E-03
   477   0.378832E-01   0.354947E-03
   478   0.376510E-01   0.353507E-03
   479   0.374202E-01   0.352072E-03
   480   0.371908E-01   0.350641E-03
   481   0.369629E-01   0.349214E-03
   482   0.367363E-01   0.347791E-03
   483   0.365111E-01   0.346373E-03
   484   0.362873E-01   0.344959E-03
   485   0.360649E-01   0.343550E-03
   486   0.358438E-01   0.342144E-03
   487   0.356241E-01   0.340743E-03
   488   0.354057E-01   0.339347E-03
   489   0.351887E-01   0.337954E-03
   490   0.349730E-01   0.336566E-03
   491   0.347586E-01   0.335183E-03
   492   0.345455E-01   0.333803E-03
   493   0.343337E-01   0.332428E-03
   494   0.341233E-01   0.331057E-03
   495   0.339141E-01   0.329691E-03
   496   0.337062E-01   0.328328E-03
   497   0.334996E-01   0.326970E-03
   498   0.332943E-01   0.325617E-03
   499   0.330902E-01   0.324267E-03
   500   0.328873E-01   0.322922E-03
   501   0.326857E-01   0.321582E-03
   502   0.324854E-01   0.320245E-03
   503   0.322862E-01   0.318913E-03
   504   0.320883E-01   0.317585E-03
   505   0.318916E-01   0.316261E-03
   506   0.316961E-01   0.314942E-03
   507   0.315018E-01   0.313627E-03
   508   0.313087E-01   0.312316E-03
   509   0.311168E-01   0.311010E-03
   510   0.309261E-01   0.309707E-03
   511   0.307365E-01   0.308410E-03
   512   0.305481E-01   0.307116E-03
   513   0.303608E-01   0.305826E-03
   514   0.301747E-01   0.304541E-03
   515   0.299898E-01   0.303260E-03
   516   0.298059E-01   0.301984E-03
   517   0.296232E-01   0.300711E-03
   518   0.294416E-01   0.299443E-03
   519   0.292611E-01   0.298179E-03
   520   0.290818E-01   0.296919E-03
   521   0.289035E-01   0.295664E-03
   522   0.287263E-01   0.294412E-03
   523   0.285502E-01   0.293165E-03
   524   0.283752E-01   0.291923E-03
   525   0.282013E-01   0.290684E-03
   526   0.280284E-01   0.289449E-03
   527   0.278566E-01   0.288219E-03
   528   0.276859E-01   0.286993E-03
   529   0.275161E-01   0.285771E-03
   530   0.273475E-01   0.284554E-03
   531   0.271798E-01   0.283340E-03
   532   0.270132E-01   0.282131E-03
   533   0.268476E-01   0.280926E-03
   534   0.266831E-01   0.279725E-03
   535   0.265195E-01   0.278528E-03
   536   0.263569E-01   0.277335E-03
   537   0.261954E-01   0.276147E-03
   538   0.260348E-01   0.274963E-03
   539   0.258752E-01   0.273782E-03
   540   0.257166E-01   0.272606E-03
   541   0.255590E-01   0.271434E-03
   542   0.254023E-01   0.270266E-03
   543   0.252466E-01   0.269103E-03
   544   0.250918E-01   0.267943E-03
   545   0.249380E-01   0.266787E-03
   546   0.247851E-01   0.265636E-03
   547   0.246332E-01   0.264488E-03
   548   0.244822E-01   0.263345E-03
   549   0.243321E-01   0.262206E-03
   550   0.241830E-01   0.261071E-03
   551   0.240347E-01   0.259940E-03
   552   0.238874E-01   0.258812E-03
   553   0.237410E-01   0.257689E-03
   554   0.235954E-01   0.256570E-03
   555   0.234508E-01   0.255455E-03
   556   0.233071E-01   0.254344E-03
   557   0.231642E-01   0.253237E-03
   558   0.230222E-01   0.252135E-03
   559   0.228811E-01   0.251036E-03
   560   0.227408E-01   0.249941E-03
   561   0.226014E-01   0.248850E-03
   562   0.224629E-01   0.247763E-03
   563   0.223252E-01   0.246680E-03
   564   0.221883E-01   0.245601E-03
   565   0.220523E-01   0.244525E-03
   566   0.219171E-01   0.243454E-03
   567   0.217828E-01   0.242387E-03
   568   0.216493E-01   0.241324E-03
   569   0.215165E-01   0.240264E-03
   570   0.213847E-01   0.239209E-03
   571   0.212536E-01   0.238157E-03
   572   0.211233E-01   0.237110E-03
   573   0.209938E-01   0.236066E-03
   574   0.208651E-01   0.235026E-03
   575   0.207372E-01   0.233990E-03
   576   0.206101E-01   0.232958E-03
   577   0.204838E-01   0.231929E-03
   578   0.203582E-01   0.230905E-03
   579   0.202334E-01   0.229884E-03
   580   0.201094E-01   0.228867E-03
   581   0.199861E-01   0.227854E-03
   582   0.198636E-01   0.226845E-03
   583   0.197418E-01   0.225840E-03
   584   0.196208E-01   0.224838E-03
   585   0.195005E-01   0.223840E-03
   586   0.193810E-01   0.222846E-03
   587   0.192622E-01   0.221856E-03
   588   0.191441E-01   0.220870E-03
   589   0.190268E-01   0.219887E-03
   590   0.189101E-01   0.218908E-03
   591   0.187942E-01   0.217933E-03
   592   0.186790E-01   0.216961E-03
   593   0.185645E-01   0.215993E-03
   594   0.184507E-01   0.215029E-03
   595   0.183376E-01   0.214069E-03
   596   0.182252E-01   0.213112E-03
   597   0.181135E-01   0.212159E-03
   598   0.180025E-01   0.211209E-03
   599   0.178921E-01   0.210264E-03
   600   0.177824E-01   0.209322E-03
   601   0.176734E-01   0.208383E-03
   602   0.175651E-01   0.207448E-03
   603   0.174574E-01   0.206517E-03
   604   0.173504E-01   0.205590E-03
   605   0.172440E-01   0.204666E-03
   606   0.171383E-01   0.203745E-03
   607   0.170333E-01   0.202828E-03
   608   0.169289E-01   0.201915E-03
   609   0.168251E-01   0.201006E-03
   610   0.167220E-01   0.200100E-03
   611   0.166195E-01   0.199197E-03
   612   0.165176E-01   0.198298E-03
   613   0.164163E-01   0.197403E-03
   614   0.163157E-01   0.196511E-03
   615   0.162157E-01   0.195622E-03
   616   0.161163E-01   0.194737E-03
   617   0.160175E-01   0.193856E-03
   618   0.159193E-01   0.192978E-03
   619   0.158217E-01   0.192103E-03
   620   0.157247E-01   0.191232E-03
   621   0.156283E-01   0.190365E-03
   622   0.155325E-01   0.189501E-03
   623   0.154373E-01   0.188640E-03
   624   0.153427E-01   0.187783E-03
   625   0.152487E-01   0.186929E-03
   626   0.151552E-01   0.186078E-03
   627   0.150623E-01   0.185231E-03
   628   0.149700E-01   0.184388E-03
   629   0.148782E-01   0.183547E-03
   630   0.147870E-01   0.182711E-03
   631   0.146963E-01   0.181877E-03
   632   0.146063E-01   0.181047E-03
   633   0.145167E-01   0.180220E-03
   634   0.144277E-01   0.179396E-03
   635   0.143393E-01   0.178576E-03
   636   0.142514E-01   0.177759E-03
   637   0.141640E-01   0.176946E-03
   638   0.140772E-01   0.176135E-03
   639   0.139909E-01   0.175328E-03
   640   0.139052E-01   0.174525E-03
   641   0.138199E-01   0.173724E-03
   642   0.137352E-01   0.172927E-03
   643   0.136510E-01   0.172133E-03
   644   0.135673E-01   0.171342E-03
   645   0.134842E-01   0.170554E-03
   646   0.134015E-01   0.169770E-03
   647   0.133194E-01   0.168989E-03
   648   0.132377E-01   0.168211E-03
   649   0.131566E-01   0.167436E-03
   650   0.130759E-01   0.166665E-03
   651   0.129958E-01   0.165896E-03
   652   0.129161E-01   0.165131E-03
   653   0.128369E-01   0.164369E-03
   654   0.127582E-01   0.163610E-03
   655   0.126800E-01   0.162854E-03
   656   0.126023E-01   0.162101E-03
   657   0.125251E-01   0.161351E-03
   658   0.124483E-01   0.160605E-03
   659   0.123720E-01   0.159861E-03
   660   0.122961E-01   0.159121E-03
   661   0.122208E-01   0.158384E-03
   662   0.121458E-01   0.157649E-03
   663   0.120714E-01   0.156918E-03
   664   0.119974E-01   0.156190E-03
   665   0.119239E-01   0.155465E-03
   666   0.118508E-01   0.154743E-03
   667   0.117781E-01   0.154023E-03
   668   0.117059E-01   0.153307E-03
   669   0.116342E-01   0.152594E-03
   670   0.115628E-01   0.151884E-03
   671   0.114920E-01   0.151177E-03
   672   0.114215E-01   0.150472E-03
   673   0.113515E-01   0.149771E-03
   674   0.112819E-01   0.149073E-03
   675   0.112128E-01   0.148377E-03
   676   0.111440E-01   0.147685E-03
   677   0.110757E-01   0.146995E-03
   678   0.110078E-01   0.146308E-03
   679   0.109404E-01   0.145625E-03
   680   0.108733E-01   0.144944E-03
   681   0.108066E-01   0.144266E-03
   682   0.107404E-01   0.143590E-03
   683   0.106746E-01   0.142918E-03
   684   0.106091E-01   0.142249E-03
   685   0.105441E-01   0.141582E-03
   686   0.104795E-01   0.140918E-03
   687   0.104152E-01   0.140257E-03
   688   0.103514E-01   0.139599E-03
   689   0.102879E-01   0.138943E-03
   690   0.102249E-01   0.138291E-03
   691   0.101622E-01   0.137641E-03
   692   0.100999E-01   0.136994E-03
   693   0.100380E-01   0.136349E-03
   694   0.997644E-02   0.135708E-03
   695   0.991529E-02   0.135069E-03
   696   0.985451E-02   0.134433E-03
   697   0.979410E-02   0.133799E-03
   698   0.973406E-02   0.133169E-03
   699   0.967439E-02   0.132541E-03
   700   0.961509E-02   0.131915E-03
   701   0.955615E-02   0.131293E-03
   702   0.949757E-02   0.130673E-03
   703   0.943935E-02   0.130056E-03
   704   0.938149E-02   0.129441E-03
   705   0.932398E-02   0.128829E-03
   706   0.926683E-02   0.128220E-03
   707   0.921002E-02   0.127613E-03
   708   0.915357E-02   0.127009E-03
   709   0.909746E-02   0.126407E-03
   710   0.904169E-02   0.125808E-03
   711   0.898627E-02   0.125212E-03
   712   0.893118E-02   0.124618E-03
   713   0.887643E-02   0.124027E-03
   714   0.882202E-02   0.123438E-03
   715   0.876794E-02   0.122852E-03
   716   0.871420E-02   0.122269E-03
   717   0.866078E-02   0.121688E-03
   718   0.860769E-02   0.121110E-03
   719   0.855493E-02   0.120534E-03
   720   0.850248E-02   0.119960E-03
   721   0.845037E-02   0.119389E-03
   722   0.839857E-02   0.118821E-03
   723   0.834708E-02   0.118255E-03
   724   0.829592E-02   0.117691E-03
   725   0.824506E-02   0.117130E-03
   726   0.819452E-02   0.116572E-03
   727   0.814429E-02   0.116016E-03
   728   0.809437E-02   0.115462E-03
   729   0.804475E-02   0.114911E-03
   730   0.799543E-02   0.114362E-03
   731   0.794642E-02   0.113815E-03
   732   0.789771E-02   0.113271E-03
   733   0.784930E-02   0.112730E-03
   734   0.780119E-02   0.112190E-03
   735   0.775336E-02   0.111653E-03
   736   0.770584E-02   0.111119E-03
   737   0.765860E-02   0.110587E-03
   738   0.761165E-02   0.110057E-03
   739   0.756500E-02   0.109529E-03
   740   0.751862E-02   0.109004E-03
   741   0.747253E-02   0.108481E-03
   742   0.742673E-02   0.107961E-03
   743   0.738120E-02   0.107443E-03
   744   0.733596E-02   0.106927E-03
   745   0.729099E-02   0.106413E-03
   746   0.724630E-02   0.105902E-03
   747   0.720188E-02   0.105392E-03
   748   0.715773E-02   0.104886E-03
   749   0.711385E-02   0.104381E-03
   750   0.707025E-02   0.103879E-03
   751   0.702691E-02   0.103379E-03
   752   0.698383E-02   0.102881E-03
   753   0.694102E-02   0.102385E-03
   754   0.689847E-02   0.101891E-03
   755   0.685619E-02   0.101400E-03
   756   0.681416E-02   0.100911E-03
   757   0.677239E-02   0.100424E-03
   758   0.673088E-02   0.999394E-04
   759   0.668962E-02   0.994569E-04
   760   0.664861E-02   0.989765E-04
   761   0.660785E-02   0.984982E-04
   762   0.656735E-02   0.980221E-04
   763   0.652709E-02   0.975481E-04
   764   0.648708E-02   0.970763E-04
   765   0.644732E-02   0.966066E-04
   766   0.640779E-02   0.961389E-04
   767   0.636852E-02   0.956734E-04
   768   0.632948E-02   0.952100E-04
   769   0.629068E-02   0.947486E-04
   770   0.625212E-02   0.942894E-04
   771   0.621379E-02   0.938321E-04
   772   0.617570E-02   0.933770E-04
   773   0.613785E-02   0.929239E-04
   774   0.610022E-02   0.924729E-04
   775   0.606283E-02   0.920238E-04
   776   0.602566E-02   0.915769E-04
   777   0.598873E-02   0.911319E-04
   778   0.595202E-02   0.906889E-04
   779   0.591553E-02   0.902480E-04
   780   0.587927E-02   0.898090E-04
   781   0.584323E-02   0.893721E-04
   782   0.580741E-02   0.889371E-04
   783   0.577181E-02   0.885041E-04
   784   0.573643E-02   0.880730E-04
   785   0.570127E-02   0.876439E-04
   786   0.566632E-02   0.872168E-04
   787   0.563159E-02   0.867916E-04
   788   0.559706E-02   0.863683E-04
   789   0.556275E-02   0.859470E-04
   790   0.552866E-02   0.855275E-04
   791   0.549477E-02   0.851100E-04
   792   0.546108E-02   0.846944E-04
   793   0.542761E-02   0.842807E-04
   794   0.539434E-02   0.838689E-04
   795   0.536127E-02   0.834589E-04
   796   0.532841E-02   0.830509E-04
   797   0.529574E-02   0.826446E-04
   798   0.526328E-02   0.822403E-04
   799   0.523102E-02   0.818378E-04
   800   0.519895E-02   0.814371E-04
   801   0.516708E-02   0.810383E-04
   802   0.513541E-02   0.806413E-04
   803   0.510393E-02   0.802461E-04
   804   0.507264E-02   0.798527E-04
   805   0.504155E-02   0.794612E-04
   806   0.501064E-02   0.790714E-04
   807   0.497993E-02   0.786835E-04
   808   0.494940E-02   0.782973E-04
   809   0.491906E-02   0.779129E-04
   810   0.488891E-02   0.775302E-04
   811   0.485894E-02   0.771493E-04
   812   0.482916E-02   0.767702E-04
   813   0.479955E-02   0.763928E-04
   814   0.477013E-02   0.760172E-04
   815   0.474089E-02   0.756433E-04
   816   0.471183E-02   0.752711E-04
   817   0.468295E-02   0.749006E-04
   818   0.465424E-02   0.745319E-04
   819   0.462571E-02   0.741648E-04
   820   0.459736E-02   0.737995E-04
   821   0.456918E-02   0.734358E-04
   822   0.454117E-02   0.730738E-04
   823   0.451333E-02   0.727135E-04
   824   0.448566E-02   0.723549E-04
   825   0.445817E-02   0.719979E-04
   826   0.443084E-02   0.716426E-04
   827   0.440368E-02   0.712890E-04
   828   0.437668E-02   0.709370E-04
   829   0.434986E-02   0.705866E-04
   830   0.432319E-02   0.702378E-04
   831   0.429669E-02   0.698907E-04
   832   0.427035E-02   0.695452E-04
   833   0.424418E-02   0.692013E-04
   834   0.421816E-02   0.688589E-04
   835   0.419230E-02   0.685182E-04
   836   0.416660E-02   0.681791E-04
   837   0.414106E-02   0.678416E-04
   838   0.411568E-02   0.675056E-04
   839   0.409045E-02   0.671712E-04
   840   0.406538E-02   0.668384E-04
   841   0.404046E-02   0.665071E-04
   842   0.401569E-02   0.661773E-04
   843   0.399107E-02   0.658491E-04
   844   0.396661E-02   0.655225E-04
   845   0.394229E-02   0.651973E-04
   846   0.391813E-02   0.648737E-04
   847   0.389411E-02   0.645516E-04
   848   0.387024E-02   0.642311E-04
   849   0.384651E-02   0.639120E-04
   850   0.382294E-02   0.635944E-04
   851   0.379950E-02   0.632783E-04
   852   0.377621E-02   0.629637E-04
   853   0.375306E-02   0.626506E-04
   854   0.373006E-02   0.623389E-04
   855   0.370719E-02   0.620287E-04
   856   0.368447E-02   0.617200E-04
   857   0.366188E-02   0.614127E-04
   858   0.363944E-02   0.611069E-04
   859   0.361713E-02   0.608025E-04
   860   0.359495E-02   0.604995E-04
   861   0.357292E-02   0.601980E-04
   862   0.355101E-02   0.598979E-04
   863   0.352925E-02   0.595992E-04
   864   0.350761E-02   0.593019E-04
   865   0.348611E-02   0.590060E-04
   866   0.346474E-02   0.587115E-04
   867   0.344350E-02   0.584184E-04
   868   0.342240E-02   0.581267E-04
   869   0.340142E-02   0.578364E-04
   870   0.338057E-02   0.575475E-04
   871   0.335984E-02   0.572599E-04
   872   0.333925E-02   0.569737E-04
   873   0.331878E-02   0.566888E-04
   874   0.329844E-02   0.564053E-04
   875   0.327822E-02   0.561231E-04
   876   0.325812E-02   0.558423E-04
   877   0.323815E-02   0.555628E-04
   878   0.321830E-02   0.552846E-04
   879   0.319857E-02   0.550078E-04
   880   0.317896E-02   0.547322E-04
   881   0.315948E-02   0.544580E-04
   882   0.314011E-02   0.541851E-04
   883   0.312086E-02   0.539135E-04
   884   0.310173E-02   0.536431E-04
   885   0.308272E-02   0.533741E-04
   886   0.306382E-02   0.531063E-04
   887   0.304504E-02   0.528398E-04
   888   0.302637E-02   0.525746E-04
   889   0.300782E-02   0.523107E-04
   890   0.298939E-02   0.520480E-04
   891   0.297106E-02   0.517866E-04
   892   0.295285E-02   0.515264E-04
   893   0.293475E-02   0.512674E-04
   894   0.291676E-02   0.510097E-04
   895   0.289888E-02   0.507532E-04
   896   0.288111E-02   0.504980E-04
   897   0.286345E-02   0.502440E-04
   898   0.284590E-02   0.499912E-04
   899   0.282845E-02   0.497395E-04
   900   0.281111E-02   0.494892E-04
   901   0.279388E-02   0.492400E-04
   902   0.277675E-02   0.489920E-04
   903   0.275973E-02   0.487451E-04
   904   0.274282E-02   0.484995E-04
   905   0.272600E-02   0.482551E-04
   906   0.270929E-02   0.480118E-04
   907   0.269269E-02   0.477697E-04
   908   0.267618E-02   0.475287E-04
   909   0.265977E-02   0.472889E-04
   910   0.264347E-02   0.470503E-04
   911   0.262727E-02   0.468128E-04
   912   0.261116E-02   0.465765E-04
   913   0.259516E-02   0.463413E-04
   914   0.257925E-02   0.461072E-04
   915   0.256344E-02   0.458742E-04
   916   0.254772E-02   0.456424E-04
   917   0.253211E-02   0.454117E-04
   918   0.251658E-02   0.451821E-04
   919   0.250116E-02   0.449536E-04
   920   0.248583E-02   0.447262E-04
   921   0.247059E-02   0.444999E-04
   922   0.245544E-02   0.442748E-04
   923   0.244039E-02   0.440506E-04
   924   0.242543E-02   0.438276E-04
   925   0.241056E-02   0.436057E-04
   926   0.239579E-02   0.433848E-04
   927   0.238110E-02   0.431650E-04
   928   0.236651E-02   0.429463E-04
   929   0.235200E-02   0.427286E-04
   930   0.233758E-02   0.425119E-04
   931   0.232325E-02   0.422964E-04
   932   0.230901E-02   0.420818E-04
   933   0.229486E-02   0.418683E-04
   934   0.228079E-02   0.416559E-04
   935   0.226681E-02   0.414445E-04
   936   0.225291E-02   0.412341E-04
   937   0.223910E-02   0.410247E-04
   938   0.222538E-02   0.408163E-04
   939   0.221174E-02   0.406090E-04
   940   0.219818E-02   0.404026E-04
   941   0.218470E-02   0.401973E-04
   942   0.217131E-02   0.399929E-04
   943   0.215800E-02   0.397896E-04
   944   0.214477E-02   0.395872E-04
   945   0.213163E-02   0.393858E-04
   946   0.211856E-02   0.391854E-04
   947   0.210557E-02   0.389860E-04
   948   0.209267E-02   0.387876E-04
   949   0.207984E-02   0.385901E-04
   950   0.206709E-02   0.383936E-04
   951   0.205442E-02   0.381980E-04
   952   0.204183E-02   0.380034E-04
   953   0.202931E-02   0.378098E-04
   954   0.201687E-02   0.376171E-04
   955   0.200451E-02   0.374253E-04
   956   0.199222E-02   0.372345E-04
   957   0.198001E-02   0.370446E-04
   958   0.196787E-02   0.368556E-04
   959   0.195581E-02   0.366675E-04
   960   0.194382E-02   0.364804E-04
   961   0.193190E-02   0.362942E-04
   962   0.192006E-02   0.361089E-04
   963   0.190829E-02   0.359245E-04
   964   0.189659E-02   0.357410E-04
   965   0.188497E-02   0.355584E-04
   966   0.187341E-02   0.353767E-04
   967   0.186193E-02   0.351959E-04
   968   0.185052E-02   0.350160E-04
   969   0.183917E-02   0.348370E-04
   970   0.182790E-02   0.346588E-04
   971   0.181669E-02   0.344815E-04
   972   0.180556E-02   0.343051E-04
   973   0.179449E-02   0.341296E-04
   974   0.178349E-02   0.339549E-04
   975   0.177256E-02   0.337811E-04
   976   0.176169E-02   0.336081E-04
   977   0.175089E-02   0.334360E-04
   978   0.174016E-02   0.332647E-04
   979   0.172949E-02   0.330943E-04
   980   0.171889E-02   0.329247E-04
   981   0.170835E-02   0.327559E-04
   982   0.169788E-02   0.325880E-04
   983   0.168747E-02   0.324209E-04
   984   0.167713E-02   0.322546E-04
   985   0.166685E-02   0.320892E-04
   986   0.165663E-02   0.319245E-04
   987   0.164648E-02   0.317607E-04
   988   0.163638E-02   0.315977E-04
   989   0.162635E-02   0.314355E-04
   990   0.161638E-02   0.312741E-04
   991   0.160648E-02   0.311135E-04
   992   0.159663E-02   0.309536E-04
   993   0.158684E-02   0.307946E-04
   994   0.157711E-02   0.306363E-04
   995   0.156745E-02   0.304789E-04
   996   0.155784E-02   0.303222E-04
   997   0.154829E-02   0.301663E-04
   998   0.153880E-02   0.300111E-04
   999   0.152936E-02   0.298568E-04
  1000   0.151999E-02   0.297032E-04
  1001   0.151067E-02   0.295503E-04
  1002   0.150141E-02   0.293982E-04
  1003   0.149221E-02   0.292469E-04
  1004   0.148306E-02   0.290963E-04
  1005   0.147397E-02   0.289465E-04
  1006   0.146494E-02   0.287974E-04
  1007   0.145596E-02   0.286490E-04
  1008   0.144703E-02   0.285014E-04
  1009   0.143816E-02   0.283545E-04
  1010   0.142934E-02   0.282083E-04
  1011   0.142058E-02   0.280629E-04
  1012   0.141187E-02   0.279182E-04
  1013   0.140322E-02   0.277742E-04
  1014   0.139462E-02   0.276309E-04
  1015   0.138607E-02   0.274884E-04
  1016   0.137757E-02   0.273465E-04
  1017   0.136913E-02   0.272054E-04
  1018   0.136074E-02   0.270649E-04
  1019   0.135239E-02   0.269252E-04
  1020   0.134410E-02   0.267861E-04
  1021   0.133587E-02   0.266478E-04
  1022   0.132768E-02   0.265101E-04
  1023   0.131954E-02   0.263731E-04
  1024   0.131145E-02   0.262368E-04
  1025   0.130341E-02   0.261012E-04
  1026   0.129542E-02   0.259663E-04
  1027   0.128748E-02   0.258320E-04
  1028   0.127959E-02   0.256984E-04
  1029   0.127174E-02   0.255654E-04
  1030   0.126395E-02   0.254332E-04
  1031   0.125620E-02   0.253016E-04
  1032   0.124850E-02   0.251706E-04
  1033   0.124085E-02   0.250403E-04
  1034   0.123324E-02   0.249107E-04
  1035   0.122568E-02   0.247817E-04
  1036   0.121817E-02   0.246533E-04
  1037   0.121070E-02   0.245256E-04
  1038   0.120328E-02   0.243985E-04
  1039   0.119590E-02   0.242721E-04
  1040   0.118857E-02   0.241463E-04
  1041   0.118129E-02   0.240211E-04
  1042   0.117405E-02   0.238966E-04
  1043   0.116685E-02   0.237726E-04
  1044   0.115970E-02   0.236493E-04
  1045   0.115259E-02   0.235266E-04
  1046   0.114552E-02   0.234046E-04
  1047   0.113850E-02   0.232831E-04
  1048   0.113152E-02   0.231623E-04
  1049   0.112458E-02   0.230420E-04
  1050   0.111769E-02   0.229224E-04
  1051   0.111084E-02   0.228033E-04
  1052   0.110403E-02   0.226849E-04
  1053   0.109726E-02   0.225671E-04
  1054   0.109054E-02   0.224498E-04
  1055   0.108385E-02   0.223331E-04
  1056   0.107721E-02   0.222171E-04
  1057   0.107060E-02   0.221016E-04
  1058   0.106404E-02   0.219866E-04
  1059   0.105752E-02   0.218723E-04
  1060   0.105104E-02   0.217585E-04
  1061   0.104459E-02   0.216454E-04
  1062   0.103819E-02   0.215327E-04
  1063   0.103183E-02   0.214207E-04
  1064   0.102550E-02   0.213092E-04
  1065   0.101922E-02   0.211983E-04
  1066   0.101297E-02   0.210879E-04
  1067   0.100676E-02   0.209781E-04
  1068   0.100059E-02   0.208688E-04
  1069   0.994454E-03   0.207601E-04
  1070   0.988358E-03   0.206520E-04
  1071   0.982300E-03   0.205443E-04
  1072   0.976278E-03   0.204373E-04
  1073   0.970294E-03   0.203307E-04
  1074   0.964346E-03   0.202247E-04
  1075   0.958434E-03   0.201193E-04
  1076   0.952559E-03   0.200144E-04
  1077   0.946720E-03   0.199100E-04
  1078   0.940917E-03   0.198061E-04
  1079   0.935149E-03   0.197028E-04
  1080   0.929417E-03   0.195999E-04
  1081   0.923720E-03   0.194976E-04
  1082   0.918057E-03   0.193959E-04
  1083   0.912430E-03   0.192946E-04
  1084   0.906837E-03   0.191938E-04
  1085   0.901278E-03   0.190936E-04
  1086   0.895753E-03   0.189938E-04
  1087   0.890262E-03   0.188946E-04
  1088   0.884805E-03   0.187959E-04
  1089   0.879381E-03   0.186977E-04
  1090   0.873991E-03   0.185999E-04
  1091   0.868633E-03   0.185027E-04
  1092   0.863309E-03   0.184059E-04
  1093   0.858017E-03   0.183097E-04
  1094   0.852757E-03   0.182139E-04
  1095   0.847530E-03   0.181186E-04
  1096   0.842334E-03   0.180238E-04
  1097   0.837171E-03   0.179295E-04
  1098   0.832039E-03   0.178357E-04
  1099   0.826939E-03   0.177423E-04
  1100   0.821870E-03   0.176494E-04
  1101   0.816832E-03   0.175570E-04
  1102   0.811825E-03   0.174651E-04
  1103   0.806848E-03   0.173736E-04
  1104   0.801902E-03   0.172826E-04
  1105   0.796987E-03   0.171920E-04
  1106   0.792101E-03   0.171019E-04
  1107   0.787246E-03   0.170123E-04
  1108   0.782420E-03   0.169231E-04
  1109   0.777624E-03   0.168344E-04
  1110   0.772857E-03   0.167461E-04
  1111   0.768120E-03   0.166583E-04
  1112   0.763411E-03   0.165709E-04
  1113   0.758732E-03   0.164840E-04
  1114   0.754081E-03   0.163975E-04
  1115   0.749458E-03   0.163115E-04
  1116   0.744864E-03   0.162259E-04
  1117   0.740298E-03   0.161407E-04
  1118   0.735760E-03   0.160560E-04
  1119   0.731250E-03   0.159717E-04
  1120   0.726768E-03   0.158878E-04
  1121   0.722313E-03   0.158043E-04
  1122   0.717885E-03   0.157213E-04
  1123   0.713484E-03   0.156387E-04
  1124   0.709111E-03   0.155565E-04
  1125   0.704764E-03   0.154748E-04
  1126   0.700444E-03   0.153934E-04
  1127   0.696150E-03   0.153125E-04
  1128   0.691883E-03   0.152320E-04
  1129   0.687642E-03   0.151519E-04
  1130   0.683426E-03   0.150722E-04
  1131   0.679237E-03   0.149929E-04
  1132   0.675073E-03   0.149141E-04
  1133   0.670935E-03   0.148356E-04
  1134   0.666823E-03   0.147575E-04
  1135   0.662735E-03   0.146798E-04
  1136   0.658672E-03   0.146026E-04
  1137   0.654635E-03   0.145257E-04
  1138   0.650622E-03   0.144492E-04
  1139   0.646634E-03   0.143731E-04
  1140   0.642670E-03   0.142974E-04
  1141   0.638730E-03   0.142221E-04
  1142   0.634815E-03   0.141472E-04
  1143   0.630924E-03   0.140726E-04
  1144   0.627056E-03   0.139984E-04
  1145   0.623212E-03   0.139247E-04
  1146   0.619392E-03   0.138513E-04
  1147   0.615595E-03   0.137782E-04
  1148   0.611822E-03   0.137056E-04
  1149   0.608071E-03   0.136333E-04
  1150   0.604344E-03   0.135614E-04
  1151   0.600639E-03   0.134898E-04
  1152   0.596958E-03   0.134187E-04
  1153   0.593298E-03   0.133478E-04
  1154   0.589661E-03   0.132774E-04
  1155   0.586047E-03   0.132073E-04
  1156   0.582454E-03   0.131376E-04
  1157   0.578884E-03   0.130682E-04
  1158   0.575336E-03   0.129992E-04
  1159   0.571809E-03   0.129306E-04
  1160   0.568304E-03   0.128623E-04
  1161   0.564820E-03   0.127943E-04
  1162   0.561358E-03   0.127267E-04
  1163   0.557917E-03   0.126595E-04
  1164   0.554497E-03   0.125926E-04
  1165   0.551098E-03   0.125260E-04
  1166   0.547720E-03   0.124598E-04
  1167   0.544362E-03   0.123939E-04
  1168   0.541025E-03   0.123284E-04
  1169   0.537709E-03   0.122632E-04
  1170   0.534413E-03   0.121983E-04
  1171   0.531137E-03   0.121338E-04
  1172   0.527881E-03   0.120696E-04
  1173   0.524645E-03   0.120057E-04
  1174   0.521429E-03   0.119421E-04
  1175   0.518233E-03   0.118789E-04
  1176   0.515056E-03   0.118161E-04
  1177   0.511899E-03   0.117535E-04
  1178   0.508761E-03   0.116913E-04
  1179   0.505642E-03   0.116293E-04
  1180   0.502543E-03   0.115677E-04
  1181   0.499462E-03   0.115065E-04
  1182   0.496400E-03   0.114455E-04
  1183   0.493358E-03   0.113848E-04
  1184   0.490333E-03   0.113245E-04
  1185   0.487328E-03   0.112645E-04
  1186   0.484340E-03   0.112048E-04
  1187   0.481371E-03   0.111454E-04
  1188   0.478421E-03   0.110863E-04
  1189   0.475488E-03   0.110275E-04
  1190   0.472573E-03   0.109690E-04
  1191   0.469676E-03   0.109108E-04
  1192   0.466797E-03   0.108529E-04
  1193   0.463936E-03   0.107953E-04
  1194   0.461092E-03   0.107381E-04
  1195   0.458266E-03   0.106811E-04
  1196   0.455457E-03   0.106244E-04
  1197   0.452665E-03   0.105680E-04
  1198   0.449890E-03   0.105119E-04
  1199   0.447132E-03   0.104560E-04
  1200   0.444391E-03   0.104005E-04
  1201   0.441667E-03   0.103453E-04
  1202   0.438960E-03   0.102903E-04
  1203   0.436269E-03   0.102356E-04
  1204   0.433595E-03   0.101813E-04
  1205   0.430937E-03   0.101272E-04
  1206   0.428295E-03   0.100733E-04
  1207   0.425670E-03   0.100198E-04
  1208   0.423060E-03   0.996652E-05
  1209   0.420467E-03   0.991352E-05
  1210   0.417890E-03   0.986081E-05
  1211   0.415328E-03   0.980836E-05
  1212   0.412782E-03   0.975619E-05
  1213   0.410252E-03   0.970429E-05
  1214   0.407737E-03   0.965266E-05
  1215   0.405238E-03   0.960130E-05
  1216   0.402754E-03   0.955021E-05
  1217   0.400285E-03   0.949938E-05
  1218   0.397831E-03   0.944881E-05
  1219   0.395392E-03   0.939851E-05
  1220   0.392969E-03   0.934847E-05
  1221   0.390560E-03   0.929869E-05
  1222   0.388166E-03   0.924917E-05
  1223   0.385786E-03   0.919990E-05
  1224   0.383421E-03   0.915089E-05
  1225   0.381071E-03   0.910214E-05
  1226   0.378735E-03   0.905364E-05
  1227   0.376414E-03   0.900539E-05
  1228   0.374106E-03   0.895740E-05
  1229   0.371813E-03   0.890965E-05
  1230   0.369534E-03   0.886216E-05
  1231   0.367269E-03   0.881491E-05
  1232   0.365017E-03   0.876790E-05
  1233   0.362780E-03   0.872114E-05
  1234   0.360556E-03   0.867463E-05
  1235   0.358346E-03   0.862835E-05
  1236   0.356149E-03   0.858232E-05
  1237   0.353966E-03   0.853653E-05
  1238   0.351796E-03   0.849098E-05
  1239   0.349640E-03   0.844566E-05
  1240   0.347496E-03   0.840058E-05
  1241   0.345366E-03   0.835574E-05
  1242   0.343249E-03   0.831113E-05
  1243   0.341145E-03   0.826675E-05
  1244   0.339054E-03   0.822261E-05
  1245   0.336976E-03   0.817869E-05
  1246   0.334910E-03   0.813501E-05
  1247   0.332857E-03   0.809155E-05
  1248   0.330817E-03   0.804832E-05
  1249   0.328789E-03   0.800532E-05
  1250   0.326773E-03   0.796254E-05
  1251   0.324770E-03   0.791998E-05
  1252   0.322779E-03   0.787764E-05
  1253   0.320801E-03   0.783553E-05
  1254   0.318834E-03   0.779364E-05
  1255   0.316880E-03   0.775197E-05
  1256   0.314938E-03   0.771051E-05
  1257   0.313007E-03   0.766927E-05
  1258   0.311088E-03   0.762825E-05
  1259   0.309181E-03   0.758744E-05
  1260   0.307286E-03   0.754685E-05
  1261   0.305402E-03   0.750646E-05
  1262   0.303530E-03   0.746629E-05
  1263   0.301670E-03   0.742633E-05
  1264   0.299821E-03   0.738658E-05
  1265   0.297983E-03   0.734704E-05
  1266   0.296156E-03   0.730770E-05
  1267   0.294341E-03   0.726857E-05
  1268   0.292536E-03   0.722965E-05
  1269   0.290743E-03   0.719092E-05
  1270   0.288961E-03   0.715241E-05
  1271   0.287190E-03   0.711409E-05
  1272   0.285429E-03   0.707598E-05
  1273   0.283680E-03   0.703806E-05
  1274   0.281941E-03   0.700034E-05
  1275   0.280212E-03   0.696282E-05
  1276   0.278495E-03   0.692550E-05
  1277   0.276788E-03   0.688838E-05
  1278   0.275091E-03   0.685145E-05
  1279   0.273405E-03   0.681471E-05
  1280   0.271729E-03   0.677816E-05
  1281   0.270063E-03   0.674181E-05
  1282   0.268407E-03   0.670565E-05
  1283   0.266762E-03   0.666968E-05
  1284   0.265127E-03   0.663389E-05
  1285   0.263502E-03   0.659830E-05
  1286   0.261887E-03   0.656289E-05
  1287   0.260281E-03   0.652767E-05
  1288   0.258686E-03   0.649263E-05
  1289   0.257100E-03   0.645778E-05
  1290   0.255524E-03   0.642311E-05
  1291   0.253958E-03   0.638862E-05
  1292   0.252401E-03   0.635432E-05
  1293   0.250854E-03   0.632019E-05
  1294   0.249316E-03   0.628625E-05
  1295   0.247788E-03   0.625248E-05
  1296   0.246269E-03   0.621889E-05
  1297   0.244759E-03   0.618548E-05
  1298   0.243259E-03   0.615224E-05
  1299   0.241768E-03   0.611918E-05
  1300   0.240286E-03   0.608629E-05
  1301   0.238813E-03   0.605357E-05
  1302   0.237349E-03   0.602103E-05
  1303   0.235894E-03   0.598866E-05
  1304   0.234448E-03   0.595646E-05
  1305   0.233011E-03   0.592443E-05
  1306   0.231582E-03   0.589257E-05
  1307   0.230163E-03   0.586087E-05
  1308   0.228752E-03   0.582935E-05
  1309   0.227350E-03   0.579798E-05
  1310   0.225956E-03   0.576679E-05
  1311   0.224571E-03   0.573576E-05
  1312   0.223194E-03   0.570489E-05
  1313   0.221826E-03   0.567419E-05
  1314   0.220466E-03   0.564364E-05
  1315   0.219115E-03   0.561326E-05
  1316   0.217772E-03   0.558304E-05
  1317   0.216437E-03   0.555298E-05
  1318   0.215110E-03   0.552308E-05
  1319   0.213792E-03   0.549333E-05
  1320   0.212481E-03   0.546374E-05
  1321   0.211179E-03   0.543431E-05
  1322   0.209884E-03   0.540503E-05
  1323   0.208598E-03   0.537591E-05
  1324   0.207319E-03   0.534695E-05
  1325   0.206048E-03   0.531813E-05
  1326   0.204785E-03   0.528947E-05
  1327   0.203530E-03   0.526096E-05
  1328   0.202282E-03   0.523260E-05
  1329   0.201042E-03   0.520439E-05
  1330   0.199810E-03   0.517633E-05
  1331   0.198585E-03   0.514841E-05
  1332   0.197368E-03   0.512065E-05
  1333   0.196158E-03   0.509303E-05
  1334   0.194955E-03   0.506556E-05
  1335   0.193760E-03   0.503823E-05
  1336   0.192573E-03   0.501105E-05
  1337   0.191392E-03   0.498401E-05
  1338   0.190219E-03   0.495711E-05
  1339   0.189053E-03   0.493036E-05
  1340   0.187894E-03   0.490375E-05
  1341   0.186742E-03   0.487728E-05
  1342   0.185597E-03   0.485095E-05
  1343   0.184460E-03   0.482476E-05
  1344   0.183329E-03   0.479871E-05
  1345   0.182205E-03   0.477279E-05
  1346   0.181088E-03   0.474702E-05
  1347   0.179978E-03   0.472138E-05
  1348   0.178875E-03   0.469587E-05
  1349   0.177779E-03   0.467050E-05
  1350   0.176689E-03   0.464527E-05
  1351   0.175606E-03   0.462017E-05
  1352   0.174529E-03   0.459520E-05
  1353   0.173459E-03   0.457037E-05
  1354   0.172396E-03   0.454566E-05
  1355   0.171339E-03   0.452109E-05
  1356   0.170289E-03   0.449665E-05
  1357   0.169245E-03   0.447234E-05
  1358   0.168208E-03   0.444815E-05
  1359   0.167177E-03   0.442410E-05
  1360   0.166152E-03   0.440017E-05
  1361   0.165133E-03   0.437637E-05
  1362   0.164121E-03   0.435270E-05
  1363   0.163115E-03   0.432915E-05
  1364   0.162115E-03   0.430573E-05
  1365   0.161121E-03   0.428243E-05
  1366   0.160134E-03   0.425925E-05
  1367   0.159152E-03   0.423620E-05
  1368   0.158177E-03   0.421327E-05
  1369   0.157207E-03   0.419047E-05
  1370   0.156243E-03   0.416778E-05
  1371   0.155286E-03   0.414521E-05
  1372   0.154334E-03   0.412277E-05
  1373   0.153388E-03   0.410044E-05
  1374   0.152447E-03   0.407824E-05
  1375   0.151513E-03   0.405615E-05
  1376   0.150584E-03   0.403418E-05
  1377   0.149661E-03   0.401232E-05
  1378   0.148744E-03   0.399058E-05
  1379   0.147832E-03   0.396896E-05
  1380   0.146926E-03   0.394745E-05
  1381   0.146025E-03   0.392606E-05
  1382   0.145130E-03   0.390478E-05
  1383   0.144240E-03   0.388361E-05
  1384   0.143356E-03   0.386256E-05
  1385   0.142477E-03   0.384162E-05
  1386   0.141604E-03   0.382079E-05
  1387   0.140736E-03   0.380007E-05
  1388   0.139873E-03   0.377946E-05
  1389   0.139016E-03   0.375896E-05
  1390   0.138164E-03   0.373858E-05
  1391   0.137317E-03   0.371830E-05
  1392   0.136475E-03   0.369812E-05
  1393   0.135638E-03   0.367806E-05
  1394   0.134807E-03   0.365810E-05
  1395   0.133981E-03   0.363825E-05
  1396   0.133159E-03   0.361850E-05
  1397   0.132343E-03   0.359886E-05
  1398   0.131532E-03   0.357933E-05
  1399   0.130726E-03   0.355990E-05
  1400   0.129924E-03   0.354057E-05
  1401   0.129128E-03   0.352134E-05
  1402   0.128336E-03   0.350222E-05
  1403   0.127550E-03   0.348320E-05
  1404   0.126768E-03   0.346428E-05
  1405   0.125991E-03   0.344547E-05
  1406   0.125218E-03   0.342675E-05
  1407   0.124451E-03   0.340813E-05
  1408   0.123688E-03   0.338962E-05
  1409   0.122930E-03   0.337120E-05
  1410   0.122176E-03   0.335288E-05
  1411   0.121427E-03   0.333466E-05
  1412   0.120683E-03   0.331653E-05
  1413   0.119943E-03   0.329850E-05
  1414   0.119208E-03   0.328057E-05
  1415   0.118477E-03   0.326273E-05
  1416   0.117751E-03   0.324499E-05
  1417   0.117029E-03   0.322735E-05
  1418   0.116312E-03   0.320980E-05
  1419   0.115599E-03   0.319234E-05
  1420   0.114890E-03   0.317498E-05
  1421   0.114186E-03   0.315771E-05
  1422   0.113486E-03   0.314053E-05
  1423   0.112790E-03   0.312344E-05
  1424   0.112099E-03   0.310644E-05
  1425   0.111412E-03   0.308954E-05
  1426   0.110729E-03   0.307273E-05
  1427   0.110050E-03   0.305600E-05
  1428   0.109375E-03   0.303937E-05
  1429   0.108705E-03   0.302282E-05
  1430   0.108039E-03   0.300637E-05
  1431   0.107376E-03   0.299000E-05
  1432   0.106718E-03   0.297372E-05
  1433   0.106064E-03   0.295752E-05
  1434   0.105414E-03   0.294142E-05
  1435   0.104768E-03   0.292539E-05
  1436   0.104125E-03   0.290946E-05
  1437   0.103487E-03   0.289361E-05
  1438   0.102853E-03   0.287785E-05
  1439   0.102222E-03   0.286217E-05
  1440   0.101596E-03   0.284657E-05
  1441   0.100973E-03   0.283106E-05
  1442   0.100354E-03   0.281563E-05
  1443   0.997388E-04   0.280028E-05
  1444   0.991274E-04   0.278502E-05
  1445   0.985198E-04   0.276984E-05
  1446   0.979158E-04   0.275473E-05
  1447   0.973156E-04   0.273971E-05
  1448   0.967191E-04   0.272478E-05
  1449   0.961262E-04   0.270992E-05
  1450   0.955370E-04   0.269514E-05
  1451   0.949513E-04   0.268044E-05
  1452   0.943693E-04   0.266582E-05
  1453   0.937908E-04   0.265127E-05
  1454   0.932159E-04   0.263681E-05
  1455   0.926445E-04   0.262242E-05
  1456   0.920766E-04   0.260811E-05
  1457   0.915122E-04   0.259388E-05
  1458   0.909512E-04   0.257972E-05
  1459   0.903937E-04   0.256564E-05
  1460   0.898396E-04   0.255164E-05
  1461   0.892889E-04   0.253771E-05
  1462   0.887415E-04   0.252386E-05
  1463   0.881976E-04   0.251008E-05
  1464   0.876569E-04   0.249637E-05
  1465   0.871196E-04   0.248274E-05
  1466   0.865856E-04   0.246918E-05
  1467   0.860548E-04   0.245569E-05
  1468   0.855273E-04   0.244228E-05
  1469   0.850030E-04   0.242894E-05
  1470   0.844820E-04   0.241567E-05
  1471   0.839641E-04   0.240247E-05
  1472   0.834494E-04   0.238934E-05
  1473   0.829379E-04   0.237629E-05
  1474   0.824295E-04   0.236330E-05
  1475   0.819242E-04   0.235038E-05
  1476   0.814220E-04   0.233754E-05
  1477   0.809229E-04   0.232476E-05
  1478   0.804268E-04   0.231205E-05
  1479   0.799338E-04   0.229941E-05
  1480   0.794438E-04   0.228684E-05
  1481   0.789569E-04   0.227433E-05
  1482   0.784729E-04   0.226190E-05
  1483   0.779918E-04   0.224953E-05
  1484   0.775137E-04   0.223722E-05
  1485   0.770386E-04   0.222498E-05
  1486   0.765664E-04   0.221281E-05
  1487   0.760970E-04   0.220071E-05
  1488   0.756305E-04   0.218867E-05
  1489   0.751669E-04   0.217669E-05
  1490   0.747062E-04   0.216478E-05
  1491   0.742482E-04   0.215293E-05
  1492   0.737931E-04   0.214115E-05
  1493   0.733407E-04   0.212943E-05
  1494   0.728912E-04   0.211777E-05
  1495   0.724444E-04   0.210618E-05
  1496   0.720003E-04   0.209465E-05
  1497   0.715589E-04   0.208318E-05
  1498   0.711203E-04   0.207177E-05
  1499   0.706843E-04   0.206043E-05
  1500   0.702510E-04   0.204914E-05
  1501   0.698204E-04   0.203792E-05
  1502   0.693924E-04   0.202676E-05
  1503   0.689670E-04   0.201565E-05
  1504   0.685443E-04   0.200461E-05
  1505   0.681241E-04   0.199363E-05
  1506   0.677065E-04   0.198270E-05
  1507   0.672915E-04   0.197184E-05
  1508   0.668790E-04   0.196103E-05
  1509   0.664690E-04   0.195029E-05
  1510   0.660616E-04   0.193960E-05
  1511   0.656566E-04   0.192896E-05
  1512   0.652542E-04   0.191839E-05
  1513   0.648542E-04   0.190787E-05
  1514   0.644566E-04   0.189741E-05
  1515   0.640615E-04   0.188701E-05
  1516   0.636688E-04   0.187666E-05
  1517   0.632785E-04   0.186637E-05
  1518   0.628906E-04   0.185613E-05
  1519   0.625051E-04   0.184595E-05
  1520   0.621220E-04   0.183583E-05
  1521   0.617412E-04   0.182576E-05
  1522   0.613627E-04   0.181574E-05
  1523   0.609865E-04   0.180578E-05
  1524   0.606127E-04   0.179587E-05
  1525   0.602412E-04   0.178601E-05
  1526   0.598719E-04   0.177621E-05
  1527   0.595049E-04   0.176646E-05
  1528   0.591401E-04   0.175677E-05
  1529   0.587776E-04   0.174712E-05
  1530   0.584173E-04   0.173753E-05
  1531   0.580592E-04   0.172799E-05
  1532   0.577033E-04   0.171851E-05
  1533   0.573496E-04   0.170907E-05
  1534   0.569980E-04   0.169969E-05
  1535   0.566486E-04   0.169035E-05
  1536   0.563014E-04   0.168107E-05
  1537   0.559563E-04   0.167183E-05
  1538   0.556133E-04   0.166265E-05
  1539   0.552724E-04   0.165352E-05
  1540   0.549335E-04   0.164443E-05
  1541   0.545968E-04   0.163540E-05
  1542   0.542621E-04   0.162641E-05
  1543   0.539295E-04   0.161747E-05
  1544   0.535989E-04   0.160859E-05
  1545   0.532704E-04   0.159974E-05
  1546   0.529438E-04   0.159095E-05
  1547   0.526193E-04   0.158221E-05
  1548   0.522967E-04   0.157351E-05
  1549   0.519762E-04   0.156486E-05
  1550   0.516576E-04   0.155625E-05
  1551   0.513409E-04   0.154770E-05
  1552   0.510262E-04   0.153919E-05
  1553   0.507134E-04   0.153072E-05
  1554   0.504025E-04   0.152230E-05
  1555   0.500936E-04   0.151393E-05
  1556   0.497865E-04   0.150560E-05
  1557   0.494813E-04   0.149732E-05
  1558   0.491780E-04   0.148908E-05
  1559   0.488765E-04   0.148089E-05
  1560   0.485769E-04   0.147274E-05
  1561   0.482792E-04   0.146464E-05
  1562   0.479832E-04   0.145658E-05
  1563   0.476891E-04   0.144856E-05
  1564   0.473968E-04   0.144059E-05
  1565   0.471062E-04   0.143266E-05
  1566   0.468175E-04   0.142478E-05
  1567   0.465305E-04   0.141693E-05
  1568   0.462453E-04   0.140913E-05
  1569   0.459618E-04   0.140137E-05
  1570   0.456800E-04   0.139366E-05
  1571   0.454000E-04   0.138598E-05
  1572   0.451217E-04   0.137835E-05
  1573   0.448451E-04   0.137076E-05
  1574   0.445702E-04   0.136321E-05
  1575   0.442970E-04   0.135570E-05
  1576   0.440255E-04   0.134823E-05
  1577   0.437556E-04   0.134080E-05
  1578   0.434874E-04   0.133342E-05
  1579   0.432208E-04   0.132607E-05
  1580   0.429559E-04   0.131876E-05
  1581   0.426926E-04   0.131150E-05
  1582   0.424309E-04   0.130427E-05
  1583   0.421708E-04   0.129708E-05
  1584   0.419123E-04   0.128993E-05
  1585   0.416553E-04   0.128282E-05
  1586   0.414000E-04   0.127575E-05
  1587   0.411462E-04   0.126872E-05
  1588   0.408940E-04   0.126172E-05
  1589   0.406433E-04   0.125476E-05
  1590   0.403942E-04   0.124784E-05
  1591   0.401466E-04   0.124096E-05
  1592   0.399005E-04   0.123412E-05
  1593   0.396559E-04   0.122731E-05
  1594   0.394128E-04   0.122054E-05
  1595   0.391712E-04   0.121381E-05
  1596   0.389311E-04   0.120711E-05
  1597   0.386925E-04   0.120045E-05
  1598   0.384553E-04   0.119383E-05
  1599   0.382195E-04   0.118724E-05
  1600   0.379853E-04   0.118069E-05
  1601   0.377524E-04   0.117418E-05
  1602   0.375210E-04   0.116770E-05
  1603   0.372910E-04   0.116125E-05
  1604   0.370624E-04   0.115484E-05
  1605   0.368352E-04   0.114847E-05
  1606   0.366094E-04   0.114213E-05
  1607   0.363850E-04   0.113582E-05
  1608   0.361620E-04   0.112955E-05
  1609   0.359403E-04   0.112331E-05
  1610   0.357200E-04   0.111711E-05
  1611   0.355010E-04   0.111094E-05
  1612   0.352834E-04   0.110481E-05
  1613   0.350671E-04   0.109870E-05
  1614   0.348522E-04   0.109264E-05
  1615   0.346385E-04   0.108660E-05
  1616   0.344262E-04   0.108060E-05
  1617   0.342152E-04   0.107463E-05
  1618   0.340054E-04   0.106869E-05
  1619   0.337970E-04   0.106279E-05
  1620   0.335898E-04   0.105691E-05
  1621   0.333839E-04   0.105107E-05
  1622   0.331793E-04   0.104526E-05
  1623   0.329759E-04   0.103949E-05
  1624   0.327737E-04   0.103374E-05
  1625   0.325728E-04   0.102803E-05
  1626   0.323732E-04   0.102234E-05
  1627   0.321747E-04   0.101669E-05
  1628   0.319775E-04   0.101107E-05
  1629   0.317815E-04   0.100548E-05
  1630   0.315867E-04   0.999920E-06
  1631   0.313930E-04   0.994391E-06
  1632   0.312006E-04   0.988892E-06
  1633   0.310094E-04   0.983422E-06
  1634   0.308193E-04   0.977983E-06
  1635   0.306303E-04   0.972573E-06
  1636   0.304426E-04   0.967193E-06
  1637   0.302560E-04   0.961843E-06
  1638   0.300705E-04   0.956521E-06
  1639   0.298862E-04   0.951229E-06
  1640   0.297030E-04   0.945965E-06
  1641   0.295209E-04   0.940731E-06
  1642   0.293399E-04   0.935525E-06
  1643   0.291601E-04   0.930347E-06
  1644   0.289813E-04   0.925198E-06
  1645   0.288037E-04   0.920077E-06
  1646   0.286271E-04   0.914984E-06
  1647   0.284516E-04   0.909919E-06
  1648   0.282772E-04   0.904881E-06
  1649   0.281039E-04   0.899871E-06
  1650   0.279316E-04   0.894889E-06
  1651   0.277604E-04   0.889933E-06
  1652   0.275902E-04   0.885005E-06
  1653   0.274211E-04   0.880104E-06
  1654   0.272530E-04   0.875230E-06
  1655   0.270860E-04   0.870382E-06
  1656   0.269199E-04   0.865561E-06
  1657   0.267549E-04   0.860766E-06
  1658   0.265909E-04   0.855997E-06
  1659   0.264279E-04   0.851255E-06
  1660   0.262659E-04   0.846539E-06
  1661   0.261049E-04   0.841848E-06
  1662   0.259449E-04   0.837183E-06
  1663   0.257858E-04   0.832544E-06
  1664   0.256278E-04   0.827930E-06
  1665   0.254707E-04   0.823341E-06
  1666   0.253146E-04   0.818777E-06
  1667   0.251594E-04   0.814239E-06
  1668   0.250052E-04   0.809725E-06
  1669   0.248519E-04   0.805236E-06
  1670   0.246995E-04   0.800772E-06
  1671   0.245481E-04   0.796332E-06
  1672   0.243977E-04   0.791916E-06
  1673   0.242481E-04   0.787525E-06
  1674   0.240995E-04   0.783158E-06
  1675   0.239517E-04   0.778814E-06
  1676   0.238049E-04   0.774495E-06
  1677   0.236590E-04   0.770199E-06
  1678   0.235140E-04   0.765927E-06
  1679   0.233698E-04   0.761678E-06
  1680   0.232266E-04   0.757452E-06
  1681   0.230842E-04   0.753250E-06
  1682   0.229427E-04   0.749070E-06
  1683   0.228021E-04   0.744914E-06
  1684   0.226623E-04   0.740780E-06
  1685   0.225234E-04   0.736669E-06
  1686   0.223853E-04   0.732581E-06
  1687   0.222481E-04   0.728515E-06
  1688   0.221117E-04   0.724471E-06
  1689   0.219762E-04   0.720450E-06
  1690   0.218414E-04   0.716451E-06
  1691   0.217076E-04   0.712473E-06
  1692   0.215745E-04   0.708518E-06
  1693   0.214422E-04   0.704584E-06
  1694   0.213108E-04   0.700671E-06
  1695   0.211802E-04   0.696781E-06
  1696   0.210503E-04   0.692911E-06
  1697   0.209213E-04   0.689063E-06
  1698   0.207931E-04   0.685236E-06
  1699   0.206656E-04   0.681430E-06
  1700   0.205389E-04   0.677645E-06
  1701   0.204130E-04   0.673880E-06
  1702   0.202879E-04   0.670137E-06
  1703   0.201635E-04   0.666414E-06
  1704   0.200399E-04   0.662711E-06
  1705   0.199171E-04   0.659029E-06
  1706   0.197950E-04   0.655367E-06
  1707   0.196736E-04   0.651725E-06
  1708   0.195531E-04   0.648103E-06
  1709   0.194332E-04   0.644501E-06
  1710   0.193141E-04   0.640919E-06
  1711   0.191957E-04   0.637356E-06
  1712   0.190780E-04   0.633813E-06
  1713   0.189611E-04   0.630290E-06
  1714   0.188448E-04   0.626786E-06
  1715   0.187293E-04   0.623301E-06
  1716   0.186145E-04   0.619835E-06
  1717   0.185004E-04   0.616389E-06
  1718   0.183870E-04   0.612961E-06
  1719   0.182743E-04   0.609552E-06
  1720   0.181623E-04   0.606162E-06
  1721   0.180509E-04   0.602791E-06
  1722   0.179403E-04   0.599438E-06
  1723   0.178303E-04   0.596104E-06
  1724   0.177210E-04   0.592788E-06
  1725   0.176124E-04   0.589490E-06
  1726   0.175044E-04   0.586210E-06
  1727   0.173971E-04   0.582949E-06
  1728   0.172905E-04   0.579705E-06
  1729   0.171845E-04   0.576479E-06
  1730   0.170791E-04   0.573271E-06
  1731   0.169745E-04   0.570081E-06
  1732   0.168704E-04   0.566908E-06
  1733   0.167670E-04   0.563753E-06
  1734   0.166642E-04   0.560615E-06
  1735   0.165621E-04   0.557494E-06
  1736   0.164605E-04   0.554391E-06
  1737   0.163596E-04   0.551304E-06
  1738   0.162594E-04   0.548235E-06
  1739   0.161597E-04   0.545182E-06
  1740   0.160606E-04   0.542147E-06
  1741   0.159622E-04   0.539128E-06
  1742   0.158643E-04   0.536126E-06
  1743   0.157671E-04   0.533140E-06
  1744   0.156704E-04   0.530171E-06
  1745   0.155744E-04   0.527218E-06
  1746   0.154789E-04   0.524281E-06
  1747   0.153840E-04   0.521360E-06
  1748   0.152897E-04   0.518456E-06
  1749   0.151960E-04   0.515568E-06
  1750   0.151028E-04   0.512695E-06
  1751   0.150103E-04   0.509839E-06
  1752   0.149183E-04   0.506998E-06
  1753   0.148268E-04   0.504173E-06
  1754   0.147359E-04   0.501363E-06
  1755   0.146456E-04   0.498569E-06
  1756   0.145558E-04   0.495790E-06
  1757   0.144666E-04   0.493027E-06
  1758   0.143779E-04   0.490279E-06
  1759   0.142898E-04   0.487546E-06
  1760   0.142022E-04   0.484828E-06
  1761   0.141151E-04   0.482125E-06
  1762   0.140286E-04   0.479437E-06
  1763   0.139426E-04   0.476764E-06
  1764   0.138571E-04   0.474105E-06
  1765   0.137722E-04   0.471462E-06
  1766   0.136878E-04   0.468833E-06
  1767   0.136039E-04   0.466218E-06
  1768   0.135205E-04   0.463618E-06
  1769   0.134376E-04   0.461032E-06
  1770   0.133552E-04   0.458460E-06
  1771   0.132734E-04   0.455903E-06
  1772   0.131920E-04   0.453360E-06
  1773   0.131111E-04   0.450831E-06
  1774   0.130308E-04   0.448315E-06
  1775   0.129509E-04   0.445814E-06
  1776   0.128715E-04   0.443327E-06
  1777   0.127926E-04   0.440853E-06
  1778   0.127142E-04   0.438393E-06
  1779   0.126362E-04   0.435946E-06
  1780   0.125588E-04   0.433513E-06
  1781   0.124818E-04   0.431094E-06
  1782   0.124053E-04   0.428687E-06
  1783   0.123292E-04   0.426294E-06
  1784   0.122537E-04   0.423915E-06
  1785   0.121785E-04   0.421548E-06
  1786   0.121039E-04   0.419195E-06
  1787   0.120297E-04   0.416854E-06
  1788   0.119560E-04   0.414527E-06
  1789   0.118827E-04   0.412212E-06
  1790   0.118098E-04   0.409910E-06
  1791   0.117374E-04   0.407621E-06
  1792   0.116655E-04   0.405345E-06
  1793   0.115940E-04   0.403081E-06
  1794   0.115229E-04   0.400830E-06
  1795   0.114523E-04   0.398591E-06
  1796   0.113821E-04   0.396364E-06
  1797   0.113123E-04   0.394150E-06
  1798   0.112430E-04   0.391948E-06
  1799   0.111740E-04   0.389758E-06
  1800   0.111055E-04   0.387581E-06
  1801   0.110375E-04   0.385415E-06
  1802   0.109698E-04   0.383261E-06
  1803   0.109026E-04   0.381120E-06
  1804   0.108357E-04   0.378990E-06
  1805   0.107693E-04   0.376872E-06
  1806   0.107033E-04   0.374765E-06
  1807   0.106377E-04   0.372671E-06
  1808   0.105725E-04   0.370588E-06
  1809   0.105077E-04   0.368516E-06
  1810   0.104433E-04   0.366456E-06
  1811   0.103792E-04   0.364407E-06
  1812   0.103156E-04   0.362370E-06
  1813   0.102524E-04   0.360344E-06
  1814   0.101895E-04   0.358329E-06
  1815   0.101271E-04   0.356325E-06
  1816   0.100650E-04   0.354333E-06
  1817   0.100033E-04   0.352351E-06
  1818   0.994199E-05   0.350380E-06
  1819   0.988104E-05   0.348421E-06
  1820   0.982047E-05   0.346472E-06
  1821   0.976027E-05   0.344534E-06
  1822   0.970045E-05   0.342607E-06
  1823   0.964098E-05   0.340690E-06
  1824   0.958188E-05   0.338784E-06
  1825   0.952315E-05   0.336889E-06
  1826   0.946477E-05   0.335004E-06
  1827   0.940675E-05   0.333129E-06
  1828   0.934909E-05   0.331265E-06
  1829   0.929178E-05   0.329412E-06
  1830   0.923482E-05   0.327568E-06
  1831   0.917822E-05   0.325735E-06
  1832   0.912195E-05   0.323912E-06
  1833   0.906604E-05   0.322099E-06
  1834   0.901046E-05   0.320296E-06
  1835   0.895523E-05   0.318503E-06
  1836   0.890034E-05   0.316720E-06
  1837   0.884578E-05   0.314947E-06
  1838   0.879155E-05   0.313183E-06
  1839   0.873766E-05   0.311430E-06
  1840   0.868410E-05   0.309686E-06
  1841   0.863087E-05   0.307952E-06
  1842   0.857796E-05   0.306228E-06
  1843   0.852538E-05   0.304513E-06
  1844   0.847312E-05   0.302807E-06
  1845   0.842118E-05   0.301111E-06
  1846   0.836956E-05   0.299425E-06
  1847   0.831826E-05   0.297748E-06
  1848   0.826727E-05   0.296080E-06
  1849   0.821659E-05   0.294421E-06
  1850   0.816622E-05   0.292772E-06
  1851   0.811616E-05   0.291132E-06
  1852   0.806641E-05   0.289501E-06
  1853   0.801697E-05   0.287878E-06
  1854   0.796782E-05   0.286265E-06
  1855   0.791898E-05   0.284661E-06
  1856   0.787044E-05   0.283066E-06
  1857   0.782219E-05   0.281480E-06
  1858   0.777424E-05   0.279902E-06
  1859   0.772659E-05   0.278333E-06
  1860   0.767922E-05   0.276773E-06
  1861   0.763215E-05   0.275222E-06
  1862   0.758537E-05   0.273679E-06
  1863   0.753887E-05   0.272145E-06
  1864   0.749266E-05   0.270619E-06
  1865   0.744673E-05   0.269102E-06
  1866   0.740108E-05   0.267593E-06
  1867   0.735571E-05   0.266093E-06
  1868   0.731062E-05   0.264601E-06
  1869   0.726581E-05   0.263117E-06
  1870   0.722127E-05   0.261641E-06
  1871   0.717701E-05   0.260174E-06
  1872   0.713301E-05   0.258715E-06
  1873   0.708929E-05   0.257264E-06
  1874   0.704583E-05   0.255821E-06
  1875   0.700264E-05   0.254386E-06
  1876   0.695971E-05   0.252959E-06
  1877   0.691705E-05   0.251540E-06
  1878   0.687465E-05   0.250129E-06
  1879   0.683251E-05   0.248725E-06
  1880   0.679063E-05   0.247330E-06
  1881   0.674900E-05   0.245942E-06
  1882   0.670763E-05   0.244562E-06
  1883   0.666651E-05   0.243190E-06
  1884   0.662565E-05   0.241825E-06
  1885   0.658503E-05   0.240468E-06
  1886   0.654467E-05   0.239118E-06
  1887   0.650455E-05   0.237776E-06
  1888   0.646468E-05   0.236441E-06
  1889   0.642505E-05   0.235114E-06
  1890   0.638566E-05   0.233794E-06
  1891   0.634652E-05   0.232482E-06
  1892   0.630762E-05   0.231177E-06
  1893   0.626895E-05   0.229879E-06
  1894   0.623052E-05   0.228588E-06
  1895   0.619233E-05   0.227305E-06
  1896   0.615437E-05   0.226028E-06
  1897   0.611665E-05   0.224759E-06
  1898   0.607915E-05   0.223497E-06
  1899   0.604189E-05   0.222242E-06
  1900   0.600485E-05   0.220994E-06
  1901   0.596804E-05   0.219752E-06
  1902   0.593146E-05   0.218518E-06
  1903   0.589510E-05   0.217291E-06
  1904   0.585896E-05   0.216070E-06
  1905   0.582305E-05   0.214856E-06
  1906   0.578735E-05   0.213649E-06
  1907   0.575188E-05   0.212449E-06
  1908   0.571662E-05   0.211255E-06
  1909   0.568158E-05   0.210068E-06
  1910   0.564675E-05   0.208888E-06
  1911   0.561214E-05   0.207714E-06
  1912   0.557773E-05   0.206547E-06
  1913   0.554354E-05   0.205386E-06
  1914   0.550956E-05   0.204232E-06
  1915   0.547579E-05   0.203084E-06
  1916   0.544222E-05   0.201942E-06
  1917   0.540886E-05   0.200807E-06
  1918   0.537571E-05   0.199678E-06
  1919   0.534275E-05   0.198556E-06
  1920   0.531000E-05   0.197440E-06
  1921   0.527745E-05   0.196330E-06
  1922   0.524510E-05   0.195226E-06
  1923   0.521295E-05   0.194128E-06
  1924   0.518100E-05   0.193037E-06
  1925   0.514924E-05   0.191951E-06
  1926   0.511767E-05   0.190872E-06
  1927   0.508630E-05   0.189798E-06
  1928   0.505512E-05   0.188731E-06
  1929   0.502414E-05   0.187670E-06
  1930   0.499334E-05   0.186614E-06
  1931   0.496273E-05   0.185564E-06
  1932   0.493231E-05   0.184521E-06
  1933   0.490208E-05   0.183483E-06
  1934   0.487203E-05   0.182450E-06
  1935   0.484216E-05   0.181424E-06
  1936   0.481248E-05   0.180403E-06
  1937   0.478298E-05   0.179388E-06
  1938   0.475366E-05   0.178379E-06
  1939   0.472452E-05   0.177375E-06
  1940   0.469556E-05   0.176377E-06
  1941   0.466678E-05   0.175385E-06
  1942   0.463817E-05   0.174398E-06
  1943   0.460974E-05   0.173416E-06
  1944   0.458148E-05   0.172440E-06
  1945   0.455340E-05   0.171470E-06
  1946   0.452548E-05   0.170504E-06
  1947   0.449774E-05   0.169545E-06
  1948   0.447017E-05   0.168590E-06
  1949   0.444277E-05   0.167641E-06
  1950   0.441554E-05   0.166697E-06
  1951   0.438847E-05   0.165759E-06
  1952   0.436157E-05   0.164826E-06
  1953   0.433483E-05   0.163898E-06
  1954   0.430826E-05   0.162975E-06
  1955   0.428185E-05   0.162057E-06
  1956   0.425561E-05   0.161144E-06
  1957   0.422952E-05   0.160237E-06
  1958   0.420359E-05   0.159335E-06
  1959   0.417782E-05   0.158437E-06
  1960   0.415221E-05   0.157545E-06
  1961   0.412676E-05   0.156657E-06
  1962   0.410147E-05   0.155775E-06
  1963   0.407632E-05   0.154897E-06
  1964   0.405134E-05   0.154025E-06
  1965   0.402650E-05   0.153157E-06
  1966   0.400182E-05   0.152294E-06
  1967   0.397729E-05   0.151436E-06
  1968   0.395291E-05   0.150583E-06
  1969   0.392868E-05   0.149735E-06
  1970   0.390460E-05   0.148891E-06
  1971   0.388066E-05   0.148052E-06
  1972   0.385687E-05   0.147217E-06
  1973   0.383323E-05   0.146388E-06
  1974   0.380973E-05   0.145563E-06
  1975   0.378638E-05   0.144742E-06
  1976   0.376317E-05   0.143926E-06
  1977   0.374010E-05   0.143115E-06
  1978   0.371718E-05   0.142308E-06
  1979   0.369439E-05   0.141506E-06
  1980   0.367174E-05   0.140709E-06
  1981   0.364924E-05   0.139915E-06
  1982   0.362687E-05   0.139126E-06
  1983   0.360463E-05   0.138342E-06
  1984   0.358254E-05   0.137562E-06
  1985   0.356058E-05   0.136786E-06
  1986   0.353875E-05   0.136015E-06
  1987   0.351706E-05   0.135248E-06
  1988   0.349550E-05   0.134485E-06
  1989   0.347407E-05   0.133727E-06
  1990   0.345278E-05   0.132973E-06
  1991   0.343161E-05   0.132223E-06
  1992   0.341058E-05   0.131477E-06
  1993   0.338967E-05   0.130735E-06
  1994   0.336889E-05   0.129998E-06
  1995   0.334824E-05   0.129264E-06
  1996   0.332772E-05   0.128535E-06
  1997   0.330732E-05   0.127810E-06
  1998   0.328704E-05   0.127089E-06
  1999   0.326689E-05   0.126372E-06
  2000   0.324687E-05   0.125659E-06
  2001   0.322697E-05   0.124950E-06
  2002   0.320719E-05   0.124245E-06
  2003   0.318753E-05   0.123543E-06
  2004   0.316799E-05   0.122846E-06
  2005   0.314857E-05   0.122153E-06
  2006   0.312927E-05   0.121463E-06
  2007   0.311008E-05   0.120778E-06
  2008   0.309102E-05   0.120096E-06
  2009   0.307207E-05   0.119418E-06
  2010   0.305324E-05   0.118744E-06
  2011   0.303452E-05   0.118074E-06
  2012   0.301592E-05   0.117407E-06
  2013   0.299744E-05   0.116744E-06
  2014   0.297906E-05   0.116085E-06
  2015   0.296080E-05   0.115430E-06
  2016   0.294265E-05   0.114778E-06
  2017   0.292461E-05   0.114130E-06
  2018   0.290669E-05   0.113486E-06
  2019   0.288887E-05   0.112845E-06
  2020   0.287116E-05   0.112207E-06
  2021   0.285356E-05   0.111574E-06
  2022   0.283607E-05   0.110943E-06
  2023   0.281868E-05   0.110317E-06
  2024   0.280140E-05   0.109694E-06
  2025   0.278423E-05   0.109074E-06
  2026   0.276716E-05   0.108458E-06
  2027   0.275020E-05   0.107845E-06
  2028   0.273334E-05   0.107236E-06
  2029   0.271659E-05   0.106630E-06
  2030   0.269994E-05   0.106028E-06
  2031   0.268339E-05   0.105429E-06
  2032   0.266694E-05   0.104833E-06
  2033   0.265059E-05   0.104241E-06
  2034   0.263434E-05   0.103652E-06
  2035   0.261819E-05   0.103066E-06
  2036   0.260214E-05   0.102483E-06
  2037   0.258619E-05   0.101904E-06
  2038   0.257034E-05   0.101328E-06
  2039   0.255458E-05   0.100756E-06
  2040   0.253892E-05   0.100186E-06
  2041   0.252336E-05   0.996198E-07
  2042   0.250789E-05   0.990567E-07
  2043   0.249252E-05   0.984967E-07
  2044   0.247724E-05   0.979399E-07
  2045   0.246206E-05   0.973862E-07
  2046   0.244696E-05   0.968356E-07
  2047   0.243196E-05   0.962881E-07
  2048   0.241706E-05   0.957437E-07
  2049   0.240224E-05   0.952023E-07
  2050   0.238751E-05   0.946640E-07
  2051   0.237288E-05   0.941287E-07
  2052   0.235833E-05   0.935964E-07
  2053   0.234388E-05   0.930671E-07
  2054   0.232951E-05   0.925407E-07
  2055   0.231523E-05   0.920173E-07
  2056   0.230104E-05   0.914969E-07
  2057   0.228693E-05   0.909794E-07
  2058   0.227291E-05   0.904647E-07
  2059   0.225898E-05   0.899530E-07
  2060   0.224513E-05   0.894441E-07
  2061   0.223137E-05   0.889381E-07
  2062   0.221769E-05   0.884350E-07
  2063   0.220410E-05   0.879346E-07
  2064   0.219059E-05   0.874371E-07
  2065   0.217716E-05   0.869424E-07
  2066   0.216381E-05   0.864504E-07
  2067   0.215055E-05   0.859613E-07
  2068   0.213737E-05   0.854748E-07
  2069   0.212427E-05   0.849911E-07
  2070   0.211124E-05   0.845101E-07
  2071   0.209830E-05   0.840318E-07
  2072   0.208544E-05   0.835562E-07
  2073   0.207266E-05   0.830833E-07
  2074   0.205995E-05   0.826130E-07
  2075   0.204732E-05   0.821454E-07
  2076   0.203477E-05   0.816804E-07
  2077   0.202230E-05   0.812180E-07
  2078   0.200990E-05   0.807582E-07
  2079   0.199758E-05   0.803010E-07
  2080   0.198534E-05   0.798464E-07
  2081   0.197317E-05   0.793943E-07
  2082   0.196107E-05   0.789448E-07
  2083   0.194905E-05   0.784978E-07
  2084   0.193711E-05   0.780533E-07
  2085   0.192523E-05   0.776113E-07
  2086   0.191343E-05   0.771718E-07
  2087   0.190170E-05   0.767347E-07
  2088   0.189004E-05   0.763002E-07
  2089   0.187846E-05   0.758680E-07
  2090   0.186694E-05   0.754383E-07
  2091   0.185550E-05   0.750110E-07
  2092   0.184412E-05   0.745861E-07
  2093   0.183282E-05   0.741636E-07
  2094   0.182159E-05   0.737435E-07
  2095   0.181042E-05   0.733258E-07
  2096   0.179932E-05   0.729104E-07
  2097   0.178829E-05   0.724973E-07
  2098   0.177733E-05   0.720865E-07
  2099   0.176643E-05   0.716781E-07
  2100   0.175561E-05   0.712720E-07
  2101   0.174484E-05   0.708681E-07
  2102   0.173415E-05   0.704665E-07
  2103   0.172352E-05   0.700672E-07
  2104   0.171295E-05   0.696701E-07
  2105   0.170245E-05   0.692753E-07
  2106   0.169202E-05   0.688827E-07
  2107   0.168165E-05   0.684923E-07
  2108   0.167134E-05   0.681041E-07
  2109   0.166109E-05   0.677180E-07
  2110   0.165091E-05   0.673342E-07
  2111   0.164079E-05   0.669525E-07
  2112   0.163073E-05   0.665729E-07
  2113   0.162074E-05   0.661955E-07
  2114   0.161080E-05   0.658203E-07
  2115   0.160093E-05   0.654471E-07
  2116   0.159111E-05   0.650760E-07
  2117   0.158136E-05   0.647070E-07
  2118   0.157167E-05   0.643401E-07
  2119   0.156203E-05   0.639753E-07
  2120   0.155246E-05   0.636125E-07
  2121   0.154294E-05   0.632518E-07
  2122   0.153348E-05   0.628931E-07
  2123   0.152408E-05   0.625364E-07
  2124   0.151474E-05   0.621817E-07
  2125   0.150546E-05   0.618290E-07
  2126   0.149623E-05   0.614784E-07
  2127   0.148706E-05   0.611296E-07
  2128   0.147794E-05   0.607829E-07
  2129   0.146888E-05   0.604381E-07
  2130   0.145988E-05   0.600952E-07
  2131   0.145093E-05   0.597543E-07
  2132   0.144203E-05   0.594153E-07
  2133   0.143319E-05   0.590782E-07
  2134   0.142441E-05   0.587430E-07
  2135   0.141568E-05   0.584097E-07
  2136   0.140700E-05   0.580783E-07
  2137   0.139837E-05   0.577487E-07
  2138   0.138980E-05   0.574211E-07
  2139   0.138128E-05   0.570952E-07
  2140   0.137282E-05   0.567712E-07
  2141   0.136440E-05   0.564490E-07
  2142   0.135604E-05   0.561286E-07
  2143   0.134772E-05   0.558101E-07
  2144   0.133946E-05   0.554933E-07
  2145   0.133125E-05   0.551783E-07
  2146   0.132309E-05   0.548651E-07
  2147   0.131498E-05   0.545536E-07
  2148   0.130692E-05   0.542440E-07
  2149   0.129891E-05   0.539360E-07
  2150   0.129095E-05   0.536298E-07
  2151   0.128303E-05   0.533253E-07
  2152   0.127517E-05   0.530226E-07
  2153   0.126735E-05   0.527215E-07
  2154   0.125958E-05   0.524222E-07
  2155   0.125186E-05   0.521245E-07
  2156   0.124419E-05   0.518285E-07
  2157   0.123656E-05   0.515342E-07
  2158   0.122898E-05   0.512416E-07
  2159   0.122145E-05   0.509505E-07
  2160   0.121396E-05   0.506612E-07
  2161   0.120652E-05   0.503734E-07
  2162   0.119912E-05   0.500873E-07
  2163   0.119177E-05   0.498028E-07
  2164   0.118447E-05   0.495200E-07
  2165   0.117721E-05   0.492387E-07
  2166   0.116999E-05   0.489590E-07
  2167   0.116282E-05   0.486808E-07
  2168   0.115569E-05   0.484043E-07
  2169   0.114861E-05   0.481293E-07
  2170   0.114157E-05   0.478558E-07
  2171   0.113457E-05   0.475839E-07
  2172   0.112761E-05   0.473136E-07
  2173   0.112070E-05   0.470447E-07
  2174   0.111383E-05   0.467774E-07
  2175   0.110700E-05   0.465116E-07
  2176   0.110022E-05   0.462473E-07
  2177   0.109347E-05   0.459845E-07
  2178   0.108677E-05   0.457231E-07
  2179   0.108011E-05   0.454633E-07
  2180   0.107349E-05   0.452049E-07
  2181   0.106691E-05   0.449480E-07
  2182   0.106037E-05   0.446925E-07
  2183   0.105387E-05   0.444384E-07
  2184   0.104741E-05   0.441858E-07
  2185   0.104099E-05   0.439347E-07
  2186   0.103461E-05   0.436849E-07
  2187   0.102826E-05   0.434366E-07
  2188   0.102196E-05   0.431896E-07
  2189   0.101570E-05   0.429441E-07
  2190   0.100947E-05   0.426999E-07
  2191   0.100328E-05   0.424571E-07
  2192   0.997132E-06   0.422157E-07
  2193   0.991020E-06   0.419756E-07
  2194   0.984945E-06   0.417370E-07
  2195   0.978907E-06   0.414996E-07
  2196   0.972907E-06   0.412636E-07
  2197   0.966943E-06   0.410289E-07
  2198   0.961015E-06   0.407956E-07
  2199   0.955125E-06   0.405636E-07
  2200   0.949270E-06   0.403329E-07
  2201   0.943451E-06   0.401035E-07
  2202   0.937667E-06   0.398753E-07
  2203   0.931920E-06   0.396485E-07
  2204   0.926207E-06   0.394230E-07
  2205   0.920530E-06   0.391987E-07
  2206   0.914887E-06   0.389757E-07
  2207   0.909279E-06   0.387540E-07
  2208   0.903705E-06   0.385335E-07
  2209   0.898165E-06   0.383143E-07
  2210   0.892660E-06   0.380963E-07
  2211   0.887188E-06   0.378795E-07
  2212   0.881749E-06   0.376640E-07
  2213   0.876344E-06   0.374496E-07
  2214   0.870972E-06   0.372365E-07
  2215   0.865633E-06   0.370246E-07
  2216   0.860327E-06   0.368139E-07
  2217   0.855053E-06   0.366044E-07
  2218   0.849812E-06   0.363961E-07
  2219   0.844603E-06   0.361889E-07
  2220   0.839425E-06   0.359829E-07
  2221   0.834280E-06   0.357781E-07
  2222   0.829166E-06   0.355745E-07
  2223   0.824083E-06   0.353720E-07
  2224   0.819031E-06   0.351706E-07
  2225   0.814011E-06   0.349704E-07
  2226   0.809021E-06   0.347713E-07
  2227   0.804062E-06   0.345734E-07
  2228   0.799133E-06   0.343765E-07
  2229   0.794234E-06   0.341808E-07
  2230   0.789366E-06   0.339862E-07
  2231   0.784527E-06   0.337927E-07
  2232   0.779718E-06   0.336002E-07
  2233   0.774938E-06   0.334089E-07
  2234   0.770188E-06   0.332187E-07
  2235   0.765467E-06   0.330295E-07
  2236   0.760775E-06   0.328414E-07
  2237   0.756111E-06   0.326544E-07
  2238   0.751476E-06   0.324684E-07
  2239   0.746870E-06   0.322834E-07
  2240   0.742292E-06   0.320996E-07
  2241   0.737741E-06   0.319167E-07
  2242   0.733219E-06   0.317349E-07
  2243   0.728725E-06   0.315542E-07
  2244   0.724258E-06   0.313744E-07
  2245   0.719818E-06   0.311957E-07
  2246   0.715406E-06   0.310180E-07
  2247   0.711020E-06   0.308412E-07
  2248   0.706662E-06   0.306655E-07
  2249   0.702330E-06   0.304908E-07
  2250   0.698025E-06   0.303171E-07
  2251   0.693746E-06   0.301443E-07
  2252   0.689493E-06   0.299726E-07
  2253   0.685267E-06   0.298018E-07
  2254   0.681066E-06   0.296320E-07
  2255   0.676891E-06   0.294631E-07
  2256   0.672742E-06   0.292952E-07
  2257   0.668618E-06   0.291282E-07
  2258   0.664520E-06   0.289622E-07
  2259   0.660446E-06   0.287971E-07
  2260   0.656398E-06   0.286330E-07
  2261   0.652374E-06   0.284698E-07
  2262   0.648375E-06   0.283075E-07
  2263   0.644401E-06   0.281462E-07
  2264   0.640450E-06   0.279857E-07
  2265   0.636525E-06   0.278262E-07
  2266   0.632623E-06   0.276676E-07
  2267   0.628745E-06   0.275098E-07
  2268   0.624891E-06   0.273530E-07
  2269   0.621060E-06   0.271970E-07
  2270   0.617253E-06   0.270420E-07
  2271   0.613469E-06   0.268878E-07
  2272   0.609709E-06   0.267345E-07
  2273   0.605971E-06   0.265820E-07
  2274   0.602257E-06   0.264304E-07
  2275   0.598565E-06   0.262797E-07
  2276   0.594896E-06   0.261298E-07
  2277   0.591249E-06   0.259808E-07
  2278   0.587625E-06   0.258327E-07
  2279   0.584023E-06   0.256853E-07
  2280   0.580443E-06   0.255388E-07
  2281   0.576885E-06   0.253932E-07
  2282   0.573349E-06   0.252483E-07
  2283   0.569834E-06   0.251043E-07
  2284   0.566341E-06   0.249611E-07
  2285   0.562869E-06   0.248187E-07
  2286   0.559419E-06   0.246771E-07
  2287   0.555990E-06   0.245363E-07
  2288   0.552582E-06   0.243964E-07
  2289   0.549194E-06   0.242572E-07
  2290   0.545828E-06   0.241188E-07
  2291   0.542482E-06   0.239812E-07
  2292   0.539157E-06   0.238443E-07
  2293   0.535852E-06   0.237083E-07
  2294   0.532567E-06   0.235730E-07
  2295   0.529302E-06   0.234385E-07
  2296   0.526058E-06   0.233047E-07
  2297   0.522833E-06   0.231717E-07
  2298   0.519628E-06   0.230395E-07
  2299   0.516443E-06   0.229080E-07
  2300   0.513277E-06   0.227773E-07
  2301   0.510131E-06   0.226473E-07
  2302   0.507004E-06   0.225180E-07
  2303   0.503896E-06   0.223895E-07
  2304   0.500807E-06   0.222617E-07
  2305   0.497737E-06   0.221346E-07
  2306   0.494686E-06   0.220082E-07
  2307   0.491654E-06   0.218826E-07
  2308   0.488640E-06   0.217577E-07
  2309   0.485645E-06   0.216334E-07
  2310   0.482668E-06   0.215099E-07
  2311   0.479709E-06   0.213871E-07
  2312   0.476768E-06   0.212650E-07
  2313   0.473846E-06   0.211436E-07
  2314   0.470941E-06   0.210229E-07
  2315   0.468054E-06   0.209028E-07
  2316   0.465185E-06   0.207835E-07
  2317   0.462334E-06   0.206648E-07
  2318   0.459500E-06   0.205468E-07
  2319   0.456683E-06   0.204294E-07
  2320   0.453884E-06   0.203128E-07
  2321   0.451101E-06   0.201967E-07
  2322   0.448336E-06   0.200814E-07
  2323   0.445588E-06   0.199667E-07
  2324   0.442856E-06   0.198527E-07
  2325   0.440142E-06   0.197393E-07
  2326   0.437444E-06   0.196265E-07
  2327   0.434762E-06   0.195144E-07
  2328   0.432097E-06   0.194029E-07
  2329   0.429449E-06   0.192921E-07
  2330   0.426816E-06   0.191819E-07
  2331   0.424200E-06   0.190723E-07
  2332   0.421599E-06   0.189633E-07
  2333   0.419015E-06   0.188550E-07
  2334   0.416447E-06   0.187472E-07
  2335   0.413894E-06   0.186401E-07
  2336   0.411357E-06   0.185336E-07
  2337   0.408835E-06   0.184277E-07
  2338   0.406329E-06   0.183224E-07
  2339   0.403838E-06   0.182177E-07
  2340   0.401363E-06   0.181136E-07
  2341   0.398902E-06   0.180101E-07
  2342   0.396457E-06   0.179071E-07
  2343   0.394027E-06   0.178048E-07
  2344   0.391612E-06   0.177030E-07
  2345   0.389211E-06   0.176018E-07
  2346   0.386825E-06   0.175012E-07
  2347   0.384454E-06   0.174012E-07
  2348   0.382097E-06   0.173017E-07
  2349   0.379755E-06   0.172028E-07
  2350   0.377427E-06   0.171045E-07
  2351   0.375114E-06   0.170067E-07
  2352   0.372814E-06   0.169095E-07
  2353   0.370529E-06   0.168128E-07
  2354   0.368258E-06   0.167167E-07
  2355   0.366000E-06   0.166211E-07
  2356   0.363757E-06   0.165261E-07
  2357   0.361527E-06   0.164316E-07
  2358   0.359311E-06   0.163376E-07
  2359   0.357108E-06   0.162442E-07
  2360   0.354919E-06   0.161513E-07
  2361   0.352744E-06   0.160590E-07
  2362   0.350581E-06   0.159671E-07
  2363   0.348432E-06   0.158758E-07
  2364   0.346296E-06   0.157850E-07
  2365   0.344174E-06   0.156947E-07
  2366   0.342064E-06   0.156050E-07
  2367   0.339967E-06   0.155157E-07
  2368   0.337883E-06   0.154270E-07
  2369   0.335812E-06   0.153387E-07
  2370   0.333753E-06   0.152510E-07
  2371   0.331708E-06   0.151637E-07
  2372   0.329674E-06   0.150770E-07
  2373   0.327653E-06   0.149908E-07
  2374   0.325645E-06   0.149050E-07
  2375   0.323649E-06   0.148197E-07
  2376   0.321665E-06   0.147349E-07
  2377   0.319693E-06   0.146506E-07
  2378   0.317733E-06   0.145668E-07
  2379   0.315786E-06   0.144835E-07
  2380   0.313850E-06   0.144006E-07
  2381   0.311926E-06   0.143182E-07
  2382   0.310014E-06   0.142363E-07
  2383   0.308114E-06   0.141548E-07
  2384   0.306225E-06   0.140738E-07
  2385   0.304348E-06   0.139933E-07
  2386   0.302482E-06   0.139132E-07
  2387   0.300628E-06   0.138335E-07
  2388   0.298785E-06   0.137544E-07
  2389   0.296954E-06   0.136756E-07
  2390   0.295133E-06   0.135974E-07
  2391   0.293324E-06   0.135195E-07
  2392   0.291526E-06   0.134422E-07
  2393   0.289739E-06   0.133652E-07
  2394   0.287963E-06   0.132887E-07
  2395   0.286198E-06   0.132126E-07
  2396   0.284443E-06   0.131370E-07
  2397   0.282700E-06   0.130618E-07
  2398   0.280967E-06   0.129870E-07
  2399   0.279245E-06   0.129127E-07
  2400   0.277533E-06   0.128387E-07
  2401   0.275832E-06   0.127652E-07
  2402   0.274141E-06   0.126921E-07
  2403   0.272460E-06   0.126195E-07
  2404   0.270790E-06   0.125472E-07
  2405   0.269130E-06   0.124754E-07
  2406   0.267481E-06   0.124039E-07
  2407   0.265841E-06   0.123329E-07
  2408   0.264211E-06   0.122623E-07
  2409   0.262592E-06   0.121920E-07
  2410   0.260982E-06   0.121222E-07
  2411   0.259382E-06   0.120528E-07
  2412   0.257792E-06   0.119837E-07
  2413   0.256212E-06   0.119151E-07
  2414   0.254642E-06   0.118469E-07
  2415   0.253081E-06   0.117790E-07
  2416   0.251529E-06   0.117115E-07
  2417   0.249987E-06   0.116444E-07
  2418   0.248455E-06   0.115777E-07
  2419   0.246932E-06   0.115114E-07
  2420   0.245418E-06   0.114455E-07
  2421   0.243914E-06   0.113799E-07
  2422   0.242419E-06   0.113147E-07
  2423   0.240933E-06   0.112499E-07
  2424   0.239456E-06   0.111854E-07
  2425   0.237988E-06   0.111213E-07
  2426   0.236529E-06   0.110576E-07
  2427   0.235079E-06   0.109943E-07
  2428   0.233638E-06   0.109313E-07
  2429   0.232206E-06   0.108686E-07
  2430   0.230783E-06   0.108063E-07
  2431   0.229368E-06   0.107444E-07
  2432   0.227962E-06   0.106828E-07
  2433   0.226565E-06   0.106216E-07
  2434   0.225176E-06   0.105607E-07
  2435   0.223795E-06   0.105002E-07
  2436   0.222424E-06   0.104400E-07
  2437   0.221060E-06   0.103802E-07
  2438   0.219705E-06   0.103207E-07
  2439   0.218358E-06   0.102615E-07
  2440   0.217020E-06   0.102027E-07
  2441   0.215690E-06   0.101442E-07
  2442   0.214367E-06   0.100861E-07
  2443   0.213053E-06   0.100283E-07
  2444   0.211747E-06   0.997077E-08
  2445   0.210449E-06   0.991360E-08
  2446   0.209159E-06   0.985677E-08
  2447   0.207877E-06   0.980026E-08
  2448   0.206603E-06   0.974407E-08
  2449   0.205336E-06   0.968820E-08
  2450   0.204078E-06   0.963265E-08
  2451   0.202827E-06   0.957741E-08
  2452   0.201583E-06   0.952250E-08
  2453   0.200348E-06   0.946789E-08
  2454   0.199120E-06   0.941360E-08
  2455   0.197899E-06   0.935962E-08
  2456   0.196686E-06   0.930594E-08
  2457   0.195480E-06   0.925257E-08
  2458   0.194282E-06   0.919951E-08
  2459   0.193091E-06   0.914674E-08
  2460   0.191907E-06   0.909428E-08
  2461   0.190731E-06   0.904212E-08
  2462   0.189562E-06   0.899026E-08
  2463   0.188400E-06   0.893869E-08
  2464   0.187245E-06   0.888742E-08
  2465   0.186097E-06   0.883644E-08
  2466   0.184957E-06   0.878575E-08
  2467   0.183823E-06   0.873535E-08
  2468   0.182696E-06   0.868523E-08
  2469   0.181576E-06   0.863541E-08
  2470   0.180463E-06   0.858587E-08
  2471   0.179357E-06   0.853661E-08
  2472   0.178257E-06   0.848763E-08
  2473   0.177165E-06   0.843893E-08
  2474   0.176079E-06   0.839051E-08
  2475   0.174999E-06   0.834237E-08
  2476   0.173927E-06   0.829450E-08
  2477   0.172860E-06   0.824690E-08
  2478   0.171801E-06   0.819958E-08
  2479   0.170748E-06   0.815252E-08
  2480   0.169701E-06   0.810574E-08
  2481   0.168661E-06   0.805922E-08
  2482   0.167627E-06   0.801297E-08
  2483   0.166599E-06   0.796698E-08
  2484   0.165578E-06   0.792126E-08
  2485   0.164563E-06   0.787579E-08
  2486   0.163554E-06   0.783059E-08
  2487   0.162552E-06   0.778564E-08
  2488   0.161555E-06   0.774095E-08
  2489   0.160565E-06   0.769652E-08
  2490   0.159581E-06   0.765234E-08
  2491   0.158603E-06   0.760841E-08
  2492   0.157630E-06   0.756473E-08
  2493   0.156664E-06   0.752130E-08
  2494   0.155704E-06   0.747812E-08
  2495   0.154749E-06   0.743519E-08
  2496   0.153801E-06   0.739250E-08
  2497   0.152858E-06   0.735006E-08
  2498   0.151921E-06   0.730786E-08
  2499   0.150990E-06   0.726590E-08
  2500   0.150064E-06   0.722418E-08
  2501   0.149144E-06   0.718270E-08
  2502   0.148230E-06   0.714145E-08
  2503   0.147321E-06   0.710044E-08
  2504   0.146418E-06   0.705967E-08
  2505   0.145521E-06   0.701913E-08
  2506   0.144629E-06   0.697882E-08
  2507   0.143742E-06   0.693874E-08
  2508   0.142861E-06   0.689889E-08
  2509   0.141985E-06   0.685926E-08
  2510   0.141115E-06   0.681987E-08
  2511   0.140250E-06   0.678070E-08
  2512   0.139390E-06   0.674175E-08
  2513   0.138536E-06   0.670303E-08
  2514   0.137687E-06   0.666452E-08
  2515   0.136843E-06   0.662624E-08
  2516   0.136004E-06   0.658818E-08
  2517   0.135170E-06   0.655033E-08
  2518   0.134341E-06   0.651270E-08
  2519   0.133518E-06   0.647528E-08
  2520   0.132700E-06   0.643808E-08
  2521   0.131886E-06   0.640109E-08
  2522   0.131078E-06   0.636432E-08
  2523   0.130274E-06   0.632775E-08
  2524   0.129476E-06   0.629139E-08
  2525   0.128682E-06   0.625524E-08
  2526   0.127893E-06   0.621930E-08
  2527   0.127109E-06   0.618356E-08
  2528   0.126330E-06   0.614803E-08
  2529   0.125556E-06   0.611270E-08
  2530   0.124786E-06   0.607758E-08
  2531   0.124021E-06   0.604265E-08
  2532   0.123261E-06   0.600792E-08
  2533   0.122505E-06   0.597339E-08
  2534   0.121754E-06   0.593906E-08
  2535   0.121008E-06   0.590493E-08
  2536   0.120266E-06   0.587099E-08
  2537   0.119529E-06   0.583725E-08
  2538   0.118796E-06   0.580369E-08
  2539   0.118068E-06   0.577033E-08
  2540   0.117344E-06   0.573716E-08
  2541   0.116625E-06   0.570419E-08
  2542   0.115910E-06   0.567140E-08
  2543   0.115200E-06   0.563879E-08
  2544   0.114493E-06   0.560638E-08
  2545   0.113792E-06   0.557415E-08
  2546   0.113094E-06   0.554210E-08
  2547   0.112401E-06   0.551024E-08
  2548   0.111712E-06   0.547856E-08
  2549   0.111027E-06   0.544706E-08
  2550   0.110346E-06   0.541574E-08
  2551   0.109670E-06   0.538460E-08
  2552   0.108998E-06   0.535364E-08
  2553   0.108330E-06   0.532285E-08
  2554   0.107666E-06   0.529224E-08
  2555   0.107006E-06   0.526181E-08
  2556   0.106350E-06   0.523155E-08
  2557   0.105698E-06   0.520147E-08
  2558   0.105050E-06   0.517155E-08
  2559   0.104406E-06   0.514181E-08
  2560   0.103766E-06   0.511224E-08
  2561   0.103130E-06   0.508284E-08
  2562   0.102498E-06   0.505360E-08
  2563   0.101869E-06   0.502454E-08
  2564   0.101245E-06   0.499564E-08
  2565   0.100624E-06   0.496690E-08
  2566   0.100007E-06   0.493833E-08
  2567   0.993944E-07   0.490992E-08
