Iter     SteadyRMS     UnsteadyRMS
     1   0.707273       0.223958E-05
     2   0.700329       0.443518E-05
     3   0.693453       0.658744E-05
     4   0.686645       0.869700E-05
     5   0.679903       0.107645E-04
     6   0.673228       0.127906E-04
     7   0.666619       0.147758E-04
     8   0.660074       0.167208E-04
     9   0.653593       0.186262E-04
    10   0.647176       0.204925E-04
    11   0.640822       0.223204E-04
    12   0.634531       0.241105E-04
    13   0.628301       0.258632E-04
    14   0.622132       0.275792E-04
    15   0.616024       0.292590E-04
    16   0.609976       0.309031E-04
    17   0.603988       0.325121E-04
    18   0.598058       0.340866E-04
    19   0.592186       0.356270E-04
    20   0.586372       0.371338E-04
    21   0.580615       0.386076E-04
    22   0.574915       0.400489E-04
    23   0.569270       0.414582E-04
    24   0.563681       0.428359E-04
    25   0.558147       0.441826E-04
    26   0.552667       0.454987E-04
    27   0.547241       0.467847E-04
    28   0.541868       0.480411E-04
    29   0.536548       0.492682E-04
    30   0.531280       0.504667E-04
    31   0.526064       0.516368E-04
    32   0.520899       0.527791E-04
    33   0.515785       0.538940E-04
    34   0.510721       0.549819E-04
    35   0.505707       0.560432E-04
    36   0.500742       0.570784E-04
    37   0.495826       0.580879E-04
    38   0.490958       0.590720E-04
    39   0.486138       0.600312E-04
    40   0.481365       0.609659E-04
    41   0.476639       0.618764E-04
    42   0.471959       0.627632E-04
    43   0.467326       0.636266E-04
    44   0.462737       0.644670E-04
    45   0.458194       0.652847E-04
    46   0.453696       0.660802E-04
    47   0.449241       0.668537E-04
    48   0.444831       0.676057E-04
    49   0.440464       0.683365E-04
    50   0.436139       0.690464E-04
    51   0.431857       0.697357E-04
    52   0.427617       0.704049E-04
    53   0.423419       0.710542E-04
    54   0.419262       0.716840E-04
    55   0.415145       0.722945E-04
    56   0.411070       0.728861E-04
    57   0.407034       0.734592E-04
    58   0.403038       0.740140E-04
    59   0.399081       0.745508E-04
    60   0.395162       0.750699E-04
    61   0.391283       0.755716E-04
    62   0.387441       0.760562E-04
    63   0.383637       0.765241E-04
    64   0.379871       0.769754E-04
    65   0.376141       0.774105E-04
    66   0.372448       0.778296E-04
    67   0.368792       0.782330E-04
    68   0.365171       0.786210E-04
    69   0.361586       0.789938E-04
    70   0.358036       0.793517E-04
    71   0.354520       0.796950E-04
    72   0.351040       0.800238E-04
    73   0.347593       0.803386E-04
    74   0.344181       0.806394E-04
    75   0.340802       0.809266E-04
    76   0.337456       0.812004E-04
    77   0.334142       0.814610E-04
    78   0.330862       0.817086E-04
    79   0.327613       0.819435E-04
    80   0.324397       0.821660E-04
    81   0.321212       0.823761E-04
    82   0.318058       0.825742E-04
    83   0.314936       0.827605E-04
    84   0.311844       0.829352E-04
    85   0.308782       0.830984E-04
    86   0.305750       0.832505E-04
    87   0.302749       0.833915E-04
    88   0.299776       0.835217E-04
    89   0.296833       0.836414E-04
    90   0.293919       0.837506E-04
    91   0.291033       0.838497E-04
    92   0.288176       0.839387E-04
    93   0.285347       0.840179E-04
    94   0.282545       0.840874E-04
    95   0.279771       0.841475E-04
    96   0.277024       0.841983E-04
    97   0.274304       0.842399E-04
    98   0.271611       0.842727E-04
    99   0.268945       0.842966E-04
   100   0.266304       0.843120E-04
   101   0.263690       0.843189E-04
   102   0.261101       0.843176E-04
   103   0.258537       0.843082E-04
   104   0.255999       0.842908E-04
   105   0.253486       0.842656E-04
   106   0.250997       0.842328E-04
   107   0.248533       0.841926E-04
   108   0.246093       0.841450E-04
   109   0.243676       0.840902E-04
   110   0.241284       0.840283E-04
   111   0.238915       0.839596E-04
   112   0.236569       0.838841E-04
   113   0.234247       0.838021E-04
   114   0.231947       0.837135E-04
   115   0.229670       0.836186E-04
   116   0.227415       0.835175E-04
   117   0.225182       0.834103E-04
   118   0.222971       0.832971E-04
   119   0.220782       0.831782E-04
   120   0.218615       0.830535E-04
   121   0.216468       0.829233E-04
   122   0.214343       0.827876E-04
   123   0.212239       0.826466E-04
   124   0.210155       0.825004E-04
   125   0.208092       0.823491E-04
   126   0.206049       0.821928E-04
   127   0.204026       0.820316E-04
   128   0.202022       0.818657E-04
   129   0.200039       0.816951E-04
   130   0.198075       0.815200E-04
   131   0.196130       0.813404E-04
   132   0.194205       0.811565E-04
   133   0.192298       0.809684E-04
   134   0.190410       0.807761E-04
   135   0.188541       0.805798E-04
   136   0.186690       0.803796E-04
   137   0.184857       0.801755E-04
   138   0.183042       0.799677E-04
   139   0.181245       0.797562E-04
   140   0.179465       0.795412E-04
   141   0.177703       0.793228E-04
   142   0.175959       0.791009E-04
   143   0.174231       0.788757E-04
   144   0.172520       0.786474E-04
   145   0.170827       0.784159E-04
   146   0.169150       0.781814E-04
   147   0.167489       0.779439E-04
   148   0.165844       0.777036E-04
   149   0.164216       0.774604E-04
   150   0.162604       0.772146E-04
   151   0.161007       0.769661E-04
   152   0.159427       0.767150E-04
   153   0.157861       0.764615E-04
   154   0.156312       0.762055E-04
   155   0.154777       0.759472E-04
   156   0.153257       0.756866E-04
   157   0.151753       0.754238E-04
   158   0.150263       0.751588E-04
   159   0.148788       0.748918E-04
   160   0.147327       0.746228E-04
   161   0.145880       0.743519E-04
   162   0.144448       0.740791E-04
   163   0.143030       0.738044E-04
   164   0.141626       0.735281E-04
   165   0.140235       0.732500E-04
   166   0.138858       0.729703E-04
   167   0.137495       0.726890E-04
   168   0.136145       0.724062E-04
   169   0.134808       0.721220E-04
   170   0.133485       0.718364E-04
   171   0.132174       0.715494E-04
   172   0.130877       0.712611E-04
   173   0.129592       0.709716E-04
   174   0.128319       0.706809E-04
   175   0.127060       0.703891E-04
   176   0.125812       0.700962E-04
   177   0.124577       0.698022E-04
   178   0.123354       0.695073E-04
   179   0.122143       0.692114E-04
   180   0.120944       0.689147E-04
   181   0.119756       0.686171E-04
   182   0.118580       0.683187E-04
   183   0.117416       0.680195E-04
   184   0.116263       0.677196E-04
   185   0.115122       0.674191E-04
   186   0.113992       0.671179E-04
   187   0.112873       0.668161E-04
   188   0.111764       0.665138E-04
   189   0.110667       0.662110E-04
   190   0.109581       0.659078E-04
   191   0.108505       0.656041E-04
   192   0.107439       0.653000E-04
   193   0.106385       0.649955E-04
   194   0.105340       0.646907E-04
   195   0.104306       0.643857E-04
   196   0.103282       0.640804E-04
   197   0.102268       0.637749E-04
   198   0.101264       0.634692E-04
   199   0.100270       0.631634E-04
   200   0.992851E-01   0.628574E-04
   201   0.983103E-01   0.625514E-04
   202   0.973451E-01   0.622453E-04
   203   0.963894E-01   0.619392E-04
   204   0.954430E-01   0.616331E-04
   205   0.945060E-01   0.613271E-04
   206   0.935781E-01   0.610211E-04
   207   0.926594E-01   0.607152E-04
   208   0.917497E-01   0.604095E-04
   209   0.908489E-01   0.601039E-04
   210   0.899569E-01   0.597984E-04
   211   0.890737E-01   0.594932E-04
   212   0.881992E-01   0.591882E-04
   213   0.873333E-01   0.588834E-04
   214   0.864759E-01   0.585790E-04
   215   0.856268E-01   0.582748E-04
   216   0.847862E-01   0.579709E-04
   217   0.839537E-01   0.576674E-04
   218   0.831295E-01   0.573643E-04
   219   0.823133E-01   0.570616E-04
   220   0.815052E-01   0.567593E-04
   221   0.807050E-01   0.564574E-04
   222   0.799126E-01   0.561560E-04
   223   0.791280E-01   0.558550E-04
   224   0.783512E-01   0.555545E-04
   225   0.775819E-01   0.552546E-04
   226   0.768202E-01   0.549552E-04
   227   0.760660E-01   0.546563E-04
   228   0.753192E-01   0.543581E-04
   229   0.745797E-01   0.540604E-04
   230   0.738475E-01   0.537633E-04
   231   0.731225E-01   0.534668E-04
   232   0.724046E-01   0.531710E-04
   233   0.716937E-01   0.528758E-04
   234   0.709898E-01   0.525813E-04
   235   0.702929E-01   0.522875E-04
   236   0.696027E-01   0.519943E-04
   237   0.689194E-01   0.517019E-04
   238   0.682427E-01   0.514103E-04
   239   0.675727E-01   0.511193E-04
   240   0.669093E-01   0.508291E-04
   241   0.662524E-01   0.505397E-04
   242   0.656019E-01   0.502511E-04
   243   0.649579E-01   0.499633E-04
   244   0.643201E-01   0.496763E-04
   245   0.636886E-01   0.493901E-04
   246   0.630633E-01   0.491047E-04
   247   0.624442E-01   0.488202E-04
   248   0.618311E-01   0.485365E-04
   249   0.612240E-01   0.482537E-04
   250   0.606230E-01   0.479717E-04
   251   0.600278E-01   0.476907E-04
   252   0.594384E-01   0.474105E-04
   253   0.588549E-01   0.471312E-04
   254   0.582770E-01   0.468529E-04
   255   0.577049E-01   0.465755E-04
   256   0.571383E-01   0.462990E-04
   257   0.565773E-01   0.460234E-04
   258   0.560219E-01   0.457488E-04
   259   0.554718E-01   0.454752E-04
   260   0.549272E-01   0.452025E-04
   261   0.543880E-01   0.449308E-04
   262   0.538540E-01   0.446600E-04
   263   0.533252E-01   0.443903E-04
   264   0.528017E-01   0.441215E-04
   265   0.522833E-01   0.438538E-04
   266   0.517700E-01   0.435870E-04
   267   0.512617E-01   0.433212E-04
   268   0.507584E-01   0.430565E-04
   269   0.502601E-01   0.427928E-04
   270   0.497666E-01   0.425301E-04
   271   0.492780E-01   0.422685E-04
   272   0.487942E-01   0.420078E-04
   273   0.483152E-01   0.417483E-04
   274   0.478408E-01   0.414898E-04
   275   0.473711E-01   0.412323E-04
   276   0.469060E-01   0.409759E-04
   277   0.464455E-01   0.407205E-04
   278   0.459895E-01   0.404662E-04
   279   0.455380E-01   0.402130E-04
   280   0.450909E-01   0.399608E-04
   281   0.446482E-01   0.397098E-04
   282   0.442098E-01   0.394598E-04
   283   0.437758E-01   0.392108E-04
   284   0.433460E-01   0.389630E-04
   285   0.429204E-01   0.387162E-04
   286   0.424991E-01   0.384706E-04
   287   0.420818E-01   0.382260E-04
   288   0.416686E-01   0.379825E-04
   289   0.412595E-01   0.377402E-04
   290   0.408545E-01   0.374989E-04
   291   0.404534E-01   0.372587E-04
   292   0.400562E-01   0.370196E-04
   293   0.396629E-01   0.367816E-04
   294   0.392735E-01   0.365448E-04
   295   0.388879E-01   0.363090E-04
   296   0.385061E-01   0.360743E-04
   297   0.381281E-01   0.358408E-04
   298   0.377537E-01   0.356083E-04
   299   0.373831E-01   0.353770E-04
   300   0.370161E-01   0.351468E-04
   301   0.366526E-01   0.349176E-04
   302   0.362928E-01   0.346896E-04
   303   0.359365E-01   0.344627E-04
   304   0.355836E-01   0.342369E-04
   305   0.352343E-01   0.340123E-04
   306   0.348884E-01   0.337887E-04
   307   0.345458E-01   0.335663E-04
   308   0.342067E-01   0.333449E-04
   309   0.338708E-01   0.331247E-04
   310   0.335383E-01   0.329056E-04
   311   0.332090E-01   0.326876E-04
   312   0.328830E-01   0.324707E-04
   313   0.325601E-01   0.322549E-04
   314   0.322404E-01   0.320402E-04
   315   0.319239E-01   0.318266E-04
   316   0.316105E-01   0.316141E-04
   317   0.313001E-01   0.314027E-04
   318   0.309928E-01   0.311925E-04
   319   0.306885E-01   0.309833E-04
   320   0.303872E-01   0.307752E-04
   321   0.300889E-01   0.305683E-04
   322   0.297935E-01   0.303624E-04
   323   0.295010E-01   0.301576E-04
   324   0.292113E-01   0.299539E-04
   325   0.289246E-01   0.297513E-04
   326   0.286406E-01   0.295498E-04
   327   0.283594E-01   0.293494E-04
   328   0.280810E-01   0.291501E-04
   329   0.278053E-01   0.289519E-04
   330   0.275323E-01   0.287547E-04
   331   0.272620E-01   0.285586E-04
   332   0.269943E-01   0.283636E-04
   333   0.267293E-01   0.281697E-04
   334   0.264668E-01   0.279769E-04
   335   0.262070E-01   0.277851E-04
   336   0.259497E-01   0.275944E-04
   337   0.256949E-01   0.274047E-04
   338   0.254427E-01   0.272162E-04
   339   0.251929E-01   0.270286E-04
   340   0.249455E-01   0.268422E-04
   341   0.247006E-01   0.266568E-04
   342   0.244581E-01   0.264724E-04
   343   0.242180E-01   0.262891E-04
   344   0.239802E-01   0.261069E-04
   345   0.237448E-01   0.259257E-04
   346   0.235116E-01   0.257455E-04
   347   0.232808E-01   0.255664E-04
   348   0.230522E-01   0.253883E-04
   349   0.228259E-01   0.252112E-04
   350   0.226018E-01   0.250352E-04
   351   0.223799E-01   0.248602E-04
   352   0.221602E-01   0.246862E-04
   353   0.219426E-01   0.245132E-04
   354   0.217272E-01   0.243413E-04
   355   0.215139E-01   0.241703E-04
   356   0.213026E-01   0.240004E-04
   357   0.210935E-01   0.238315E-04
   358   0.208864E-01   0.236636E-04
   359   0.206813E-01   0.234967E-04
   360   0.204783E-01   0.233308E-04
   361   0.202772E-01   0.231658E-04
   362   0.200782E-01   0.230019E-04
   363   0.198810E-01   0.228389E-04
   364   0.196858E-01   0.226770E-04
   365   0.194926E-01   0.225160E-04
   366   0.193012E-01   0.223560E-04
   367   0.191117E-01   0.221969E-04
   368   0.189241E-01   0.220389E-04
   369   0.187383E-01   0.218818E-04
   370   0.185543E-01   0.217256E-04
   371   0.183721E-01   0.215704E-04
   372   0.181917E-01   0.214162E-04
   373   0.180131E-01   0.212629E-04
   374   0.178363E-01   0.211105E-04
   375   0.176612E-01   0.209591E-04
   376   0.174878E-01   0.208087E-04
   377   0.173161E-01   0.206591E-04
   378   0.171461E-01   0.205105E-04
   379   0.169777E-01   0.203629E-04
   380   0.168111E-01   0.202161E-04
   381   0.166460E-01   0.200703E-04
   382   0.164826E-01   0.199253E-04
   383   0.163208E-01   0.197813E-04
   384   0.161605E-01   0.196382E-04
   385   0.160019E-01   0.194960E-04
   386   0.158447E-01   0.193547E-04
   387   0.156892E-01   0.192143E-04
   388   0.155351E-01   0.190748E-04
   389   0.153826E-01   0.189362E-04
   390   0.152316E-01   0.187985E-04
   391   0.150821E-01   0.186616E-04
   392   0.149340E-01   0.185256E-04
   393   0.147874E-01   0.183905E-04
   394   0.146422E-01   0.182562E-04
   395   0.144984E-01   0.181228E-04
   396   0.143561E-01   0.179903E-04
   397   0.142151E-01   0.178587E-04
   398   0.140756E-01   0.177278E-04
   399   0.139374E-01   0.175979E-04
   400   0.138005E-01   0.174687E-04
   401   0.136650E-01   0.173404E-04
   402   0.135309E-01   0.172130E-04
   403   0.133980E-01   0.170864E-04
   404   0.132665E-01   0.169606E-04
   405   0.131363E-01   0.168356E-04
   406   0.130073E-01   0.167114E-04
   407   0.128796E-01   0.165881E-04
   408   0.127531E-01   0.164656E-04
   409   0.126279E-01   0.163438E-04
   410   0.125039E-01   0.162229E-04
   411   0.123812E-01   0.161028E-04
   412   0.122596E-01   0.159835E-04
   413   0.121393E-01   0.158649E-04
   414   0.120201E-01   0.157472E-04
   415   0.119021E-01   0.156302E-04
   416   0.117852E-01   0.155140E-04
   417   0.116695E-01   0.153986E-04
   418   0.115549E-01   0.152840E-04
   419   0.114415E-01   0.151701E-04
   420   0.113292E-01   0.150570E-04
   421   0.112179E-01   0.149446E-04
   422   0.111078E-01   0.148330E-04
   423   0.109987E-01   0.147222E-04
   424   0.108907E-01   0.146121E-04
   425   0.107838E-01   0.145027E-04
   426   0.106779E-01   0.143941E-04
   427   0.105731E-01   0.142862E-04
   428   0.104693E-01   0.141791E-04
   429   0.103665E-01   0.140726E-04
   430   0.102647E-01   0.139669E-04
   431   0.101640E-01   0.138619E-04
   432   0.100642E-01   0.137577E-04
   433   0.996536E-02   0.136541E-04
   434   0.986752E-02   0.135513E-04
   435   0.977065E-02   0.134491E-04
   436   0.967472E-02   0.133477E-04
   437   0.957973E-02   0.132469E-04
   438   0.948568E-02   0.131468E-04
   439   0.939255E-02   0.130475E-04
   440   0.930033E-02   0.129488E-04
   441   0.920902E-02   0.128508E-04
   442   0.911861E-02   0.127534E-04
   443   0.902909E-02   0.126568E-04
   444   0.894044E-02   0.125608E-04
   445   0.885266E-02   0.124655E-04
   446   0.876575E-02   0.123708E-04
   447   0.867969E-02   0.122768E-04
   448   0.859447E-02   0.121834E-04
   449   0.851009E-02   0.120907E-04
   450   0.842654E-02   0.119987E-04
   451   0.834381E-02   0.119072E-04
   452   0.826189E-02   0.118165E-04
   453   0.818077E-02   0.117263E-04
   454   0.810046E-02   0.116368E-04
   455   0.802093E-02   0.115479E-04
   456   0.794218E-02   0.114596E-04
   457   0.786420E-02   0.113720E-04
   458   0.778699E-02   0.112850E-04
   459   0.771054E-02   0.111986E-04
   460   0.763484E-02   0.111127E-04
   461   0.755988E-02   0.110275E-04
   462   0.748566E-02   0.109429E-04
   463   0.741216E-02   0.108589E-04
   464   0.733939E-02   0.107755E-04
   465   0.726733E-02   0.106927E-04
   466   0.719598E-02   0.106105E-04
   467   0.712533E-02   0.105289E-04
   468   0.705538E-02   0.104478E-04
   469   0.698611E-02   0.103673E-04
   470   0.691752E-02   0.102874E-04
   471   0.684960E-02   0.102080E-04
   472   0.678235E-02   0.101293E-04
   473   0.671577E-02   0.100511E-04
   474   0.664983E-02   0.997340E-05
   475   0.658454E-02   0.989630E-05
   476   0.651990E-02   0.981975E-05
   477   0.645589E-02   0.974376E-05
   478   0.639250E-02   0.966830E-05
   479   0.632974E-02   0.959339E-05
   480   0.626760E-02   0.951902E-05
   481   0.620606E-02   0.944519E-05
   482   0.614513E-02   0.937188E-05
   483   0.608480E-02   0.929911E-05
   484   0.602506E-02   0.922686E-05
   485   0.596590E-02   0.915513E-05
   486   0.590733E-02   0.908393E-05
   487   0.584933E-02   0.901323E-05
   488   0.579191E-02   0.894306E-05
   489   0.573504E-02   0.887338E-05
   490   0.567873E-02   0.880422E-05
   491   0.562298E-02   0.873556E-05
   492   0.556778E-02   0.866740E-05
   493   0.551311E-02   0.859973E-05
   494   0.545898E-02   0.853256E-05
   495   0.540539E-02   0.846588E-05
   496   0.535232E-02   0.839968E-05
   497   0.529977E-02   0.833397E-05
   498   0.524774E-02   0.826874E-05
   499   0.519622E-02   0.820398E-05
   500   0.514520E-02   0.813970E-05
   501   0.509468E-02   0.807589E-05
   502   0.504466E-02   0.801255E-05
   503   0.499514E-02   0.794968E-05
   504   0.494609E-02   0.788727E-05
   505   0.489753E-02   0.782531E-05
   506   0.484945E-02   0.776382E-05
   507   0.480184E-02   0.770277E-05
   508   0.475470E-02   0.764218E-05
   509   0.470801E-02   0.758203E-05
   510   0.466179E-02   0.752233E-05
   511   0.461602E-02   0.746307E-05
   512   0.457070E-02   0.740425E-05
   513   0.452583E-02   0.734586E-05
   514   0.448139E-02   0.728791E-05
   515   0.443740E-02   0.723038E-05
   516   0.439383E-02   0.717329E-05
   517   0.435069E-02   0.711661E-05
   518   0.430798E-02   0.706036E-05
   519   0.426568E-02   0.700453E-05
   520   0.422380E-02   0.694911E-05
   521   0.418233E-02   0.689411E-05
   522   0.414127E-02   0.683951E-05
   523   0.410061E-02   0.678533E-05
   524   0.406035E-02   0.673155E-05
   525   0.402049E-02   0.667817E-05
   526   0.398101E-02   0.662518E-05
   527   0.394193E-02   0.657260E-05
   528   0.390323E-02   0.652041E-05
   529   0.386491E-02   0.646861E-05
   530   0.382696E-02   0.641720E-05
   531   0.378939E-02   0.636618E-05
   532   0.375218E-02   0.631553E-05
   533   0.371535E-02   0.626527E-05
   534   0.367887E-02   0.621539E-05
   535   0.364275E-02   0.616588E-05
   536   0.360699E-02   0.611675E-05
   537   0.357157E-02   0.606799E-05
   538   0.353651E-02   0.601959E-05
   539   0.350179E-02   0.597156E-05
   540   0.346741E-02   0.592389E-05
   541   0.343336E-02   0.587659E-05
   542   0.339965E-02   0.582964E-05
   543   0.336628E-02   0.578304E-05
   544   0.333323E-02   0.573680E-05
   545   0.330050E-02   0.569091E-05
   546   0.326810E-02   0.564537E-05
   547   0.323601E-02   0.560017E-05
   548   0.320424E-02   0.555532E-05
   549   0.317278E-02   0.551081E-05
   550   0.314163E-02   0.546663E-05
   551   0.311079E-02   0.542279E-05
   552   0.308025E-02   0.537929E-05
   553   0.305000E-02   0.533612E-05
   554   0.302006E-02   0.529328E-05
   555   0.299041E-02   0.525076E-05
   556   0.296105E-02   0.520857E-05
   557   0.293198E-02   0.516670E-05
   558   0.290319E-02   0.512515E-05
   559   0.287469E-02   0.508392E-05
   560   0.284646E-02   0.504300E-05
   561   0.281852E-02   0.500240E-05
   562   0.279085E-02   0.496211E-05
   563   0.276345E-02   0.492212E-05
   564   0.273631E-02   0.488245E-05
   565   0.270945E-02   0.484308E-05
   566   0.268285E-02   0.480401E-05
   567   0.265651E-02   0.476524E-05
   568   0.263043E-02   0.472677E-05
   569   0.260460E-02   0.468859E-05
   570   0.257903E-02   0.465071E-05
   571   0.255371E-02   0.461312E-05
   572   0.252864E-02   0.457583E-05
   573   0.250381E-02   0.453881E-05
   574   0.247923E-02   0.450209E-05
   575   0.245489E-02   0.446565E-05
   576   0.243079E-02   0.442949E-05
   577   0.240692E-02   0.439361E-05
   578   0.238329E-02   0.435800E-05
   579   0.235989E-02   0.432268E-05
   580   0.233672E-02   0.428762E-05
   581   0.231378E-02   0.425284E-05
   582   0.229106E-02   0.421833E-05
   583   0.226857E-02   0.418408E-05
   584   0.224630E-02   0.415010E-05
   585   0.222424E-02   0.411639E-05
   586   0.220241E-02   0.408293E-05
   587   0.218078E-02   0.404974E-05
   588   0.215937E-02   0.401680E-05
   589   0.213817E-02   0.398413E-05
   590   0.211718E-02   0.395170E-05
   591   0.209639E-02   0.391953E-05
   592   0.207581E-02   0.388761E-05
   593   0.205543E-02   0.385594E-05
   594   0.203525E-02   0.382451E-05
   595   0.201527E-02   0.379333E-05
   596   0.199548E-02   0.376240E-05
   597   0.197589E-02   0.373170E-05
   598   0.195649E-02   0.370125E-05
   599   0.193728E-02   0.367103E-05
   600   0.191826E-02   0.364105E-05
   601   0.189943E-02   0.361131E-05
   602   0.188078E-02   0.358180E-05
   603   0.186232E-02   0.355252E-05
   604   0.184403E-02   0.352347E-05
   605   0.182593E-02   0.349465E-05
   606   0.180800E-02   0.346605E-05
   607   0.179025E-02   0.343768E-05
   608   0.177267E-02   0.340953E-05
   609   0.175527E-02   0.338160E-05
   610   0.173804E-02   0.335389E-05
   611   0.172097E-02   0.332641E-05
   612   0.170408E-02   0.329913E-05
   613   0.168735E-02   0.327207E-05
   614   0.167078E-02   0.324523E-05
   615   0.165438E-02   0.321860E-05
   616   0.163813E-02   0.319217E-05
   617   0.162205E-02   0.316596E-05
   618   0.160612E-02   0.313995E-05
   619   0.159036E-02   0.311415E-05
   620   0.157474E-02   0.308855E-05
   621   0.155928E-02   0.306316E-05
   622   0.154397E-02   0.303796E-05
   623   0.152881E-02   0.301297E-05
   624   0.151380E-02   0.298817E-05
   625   0.149894E-02   0.296357E-05
   626   0.148423E-02   0.293916E-05
   627   0.146965E-02   0.291495E-05
   628   0.145522E-02   0.289093E-05
   629   0.144094E-02   0.286710E-05
   630   0.142679E-02   0.284346E-05
   631   0.141278E-02   0.282001E-05
   632   0.139891E-02   0.279675E-05
   633   0.138518E-02   0.277366E-05
   634   0.137158E-02   0.275077E-05
   635   0.135811E-02   0.272805E-05
   636   0.134478E-02   0.270552E-05
   637   0.133157E-02   0.268316E-05
   638   0.131850E-02   0.266099E-05
   639   0.130556E-02   0.263899E-05
   640   0.129274E-02   0.261716E-05
   641   0.128005E-02   0.259551E-05
   642   0.126748E-02   0.257404E-05
   643   0.125504E-02   0.255273E-05
   644   0.124271E-02   0.253159E-05
   645   0.123051E-02   0.251063E-05
   646   0.121843E-02   0.248983E-05
   647   0.120647E-02   0.246920E-05
   648   0.119462E-02   0.244873E-05
   649   0.118290E-02   0.242843E-05
   650   0.117128E-02   0.240828E-05
   651   0.115978E-02   0.238831E-05
   652   0.114840E-02   0.236849E-05
   653   0.113712E-02   0.234883E-05
   654   0.112596E-02   0.232932E-05
   655   0.111490E-02   0.230998E-05
   656   0.110396E-02   0.229079E-05
   657   0.109312E-02   0.227175E-05
   658   0.108238E-02   0.225287E-05
   659   0.107176E-02   0.223413E-05
   660   0.106124E-02   0.221555E-05
   661   0.105082E-02   0.219712E-05
   662   0.104050E-02   0.217884E-05
   663   0.103028E-02   0.216070E-05
   664   0.102017E-02   0.214271E-05
   665   0.101015E-02   0.212487E-05
   666   0.100024E-02   0.210717E-05
   667   0.990415E-03   0.208961E-05
   668   0.980691E-03   0.207219E-05
   669   0.971063E-03   0.205491E-05
   670   0.961529E-03   0.203778E-05
   671   0.952089E-03   0.202078E-05
   672   0.942741E-03   0.200392E-05
   673   0.933486E-03   0.198719E-05
   674   0.924321E-03   0.197060E-05
   675   0.915246E-03   0.195415E-05
   676   0.906260E-03   0.193783E-05
   677   0.897362E-03   0.192164E-05
   678   0.888552E-03   0.190558E-05
   679   0.879828E-03   0.188965E-05
   680   0.871190E-03   0.187385E-05
   681   0.862637E-03   0.185818E-05
   682   0.854168E-03   0.184263E-05
   683   0.845782E-03   0.182721E-05
   684   0.837478E-03   0.181192E-05
   685   0.829256E-03   0.179675E-05
   686   0.821114E-03   0.178171E-05
   687   0.813052E-03   0.176678E-05
   688   0.805070E-03   0.175198E-05
   689   0.797166E-03   0.173730E-05
   690   0.789339E-03   0.172274E-05
   691   0.781590E-03   0.170829E-05
   692   0.773916E-03   0.169396E-05
   693   0.766318E-03   0.167975E-05
   694   0.758794E-03   0.166566E-05
   695   0.751344E-03   0.165168E-05
   696   0.743968E-03   0.163782E-05
   697   0.736663E-03   0.162406E-05
   698   0.729431E-03   0.161042E-05
   699   0.722269E-03   0.159689E-05
   700   0.715178E-03   0.158348E-05
   701   0.708157E-03   0.157017E-05
   702   0.701204E-03   0.155697E-05
   703   0.694320E-03   0.154387E-05
   704   0.687503E-03   0.153089E-05
   705   0.680753E-03   0.151801E-05
   706   0.674069E-03   0.150523E-05
   707   0.667452E-03   0.149256E-05
   708   0.660899E-03   0.148000E-05
   709   0.654410E-03   0.146754E-05
   710   0.647985E-03   0.145518E-05
   711   0.641623E-03   0.144292E-05
   712   0.635324E-03   0.143076E-05
   713   0.629086E-03   0.141870E-05
   714   0.622910E-03   0.140674E-05
   715   0.616794E-03   0.139487E-05
   716   0.610738E-03   0.138311E-05
   717   0.604742E-03   0.137144E-05
   718   0.598805E-03   0.135987E-05
   719   0.592926E-03   0.134839E-05
   720   0.587105E-03   0.133701E-05
   721   0.581340E-03   0.132572E-05
   722   0.575633E-03   0.131452E-05
   723   0.569981E-03   0.130341E-05
   724   0.564385E-03   0.129240E-05
   725   0.558844E-03   0.128148E-05
   726   0.553358E-03   0.127064E-05
   727   0.547925E-03   0.125990E-05
   728   0.542545E-03   0.124924E-05
   729   0.537219E-03   0.123868E-05
   730   0.531944E-03   0.122819E-05
   731   0.526722E-03   0.121780E-05
   732   0.521550E-03   0.120749E-05
   733   0.516430E-03   0.119727E-05
   734   0.511360E-03   0.118713E-05
   735   0.506339E-03   0.117707E-05
   736   0.501368E-03   0.116710E-05
   737   0.496445E-03   0.115721E-05
   738   0.491571E-03   0.114740E-05
   739   0.486745E-03   0.113767E-05
   740   0.481966E-03   0.112803E-05
   741   0.477234E-03   0.111846E-05
   742   0.472549E-03   0.110897E-05
   743   0.467910E-03   0.109956E-05
   744   0.463316E-03   0.109023E-05
   745   0.458767E-03   0.108098E-05
   746   0.454263E-03   0.107180E-05
   747   0.449803E-03   0.106270E-05
   748   0.445387E-03   0.105367E-05
   749   0.441014E-03   0.104472E-05
   750   0.436684E-03   0.103584E-05
   751   0.432397E-03   0.102704E-05
   752   0.428151E-03   0.101831E-05
   753   0.423948E-03   0.100965E-05
   754   0.419786E-03   0.100106E-05
   755   0.415664E-03   0.992546E-06
   756   0.411583E-03   0.984101E-06
   757   0.407542E-03   0.975727E-06
   758   0.403541E-03   0.967422E-06
   759   0.399579E-03   0.959186E-06
   760   0.395656E-03   0.951019E-06
   761   0.391772E-03   0.942919E-06
   762   0.387925E-03   0.934887E-06
   763   0.384117E-03   0.926922E-06
   764   0.380345E-03   0.919023E-06
   765   0.376611E-03   0.911190E-06
   766   0.372914E-03   0.903422E-06
   767   0.369252E-03   0.895718E-06
   768   0.365627E-03   0.888079E-06
   769   0.362037E-03   0.880504E-06
   770   0.358483E-03   0.872992E-06
   771   0.354963E-03   0.865542E-06
   772   0.351478E-03   0.858154E-06
   773   0.348028E-03   0.850828E-06
   774   0.344611E-03   0.843563E-06
   775   0.341227E-03   0.836359E-06
   776   0.337877E-03   0.829215E-06
   777   0.334560E-03   0.822131E-06
   778   0.331275E-03   0.815106E-06
   779   0.328023E-03   0.808139E-06
   780   0.324802E-03   0.801231E-06
   781   0.321613E-03   0.794380E-06
   782   0.318456E-03   0.787587E-06
   783   0.315329E-03   0.780851E-06
   784   0.312233E-03   0.774170E-06
   785   0.309168E-03   0.767546E-06
   786   0.306133E-03   0.760977E-06
   787   0.303127E-03   0.754464E-06
   788   0.300151E-03   0.748005E-06
   789   0.297204E-03   0.741599E-06
   790   0.294286E-03   0.735248E-06
   791   0.291397E-03   0.728950E-06
   792   0.288536E-03   0.722704E-06
   793   0.285703E-03   0.716511E-06
   794   0.282898E-03   0.710370E-06
   795   0.280121E-03   0.704281E-06
   796   0.277370E-03   0.698242E-06
   797   0.274647E-03   0.692254E-06
   798   0.271951E-03   0.686317E-06
   799   0.269281E-03   0.680429E-06
   800   0.266637E-03   0.674591E-06
   801   0.264019E-03   0.668802E-06
   802   0.261427E-03   0.663061E-06
   803   0.258860E-03   0.657369E-06
   804   0.256319E-03   0.651724E-06
   805   0.253802E-03   0.646128E-06
   806   0.251311E-03   0.640578E-06
   807   0.248843E-03   0.635074E-06
   808   0.246400E-03   0.629618E-06
   809   0.243981E-03   0.624207E-06
   810   0.241586E-03   0.618841E-06
   811   0.239214E-03   0.613521E-06
   812   0.236865E-03   0.608246E-06
   813   0.234540E-03   0.603015E-06
   814   0.232237E-03   0.597828E-06
   815   0.229957E-03   0.592685E-06
   816   0.227699E-03   0.587585E-06
   817   0.225464E-03   0.582528E-06
   818   0.223250E-03   0.577514E-06
   819   0.221058E-03   0.572542E-06
   820   0.218888E-03   0.567612E-06
   821   0.216739E-03   0.562724E-06
   822   0.214611E-03   0.557877E-06
   823   0.212504E-03   0.553071E-06
   824   0.210417E-03   0.548306E-06
   825   0.208352E-03   0.543580E-06
   826   0.206306E-03   0.538895E-06
   827   0.204281E-03   0.534249E-06
   828   0.202275E-03   0.529643E-06
   829   0.200289E-03   0.525076E-06
   830   0.198323E-03   0.520547E-06
   831   0.196375E-03   0.516056E-06
   832   0.194447E-03   0.511604E-06
   833   0.192538E-03   0.507189E-06
   834   0.190648E-03   0.502812E-06
   835   0.188776E-03   0.498471E-06
   836   0.186923E-03   0.494168E-06
   837   0.185088E-03   0.489900E-06
   838   0.183271E-03   0.485669E-06
   839   0.181471E-03   0.481474E-06
   840   0.179690E-03   0.477315E-06
   841   0.177925E-03   0.473190E-06
   842   0.176178E-03   0.469101E-06
   843   0.174449E-03   0.465046E-06
   844   0.172736E-03   0.461026E-06
   845   0.171040E-03   0.457040E-06
   846   0.169361E-03   0.453087E-06
   847   0.167698E-03   0.449169E-06
   848   0.166052E-03   0.445283E-06
   849   0.164421E-03   0.441431E-06
   850   0.162807E-03   0.437611E-06
   851   0.161209E-03   0.433823E-06
   852   0.159626E-03   0.430068E-06
   853   0.158059E-03   0.426345E-06
   854   0.156507E-03   0.422654E-06
   855   0.154970E-03   0.418993E-06
   856   0.153449E-03   0.415364E-06
   857   0.151942E-03   0.411766E-06
   858   0.150451E-03   0.408199E-06
   859   0.148973E-03   0.404661E-06
   860   0.147511E-03   0.401154E-06
   861   0.146063E-03   0.397677E-06
   862   0.144629E-03   0.394229E-06
   863   0.143209E-03   0.390811E-06
   864   0.141803E-03   0.387422E-06
   865   0.140410E-03   0.384062E-06
   866   0.139032E-03   0.380730E-06
   867   0.137667E-03   0.377427E-06
   868   0.136315E-03   0.374152E-06
   869   0.134977E-03   0.370904E-06
   870   0.133652E-03   0.367685E-06
   871   0.132340E-03   0.364493E-06
   872   0.131040E-03   0.361328E-06
   873   0.129754E-03   0.358190E-06
   874   0.128480E-03   0.355079E-06
   875   0.127218E-03   0.351995E-06
   876   0.125969E-03   0.348937E-06
   877   0.124733E-03   0.345905E-06
   878   0.123508E-03   0.342899E-06
   879   0.122295E-03   0.339919E-06
   880   0.121095E-03   0.336964E-06
   881   0.119906E-03   0.334034E-06
   882   0.118729E-03   0.331129E-06
   883   0.117563E-03   0.328250E-06
   884   0.116409E-03   0.325394E-06
   885   0.115266E-03   0.322564E-06
   886   0.114134E-03   0.319757E-06
   887   0.113014E-03   0.316975E-06
   888   0.111904E-03   0.314216E-06
   889   0.110805E-03   0.311481E-06
   890   0.109717E-03   0.308769E-06
   891   0.108640E-03   0.306081E-06
   892   0.107574E-03   0.303415E-06
   893   0.106517E-03   0.300773E-06
   894   0.105472E-03   0.298153E-06
   895   0.104436E-03   0.295555E-06
   896   0.103411E-03   0.292980E-06
   897   0.102396E-03   0.290427E-06
   898   0.101390E-03   0.287896E-06
   899   0.100395E-03   0.285386E-06
   900   0.994092E-04   0.282898E-06
   901   0.984332E-04   0.280432E-06
   902   0.974668E-04   0.277986E-06
   903   0.965098E-04   0.275562E-06
   904   0.955623E-04   0.273158E-06
   905   0.946241E-04   0.270775E-06
   906   0.936951E-04   0.268412E-06
   907   0.927752E-04   0.266070E-06
   908   0.918643E-04   0.263748E-06
   909   0.909624E-04   0.261445E-06
   910   0.900693E-04   0.259163E-06
   911   0.891850E-04   0.256900E-06
   912   0.883094E-04   0.254657E-06
   913   0.874424E-04   0.252433E-06
   914   0.865839E-04   0.250228E-06
   915   0.857338E-04   0.248042E-06
   916   0.848921E-04   0.245874E-06
   917   0.840587E-04   0.243726E-06
   918   0.832334E-04   0.241596E-06
   919   0.824162E-04   0.239484E-06
   920   0.816070E-04   0.237390E-06
   921   0.808058E-04   0.235315E-06
   922   0.800125E-04   0.233257E-06
   923   0.792269E-04   0.231217E-06
   924   0.784491E-04   0.229195E-06
   925   0.776789E-04   0.227190E-06
   926   0.769162E-04   0.225202E-06
   927   0.761611E-04   0.223232E-06
   928   0.754133E-04   0.221278E-06
   929   0.746729E-04   0.219341E-06
   930   0.739398E-04   0.217421E-06
   931   0.732139E-04   0.215518E-06
   932   0.724950E-04   0.213631E-06
   933   0.717833E-04   0.211760E-06
   934   0.710785E-04   0.209905E-06
   935   0.703807E-04   0.208067E-06
   936   0.696897E-04   0.206244E-06
   937   0.690055E-04   0.204437E-06
   938   0.683280E-04   0.202645E-06
   939   0.676572E-04   0.200869E-06
   940   0.669929E-04   0.199109E-06
   941   0.663352E-04   0.197363E-06
   942   0.656839E-04   0.195633E-06
   943   0.650390E-04   0.193918E-06
   944   0.644005E-04   0.192217E-06
   945   0.637682E-04   0.190531E-06
   946   0.631421E-04   0.188860E-06
   947   0.625222E-04   0.187203E-06
   948   0.619084E-04   0.185561E-06
   949   0.613005E-04   0.183932E-06
   950   0.606987E-04   0.182318E-06
   951   0.601028E-04   0.180718E-06
   952   0.595127E-04   0.179132E-06
   953   0.589284E-04   0.177559E-06
   954   0.583498E-04   0.176000E-06
   955   0.577770E-04   0.174454E-06
   956   0.572097E-04   0.172922E-06
   957   0.566480E-04   0.171403E-06
   958   0.560919E-04   0.169897E-06
   959   0.555412E-04   0.168405E-06
   960   0.549959E-04   0.166925E-06
   961   0.544559E-04   0.165458E-06
   962   0.539213E-04   0.164004E-06
   963   0.533919E-04   0.162562E-06
   964   0.528677E-04   0.161133E-06
   965   0.523486E-04   0.159716E-06
   966   0.518347E-04   0.158312E-06
   967   0.513258E-04   0.156920E-06
   968   0.508219E-04   0.155539E-06
   969   0.503229E-04   0.154171E-06
   970   0.498288E-04   0.152815E-06
   971   0.493396E-04   0.151470E-06
   972   0.488552E-04   0.150137E-06
   973   0.483755E-04   0.148816E-06
   974   0.479006E-04   0.147506E-06
   975   0.474303E-04   0.146208E-06
   976   0.469646E-04   0.144921E-06
   977   0.465035E-04   0.143645E-06
   978   0.460470E-04   0.142380E-06
   979   0.455949E-04   0.141126E-06
   980   0.451472E-04   0.139883E-06
   981   0.447040E-04   0.138650E-06
   982   0.442651E-04   0.137429E-06
   983   0.438305E-04   0.136218E-06
   984   0.434002E-04   0.135018E-06
   985   0.429741E-04   0.133828E-06
   986   0.425522E-04   0.132648E-06
   987   0.421344E-04   0.131479E-06
   988   0.417207E-04   0.130320E-06
   989   0.413111E-04   0.129170E-06
   990   0.409055E-04   0.128031E-06
   991   0.405039E-04   0.126902E-06
   992   0.401062E-04   0.125783E-06
   993   0.397125E-04   0.124673E-06
   994   0.393226E-04   0.123573E-06
   995   0.389365E-04   0.122483E-06
   996   0.385542E-04   0.121402E-06
   997   0.381757E-04   0.120331E-06
   998   0.378009E-04   0.119269E-06
   999   0.374298E-04   0.118216E-06
  1000   0.370623E-04   0.117172E-06
  1001   0.366984E-04   0.116138E-06
  1002   0.363381E-04   0.115112E-06
  1003   0.359814E-04   0.114096E-06
  1004   0.356281E-04   0.113088E-06
  1005   0.352783E-04   0.112089E-06
  1006   0.349319E-04   0.111099E-06
  1007   0.345890E-04   0.110117E-06
  1008   0.342494E-04   0.109144E-06
  1009   0.339131E-04   0.108180E-06
  1010   0.335802E-04   0.107224E-06
  1011   0.332505E-04   0.106276E-06
  1012   0.329240E-04   0.105336E-06
  1013   0.326008E-04   0.104405E-06
  1014   0.322807E-04   0.103482E-06
  1015   0.319638E-04   0.102567E-06
  1016   0.316500E-04   0.101660E-06
  1017   0.313392E-04   0.100761E-06
  1018   0.310316E-04   0.998692E-07
  1019   0.307269E-04   0.989857E-07
  1020   0.304252E-04   0.981099E-07
  1021   0.301265E-04   0.972417E-07
  1022   0.298307E-04   0.963812E-07
  1023   0.295378E-04   0.955281E-07
  1024   0.292478E-04   0.946826E-07
  1025   0.289607E-04   0.938444E-07
  1026   0.286764E-04   0.930135E-07
  1027   0.283948E-04   0.921900E-07
  1028   0.281160E-04   0.913736E-07
  1029   0.278400E-04   0.905644E-07
  1030   0.275667E-04   0.897622E-07
  1031   0.272960E-04   0.889671E-07
  1032   0.270280E-04   0.881789E-07
  1033   0.267627E-04   0.873976E-07
  1034   0.264999E-04   0.866232E-07
  1035   0.262397E-04   0.858556E-07
  1036   0.259821E-04   0.850947E-07
  1037   0.257270E-04   0.843404E-07
  1038   0.254744E-04   0.835928E-07
  1039   0.252243E-04   0.828517E-07
  1040   0.249767E-04   0.821171E-07
  1041   0.247315E-04   0.813889E-07
  1042   0.244887E-04   0.806671E-07
  1043   0.242482E-04   0.799517E-07
  1044   0.240102E-04   0.792425E-07
  1045   0.237744E-04   0.785395E-07
  1046   0.235410E-04   0.778427E-07
  1047   0.233099E-04   0.771520E-07
  1048   0.230810E-04   0.764674E-07
  1049   0.228544E-04   0.757888E-07
  1050   0.226300E-04   0.751161E-07
  1051   0.224079E-04   0.744493E-07
  1052   0.221879E-04   0.737884E-07
  1053   0.219700E-04   0.731333E-07
  1054   0.217543E-04   0.724839E-07
  1055   0.215407E-04   0.718403E-07
  1056   0.213293E-04   0.712023E-07
  1057   0.211199E-04   0.705699E-07
  1058   0.209125E-04   0.699430E-07
  1059   0.207072E-04   0.693217E-07
  1060   0.205039E-04   0.687058E-07
  1061   0.203026E-04   0.680953E-07
  1062   0.201032E-04   0.674902E-07
  1063   0.199059E-04   0.668904E-07
  1064   0.197104E-04   0.662959E-07
  1065   0.195169E-04   0.657066E-07
  1066   0.193253E-04   0.651225E-07
  1067   0.191356E-04   0.645435E-07
  1068   0.189477E-04   0.639696E-07
  1069   0.187617E-04   0.634008E-07
  1070   0.185775E-04   0.628369E-07
  1071   0.183951E-04   0.622781E-07
  1072   0.182145E-04   0.617241E-07
  1073   0.180357E-04   0.611750E-07
  1074   0.178586E-04   0.606308E-07
  1075   0.176832E-04   0.600913E-07
  1076   0.175096E-04   0.595566E-07
  1077   0.173377E-04   0.590266E-07
  1078   0.171675E-04   0.585012E-07
  1079   0.169990E-04   0.579805E-07
  1080   0.168321E-04   0.574644E-07
  1081   0.166668E-04   0.569528E-07
  1082   0.165032E-04   0.564457E-07
  1083   0.163411E-04   0.559431E-07
  1084   0.161807E-04   0.554449E-07
  1085   0.160218E-04   0.549511E-07
  1086   0.158645E-04   0.544617E-07
  1087   0.157088E-04   0.539765E-07
  1088   0.155546E-04   0.534957E-07
  1089   0.154018E-04   0.530191E-07
  1090   0.152506E-04   0.525467E-07
  1091   0.151009E-04   0.520784E-07
  1092   0.149526E-04   0.516143E-07
  1093   0.148058E-04   0.511543E-07
  1094   0.146605E-04   0.506983E-07
  1095   0.145165E-04   0.502464E-07
  1096   0.143740E-04   0.497984E-07
  1097   0.142329E-04   0.493544E-07
  1098   0.140932E-04   0.489143E-07
  1099   0.139548E-04   0.484781E-07
  1100   0.138178E-04   0.480458E-07
  1101   0.136821E-04   0.476172E-07
  1102   0.135478E-04   0.471925E-07
  1103   0.134148E-04   0.467715E-07
  1104   0.132831E-04   0.463542E-07
  1105   0.131527E-04   0.459406E-07
  1106   0.130235E-04   0.455306E-07
  1107   0.128957E-04   0.451243E-07
  1108   0.127691E-04   0.447216E-07
  1109   0.126437E-04   0.443224E-07
  1110   0.125196E-04   0.439267E-07
  1111   0.123966E-04   0.435346E-07
  1112   0.122749E-04   0.431459E-07
  1113   0.121544E-04   0.427607E-07
  1114   0.120351E-04   0.423788E-07
  1115   0.119169E-04   0.420003E-07
  1116   0.117999E-04   0.416252E-07
  1117   0.116841E-04   0.412534E-07
  1118   0.115694E-04   0.408849E-07
  1119   0.114558E-04   0.405196E-07
  1120   0.113433E-04   0.401576E-07
  1121   0.112319E-04   0.397988E-07
  1122   0.111217E-04   0.394431E-07
  1123   0.110125E-04   0.390906E-07
  1124   0.109044E-04   0.387412E-07
  1125   0.107973E-04   0.383950E-07
  1126   0.106913E-04   0.380517E-07
  1127   0.105863E-04   0.377115E-07
  1128   0.104824E-04   0.373744E-07
  1129   0.103795E-04   0.370402E-07
  1130   0.102776E-04   0.367090E-07
  1131   0.101767E-04   0.363807E-07
  1132   0.100767E-04   0.360553E-07
  1133   0.997782E-05   0.357328E-07
  1134   0.987985E-05   0.354131E-07
  1135   0.978285E-05   0.350963E-07
  1136   0.968681E-05   0.347823E-07
  1137   0.959170E-05   0.344711E-07
  1138   0.949753E-05   0.341626E-07
  1139   0.940429E-05   0.338569E-07
  1140   0.931196E-05   0.335538E-07
  1141   0.922053E-05   0.332535E-07
  1142   0.913001E-05   0.329558E-07
  1143   0.904037E-05   0.326608E-07
  1144   0.895161E-05   0.323684E-07
  1145   0.886372E-05   0.320785E-07
  1146   0.877670E-05   0.317913E-07
  1147   0.869053E-05   0.315066E-07
  1148   0.860521E-05   0.312244E-07
  1149   0.852072E-05   0.309447E-07
  1150   0.843707E-05   0.306675E-07
  1151   0.835423E-05   0.303928E-07
  1152   0.827221E-05   0.301205E-07
  1153   0.819100E-05   0.298506E-07
  1154   0.811058E-05   0.295831E-07
  1155   0.803095E-05   0.293180E-07
  1156   0.795210E-05   0.290553E-07
  1157   0.787403E-05   0.287949E-07
  1158   0.779672E-05   0.285368E-07
  1159   0.772017E-05   0.282809E-07
  1160   0.764438E-05   0.280274E-07
  1161   0.756933E-05   0.277761E-07
  1162   0.749501E-05   0.275270E-07
  1163   0.742142E-05   0.272802E-07
  1164   0.734856E-05   0.270355E-07
  1165   0.727641E-05   0.267931E-07
  1166   0.720497E-05   0.265527E-07
  1167   0.713424E-05   0.263146E-07
  1168   0.706419E-05   0.260785E-07
  1169   0.699484E-05   0.258445E-07
  1170   0.692616E-05   0.256126E-07
  1171   0.685816E-05   0.253828E-07
  1172   0.679083E-05   0.251550E-07
  1173   0.672416E-05   0.249293E-07
  1174   0.665814E-05   0.247055E-07
  1175   0.659277E-05   0.244838E-07
  1176   0.652804E-05   0.242640E-07
  1177   0.646395E-05   0.240461E-07
  1178   0.640049E-05   0.238303E-07
  1179   0.633765E-05   0.236163E-07
  1180   0.627543E-05   0.234042E-07
  1181   0.621382E-05   0.231940E-07
  1182   0.615281E-05   0.229857E-07
  1183   0.609240E-05   0.227793E-07
  1184   0.603259E-05   0.225747E-07
  1185   0.597336E-05   0.223719E-07
  1186   0.591471E-05   0.221709E-07
  1187   0.585664E-05   0.219717E-07
  1188   0.579914E-05   0.217743E-07
  1189   0.574221E-05   0.215786E-07
  1190   0.568583E-05   0.213847E-07
  1191   0.563001E-05   0.211925E-07
  1192   0.557473E-05   0.210020E-07
  1193   0.552000E-05   0.208132E-07
  1194   0.546581E-05   0.206261E-07
  1195   0.541214E-05   0.204407E-07
  1196   0.535901E-05   0.202569E-07
  1197   0.530639E-05   0.200748E-07
  1198   0.525429E-05   0.198943E-07
  1199   0.520271E-05   0.197153E-07
  1200   0.515163E-05   0.195380E-07
  1201   0.510105E-05   0.193623E-07
  1202   0.505097E-05   0.191881E-07
  1203   0.500138E-05   0.190155E-07
  1204   0.495228E-05   0.188445E-07
  1205   0.490365E-05   0.186749E-07
  1206   0.485551E-05   0.185069E-07
  1207   0.480784E-05   0.183403E-07
  1208   0.476064E-05   0.181753E-07
  1209   0.471390E-05   0.180117E-07
  1210   0.466762E-05   0.178496E-07
  1211   0.462179E-05   0.176889E-07
  1212   0.457641E-05   0.175297E-07
  1213   0.453148E-05   0.173719E-07
  1214   0.448699E-05   0.172155E-07
  1215   0.444294E-05   0.170605E-07
  1216   0.439932E-05   0.169069E-07
  1217   0.435613E-05   0.167546E-07
  1218   0.431336E-05   0.166037E-07
  1219   0.427101E-05   0.164542E-07
  1220   0.422908E-05   0.163060E-07
  1221   0.418756E-05   0.161591E-07
  1222   0.414644E-05   0.160135E-07
  1223   0.410573E-05   0.158693E-07
  1224   0.406543E-05   0.157263E-07
  1225   0.402551E-05   0.155846E-07
  1226   0.398599E-05   0.154441E-07
  1227   0.394685E-05   0.153050E-07
  1228   0.390810E-05   0.151670E-07
  1229   0.386974E-05   0.150303E-07
  1230   0.383174E-05   0.148948E-07
  1231   0.379412E-05   0.147606E-07
  1232   0.375687E-05   0.146275E-07
  1233   0.371999E-05   0.144956E-07
  1234   0.368347E-05   0.143649E-07
  1235   0.364730E-05   0.142354E-07
  1236   0.361149E-05   0.141070E-07
  1237   0.357603E-05   0.139798E-07
  1238   0.354093E-05   0.138537E-07
  1239   0.350616E-05   0.137288E-07
  1240   0.347174E-05   0.136049E-07
  1241   0.343765E-05   0.134822E-07
  1242   0.340390E-05   0.133606E-07
  1243   0.337048E-05   0.132400E-07
  1244   0.333739E-05   0.131206E-07
  1245   0.330463E-05   0.130022E-07
  1246   0.327218E-05   0.128848E-07
  1247   0.324005E-05   0.127685E-07
  1248   0.320824E-05   0.126533E-07
  1249   0.317675E-05   0.125391E-07
  1250   0.314556E-05   0.124259E-07
  1251   0.311467E-05   0.123137E-07
  1252   0.308409E-05   0.122026E-07
  1253   0.305382E-05   0.120924E-07
  1254   0.302383E-05   0.119832E-07
  1255   0.299415E-05   0.118750E-07
  1256   0.296475E-05   0.117678E-07
  1257   0.293564E-05   0.116615E-07
  1258   0.290682E-05   0.115562E-07
  1259   0.287828E-05   0.114518E-07
  1260   0.285002E-05   0.113483E-07
  1261   0.282204E-05   0.112458E-07
  1262   0.279433E-05   0.111442E-07
  1263   0.276690E-05   0.110435E-07
  1264   0.273973E-05   0.109438E-07
  1265   0.271284E-05   0.108449E-07
  1266   0.268620E-05   0.107469E-07
  1267   0.265983E-05   0.106497E-07
  1268   0.263371E-05   0.105535E-07
  1269   0.260786E-05   0.104581E-07
  1270   0.258225E-05   0.103636E-07
  1271   0.255690E-05   0.102699E-07
  1272   0.253180E-05   0.101770E-07
  1273   0.250694E-05   0.100850E-07
  1274   0.248233E-05   0.999384E-08
  1275   0.245796E-05   0.990347E-08
  1276   0.243382E-05   0.981392E-08
  1277   0.240993E-05   0.972517E-08
  1278   0.238627E-05   0.963721E-08
  1279   0.236284E-05   0.955004E-08
  1280   0.233964E-05   0.946366E-08
  1281   0.231667E-05   0.937805E-08
  1282   0.229393E-05   0.929321E-08
  1283   0.227140E-05   0.920914E-08
  1284   0.224910E-05   0.912582E-08
  1285   0.222702E-05   0.904324E-08
  1286   0.220516E-05   0.896141E-08
  1287   0.218351E-05   0.888031E-08
  1288   0.216207E-05   0.879995E-08
  1289   0.214084E-05   0.872030E-08
  1290   0.211982E-05   0.864137E-08
  1291   0.209901E-05   0.856315E-08
  1292   0.207840E-05   0.848563E-08
  1293   0.205800E-05   0.840881E-08
  1294   0.203779E-05   0.833268E-08
  1295   0.201779E-05   0.825723E-08
  1296   0.199798E-05   0.818246E-08
  1297   0.197836E-05   0.810837E-08
  1298   0.195894E-05   0.803494E-08
  1299   0.193970E-05   0.796217E-08
  1300   0.192066E-05   0.789005E-08
  1301   0.190180E-05   0.781859E-08
  1302   0.188313E-05   0.774776E-08
  1303   0.186464E-05   0.767758E-08
  1304   0.184634E-05   0.760802E-08
  1305   0.182821E-05   0.753909E-08
  1306   0.181026E-05   0.747078E-08
  1307   0.179249E-05   0.740308E-08
  1308   0.177489E-05   0.733600E-08
  1309   0.175746E-05   0.726952E-08
  1310   0.174021E-05   0.720363E-08
  1311   0.172312E-05   0.713834E-08
  1312   0.170621E-05   0.707364E-08
  1313   0.168945E-05   0.700952E-08
  1314   0.167287E-05   0.694597E-08
  1315   0.165644E-05   0.688300E-08
  1316   0.164018E-05   0.682060E-08
  1317   0.162408E-05   0.675875E-08
  1318   0.160813E-05   0.669747E-08
  1319   0.159234E-05   0.663673E-08
  1320   0.157671E-05   0.657655E-08
  1321   0.156123E-05   0.651690E-08
  1322   0.154590E-05   0.645779E-08
  1323   0.153072E-05   0.639922E-08
  1324   0.151570E-05   0.634117E-08
  1325   0.150081E-05   0.628364E-08
  1326   0.148608E-05   0.622664E-08
  1327   0.147149E-05   0.617015E-08
  1328   0.145704E-05   0.611416E-08
  1329   0.144274E-05   0.605868E-08
  1330   0.142857E-05   0.600370E-08
  1331   0.141455E-05   0.594922E-08
  1332   0.140066E-05   0.589523E-08
  1333   0.138691E-05   0.584172E-08
  1334   0.137329E-05   0.578870E-08
  1335   0.135981E-05   0.573615E-08
  1336   0.134646E-05   0.568408E-08
  1337   0.133324E-05   0.563248E-08
  1338   0.132015E-05   0.558134E-08
  1339   0.130719E-05   0.553067E-08
  1340   0.129435E-05   0.548045E-08
  1341   0.128165E-05   0.543068E-08
  1342   0.126906E-05   0.538137E-08
  1343   0.125660E-05   0.533249E-08
  1344   0.124427E-05   0.528406E-08
  1345   0.123205E-05   0.523607E-08
  1346   0.121995E-05   0.518851E-08
  1347   0.120798E-05   0.514138E-08
  1348   0.119612E-05   0.509467E-08
  1349   0.118437E-05   0.504839E-08
  1350   0.117274E-05   0.500252E-08
  1351   0.116123E-05   0.495707E-08
  1352   0.114983E-05   0.491202E-08
  1353   0.113854E-05   0.486739E-08
  1354   0.112736E-05   0.482315E-08
  1355   0.111629E-05   0.477932E-08
  1356   0.110534E-05   0.473588E-08
  1357   0.109448E-05   0.469284E-08
  1358   0.108374E-05   0.465018E-08
  1359   0.107310E-05   0.460791E-08
  1360   0.106256E-05   0.456602E-08
  1361   0.105213E-05   0.452450E-08
  1362   0.104180E-05   0.448337E-08
  1363   0.103157E-05   0.444260E-08
  1364   0.102144E-05   0.440221E-08
  1365   0.101142E-05   0.436217E-08
  1366   0.100149E-05   0.432250E-08
  1367   0.991653E-06   0.428319E-08
  1368   0.981917E-06   0.424424E-08
  1369   0.972276E-06   0.420563E-08
  1370   0.962731E-06   0.416738E-08
  1371   0.953279E-06   0.412947E-08
  1372   0.943919E-06   0.409190E-08
  1373   0.934652E-06   0.405467E-08
  1374   0.925476E-06   0.401778E-08
  1375   0.916389E-06   0.398123E-08
  1376   0.907392E-06   0.394500E-08
  1377   0.898484E-06   0.390910E-08
  1378   0.889662E-06   0.387352E-08
  1379   0.880928E-06   0.383827E-08
  1380   0.872279E-06   0.380334E-08
  1381   0.863715E-06   0.376872E-08
  1382   0.855235E-06   0.373442E-08
  1383   0.846838E-06   0.370042E-08
  1384   0.838524E-06   0.366673E-08
  1385   0.830292E-06   0.363335E-08
  1386   0.822140E-06   0.360027E-08
  1387   0.814068E-06   0.356749E-08
  1388   0.806076E-06   0.353501E-08
  1389   0.798162E-06   0.350282E-08
  1390   0.790326E-06   0.347092E-08
  1391   0.782566E-06   0.343931E-08
  1392   0.774883E-06   0.340798E-08
  1393   0.767275E-06   0.337694E-08
  1394   0.759742E-06   0.334618E-08
  1395   0.752283E-06   0.331570E-08
  1396   0.744897E-06   0.328550E-08
  1397   0.737584E-06   0.325557E-08
  1398   0.730342E-06   0.322590E-08
  1399   0.723172E-06   0.319651E-08
  1400   0.716072E-06   0.316739E-08
  1401   0.709042E-06   0.313852E-08
  1402   0.702080E-06   0.310992E-08
  1403   0.695187E-06   0.308158E-08
  1404   0.688362E-06   0.305350E-08
  1405   0.681604E-06   0.302567E-08
  1406   0.674912E-06   0.299809E-08
  1407   0.668285E-06   0.297076E-08
  1408   0.661724E-06   0.294368E-08
  1409   0.655228E-06   0.291684E-08
  1410   0.648795E-06   0.289025E-08
  1411   0.642425E-06   0.286390E-08
  1412   0.636117E-06   0.283779E-08
  1413   0.629872E-06   0.281191E-08
  1414   0.623688E-06   0.278627E-08
  1415   0.617565E-06   0.276086E-08
  1416   0.611502E-06   0.273568E-08
  1417   0.605498E-06   0.271073E-08
  1418   0.599553E-06   0.268601E-08
  1419   0.593667E-06   0.266151E-08
  1420   0.587838E-06   0.263723E-08
  1421   0.582067E-06   0.261318E-08
  1422   0.576352E-06   0.258934E-08
  1423   0.570694E-06   0.256571E-08
  1424   0.565091E-06   0.254231E-08
  1425   0.559543E-06   0.251911E-08
  1426   0.554049E-06   0.249612E-08
  1427   0.548609E-06   0.247335E-08
  1428   0.543223E-06   0.245077E-08
  1429   0.537890E-06   0.242841E-08
  1430   0.532609E-06   0.240625E-08
  1431   0.527380E-06   0.238428E-08
  1432   0.522202E-06   0.236252E-08
  1433   0.517075E-06   0.234096E-08
  1434   0.511998E-06   0.231959E-08
  1435   0.506972E-06   0.229841E-08
  1436   0.501994E-06   0.227743E-08
  1437   0.497066E-06   0.225663E-08
  1438   0.492186E-06   0.223603E-08
  1439   0.487353E-06   0.221561E-08
  1440   0.482569E-06   0.219538E-08
  1441   0.477831E-06   0.217533E-08
  1442   0.473139E-06   0.215547E-08
  1443   0.468494E-06   0.213578E-08
  1444   0.463895E-06   0.211627E-08
  1445   0.459340E-06   0.209694E-08
  1446   0.454830E-06   0.207779E-08
  1447   0.450365E-06   0.205881E-08
  1448   0.445943E-06   0.204000E-08
  1449   0.441565E-06   0.202137E-08
  1450   0.437230E-06   0.200290E-08
  1451   0.432937E-06   0.198460E-08
  1452   0.428686E-06   0.196647E-08
  1453   0.424478E-06   0.194850E-08
  1454   0.420310E-06   0.193069E-08
  1455   0.416184E-06   0.191305E-08
  1456   0.412098E-06   0.189556E-08
  1457   0.408052E-06   0.187824E-08
  1458   0.404045E-06   0.186107E-08
  1459   0.400078E-06   0.184406E-08
  1460   0.396151E-06   0.182721E-08
  1461   0.392261E-06   0.181050E-08
  1462   0.388410E-06   0.179395E-08
  1463   0.384597E-06   0.177755E-08
  1464   0.380821E-06   0.176130E-08
  1465   0.377082E-06   0.174519E-08
  1466   0.373380E-06   0.172924E-08
  1467   0.369714E-06   0.171342E-08
  1468   0.366084E-06   0.169776E-08
  1469   0.362490E-06   0.168223E-08
  1470   0.358931E-06   0.166685E-08
  1471   0.355407E-06   0.165160E-08
  1472   0.351918E-06   0.163649E-08
  1473   0.348462E-06   0.162153E-08
  1474   0.345041E-06   0.160669E-08
  1475   0.341654E-06   0.159200E-08
  1476   0.338299E-06   0.157743E-08
  1477   0.334978E-06   0.156300E-08
  1478   0.331689E-06   0.154870E-08
  1479   0.328433E-06   0.153453E-08
  1480   0.325208E-06   0.152049E-08
  1481   0.322015E-06   0.150658E-08
  1482   0.318854E-06   0.149279E-08
  1483   0.315723E-06   0.147913E-08
  1484   0.312624E-06   0.146559E-08
  1485   0.309554E-06   0.145218E-08
  1486   0.306515E-06   0.143889E-08
  1487   0.303506E-06   0.142572E-08
  1488   0.300526E-06   0.141266E-08
  1489   0.297575E-06   0.139973E-08
  1490   0.294654E-06   0.138692E-08
  1491   0.291761E-06   0.137422E-08
  1492   0.288896E-06   0.136164E-08
  1493   0.286060E-06   0.134917E-08
  1494   0.283252E-06   0.133682E-08
  1495   0.280471E-06   0.132458E-08
  1496   0.277717E-06   0.131245E-08
  1497   0.274990E-06   0.130043E-08
  1498   0.272291E-06   0.128852E-08
  1499   0.269617E-06   0.127672E-08
  1500   0.266970E-06   0.126503E-08
  1501   0.264349E-06   0.125344E-08
  1502   0.261754E-06   0.124196E-08
  1503   0.259184E-06   0.123058E-08
  1504   0.256639E-06   0.121931E-08
  1505   0.254119E-06   0.120814E-08
  1506   0.251625E-06   0.119707E-08
  1507   0.249154E-06   0.118610E-08
  1508   0.246708E-06   0.117523E-08
  1509   0.244286E-06   0.116447E-08
  1510   0.241887E-06   0.115380E-08
  1511   0.239513E-06   0.114322E-08
  1512   0.237161E-06   0.113275E-08
  1513   0.234833E-06   0.112236E-08
  1514   0.232527E-06   0.111208E-08
  1515   0.230244E-06   0.110188E-08
  1516   0.227984E-06   0.109178E-08
  1517   0.225745E-06   0.108178E-08
  1518   0.223529E-06   0.107186E-08
  1519   0.221334E-06   0.106203E-08
  1520   0.219161E-06   0.105230E-08
  1521   0.217010E-06   0.104265E-08
  1522   0.214879E-06   0.103309E-08
  1523   0.212769E-06   0.102362E-08
  1524   0.210680E-06   0.101423E-08
  1525   0.208612E-06   0.100493E-08
  1526   0.206564E-06   0.995716E-09
  1527   0.204536E-06   0.986585E-09
  1528   0.202528E-06   0.977537E-09
  1529   0.200539E-06   0.968571E-09
  1530   0.198570E-06   0.959688E-09
  1531   0.196621E-06   0.950885E-09
  1532   0.194690E-06   0.942163E-09
  1533   0.192779E-06   0.933520E-09
  1534   0.190886E-06   0.924956E-09
  1535   0.189012E-06   0.916470E-09
  1536   0.187156E-06   0.908062E-09
  1537   0.185319E-06   0.899731E-09
  1538   0.183500E-06   0.891476E-09
  1539   0.181698E-06   0.883296E-09
  1540   0.179914E-06   0.875190E-09
  1541   0.178148E-06   0.867159E-09
  1542   0.176399E-06   0.859201E-09
  1543   0.174667E-06   0.851316E-09
  1544   0.172952E-06   0.843503E-09
  1545   0.171254E-06   0.835761E-09
  1546   0.169572E-06   0.828089E-09
  1547   0.167908E-06   0.820488E-09
  1548   0.166259E-06   0.812957E-09
  1549   0.164627E-06   0.805494E-09
  1550   0.163011E-06   0.798099E-09
  1551   0.161410E-06   0.790772E-09
  1552   0.159825E-06   0.783511E-09
  1553   0.158256E-06   0.776318E-09
  1554   0.156702E-06   0.769189E-09
  1555   0.155164E-06   0.762126E-09
  1556   0.153641E-06   0.755128E-09
  1557   0.152132E-06   0.748193E-09
  1558   0.150639E-06   0.741322E-09
  1559   0.149160E-06   0.734514E-09
  1560   0.147695E-06   0.727768E-09
  1561   0.146245E-06   0.721083E-09
  1562   0.144809E-06   0.714460E-09
  1563   0.143388E-06   0.707897E-09
  1564   0.141980E-06   0.701394E-09
  1565   0.140586E-06   0.694951E-09
  1566   0.139206E-06   0.688566E-09
  1567   0.137839E-06   0.682240E-09
  1568   0.136486E-06   0.675972E-09
  1569   0.135146E-06   0.669761E-09
  1570   0.133819E-06   0.663607E-09
  1571   0.132505E-06   0.657509E-09
  1572   0.131204E-06   0.651467E-09
  1573   0.129916E-06   0.645480E-09
  1574   0.128640E-06   0.639548E-09
  1575   0.127377E-06   0.633671E-09
  1576   0.126127E-06   0.627846E-09
  1577   0.124888E-06   0.622076E-09
  1578   0.123662E-06   0.616358E-09
  1579   0.122448E-06   0.610692E-09
  1580   0.121246E-06   0.605078E-09
  1581   0.120056E-06   0.599516E-09
  1582   0.118877E-06   0.594004E-09
  1583   0.117710E-06   0.588543E-09
  1584   0.116554E-06   0.583132E-09
  1585   0.115410E-06   0.577770E-09
  1586   0.114277E-06   0.572458E-09
  1587   0.113155E-06   0.567194E-09
  1588   0.112044E-06   0.561978E-09
  1589   0.110944E-06   0.556810E-09
  1590   0.109855E-06   0.551689E-09
  1591   0.108776E-06   0.546615E-09
  1592   0.107708E-06   0.541588E-09
  1593   0.106651E-06   0.536607E-09
  1594   0.105603E-06   0.531671E-09
  1595   0.104567E-06   0.526780E-09
  1596   0.103540E-06   0.521935E-09
  1597   0.102524E-06   0.517133E-09
  1598   0.101517E-06   0.512376E-09
  1599   0.100520E-06   0.507662E-09
  1600   0.995334E-07   0.502991E-09
