Iter     SteadyRMS     UnsteadyRMS
     1   0.473509       0.473546    
     2   0.313895       0.313895    
     3   0.208085       0.208085    
     4   0.137942       0.137942    
     5   0.914436E-01   0.914436E-01
     6   0.606191E-01   0.606191E-01
     7   0.401852E-01   0.401852E-01
     8   0.266393E-01   0.266393E-01
     9   0.176595E-01   0.176595E-01
    10   0.117067E-01   0.117067E-01
    11   0.776052E-02   0.776052E-02
    12   0.514455E-02   0.514455E-02
    13   0.341038E-02   0.341038E-02
    14   0.226079E-02   0.226079E-02
    15   0.149870E-02   0.149870E-02
    16   0.993510E-03   0.993510E-03
    17   0.658610E-03   0.658610E-03
    18   0.436601E-03   0.436601E-03
    19   0.289428E-03   0.289428E-03
    20   0.191866E-03   0.191866E-03
    21   0.127190E-03   0.127190E-03
    22   0.843159E-04   0.843159E-04
    23   0.558941E-04   0.558941E-04
    24   0.370529E-04   0.370529E-04
    25   0.245628E-04   0.245628E-04
    26   0.162830E-04   0.162830E-04
    27   0.107942E-04   0.107942E-04
    28   0.715562E-05   0.715562E-05
    29   0.474355E-05   0.474355E-05
    30   0.314456E-05   0.314456E-05
    31   0.208457E-05   0.208457E-05
    32   0.138189E-05   0.138189E-05
    33   0.916070E-06   0.916070E-06
    34   0.607274E-06   0.607274E-06
    35   0.402570E-06   0.402570E-06
    36   0.266868E-06   0.266868E-06
    37   0.176910E-06   0.176910E-06
    38   0.117276E-06   0.117276E-06
    39   0.777438E-07   0.777438E-07
