Iter     SteadyRMS     UnsteadyRMS
     1   0.704978       0.134962E-04
     2   0.700657       0.268266E-04
     3   0.696361       0.399929E-04
     4   0.692092       0.529964E-04
     5   0.687849       0.658388E-04
     6   0.683632       0.785215E-04
     7   0.679441       0.910459E-04
     8   0.675276       0.103414E-03
     9   0.671136       0.115626E-03
    10   0.667022       0.127684E-03
    11   0.662933       0.139590E-03
    12   0.658869       0.151346E-03
    13   0.654829       0.162951E-03
    14   0.650815       0.174408E-03
    15   0.646825       0.185719E-03
    16   0.642860       0.196883E-03
    17   0.638919       0.207904E-03
    18   0.635002       0.218782E-03
    19   0.631109       0.229519E-03
    20   0.627240       0.240115E-03
    21   0.623395       0.250573E-03
    22   0.619573       0.260893E-03
    23   0.615775       0.271078E-03
    24   0.612000       0.281127E-03
    25   0.608248       0.291042E-03
    26   0.604519       0.300826E-03
    27   0.600813       0.310478E-03
    28   0.597130       0.320000E-03
    29   0.593469       0.329393E-03
    30   0.589831       0.338660E-03
    31   0.586215       0.347800E-03
    32   0.582621       0.356815E-03
    33   0.579049       0.365706E-03
    34   0.575499       0.374474E-03
    35   0.571971       0.383121E-03
    36   0.568465       0.391648E-03
    37   0.564980       0.400056E-03
    38   0.561516       0.408345E-03
    39   0.558074       0.416518E-03
    40   0.554653       0.424575E-03
    41   0.551252       0.432517E-03
    42   0.547873       0.440346E-03
    43   0.544514       0.448062E-03
    44   0.541176       0.455667E-03
    45   0.537858       0.463162E-03
    46   0.534561       0.470547E-03
    47   0.531284       0.477825E-03
    48   0.528027       0.484995E-03
    49   0.524790       0.492059E-03
    50   0.521573       0.499018E-03
    51   0.518375       0.505873E-03
    52   0.515197       0.512625E-03
    53   0.512039       0.519276E-03
    54   0.508900       0.525825E-03
    55   0.505780       0.532274E-03
    56   0.502679       0.538624E-03
    57   0.499598       0.544876E-03
    58   0.496535       0.551031E-03
    59   0.493491       0.557090E-03
    60   0.490466       0.563054E-03
    61   0.487459       0.568923E-03
    62   0.484470       0.574699E-03
    63   0.481500       0.580383E-03
    64   0.478548       0.585975E-03
    65   0.475615       0.591477E-03
    66   0.472699       0.596889E-03
    67   0.469801       0.602213E-03
    68   0.466921       0.607448E-03
    69   0.464059       0.612596E-03
    70   0.461214       0.617659E-03
    71   0.458386       0.622636E-03
    72   0.455576       0.627529E-03
    73   0.452783       0.632338E-03
    74   0.450007       0.637064E-03
    75   0.447249       0.641709E-03
    76   0.444507       0.646272E-03
    77   0.441782       0.650755E-03
    78   0.439073       0.655159E-03
    79   0.436382       0.659485E-03
    80   0.433706       0.663732E-03
    81   0.431048       0.667902E-03
    82   0.428405       0.671996E-03
    83   0.425779       0.676015E-03
    84   0.423168       0.679959E-03
    85   0.420574       0.683829E-03
    86   0.417996       0.687626E-03
    87   0.415433       0.691351E-03
    88   0.412887       0.695004E-03
    89   0.410355       0.698586E-03
    90   0.407840       0.702097E-03
    91   0.405339       0.705540E-03
    92   0.402855       0.708913E-03
    93   0.400385       0.712219E-03
    94   0.397930       0.715457E-03
    95   0.395491       0.718629E-03
    96   0.393066       0.721734E-03
    97   0.390657       0.724775E-03
    98   0.388262       0.727751E-03
    99   0.385881       0.730663E-03
   100   0.383516       0.733512E-03
   101   0.381165       0.736298E-03
   102   0.378828       0.739022E-03
   103   0.376505       0.741686E-03
   104   0.374197       0.744288E-03
   105   0.371903       0.746831E-03
   106   0.369623       0.749314E-03
   107   0.367357       0.751739E-03
   108   0.365105       0.754106E-03
   109   0.362867       0.756415E-03
   110   0.360642       0.758668E-03
   111   0.358432       0.760864E-03
   112   0.356234       0.763005E-03
   113   0.354050       0.765091E-03
   114   0.351880       0.767123E-03
   115   0.349723       0.769100E-03
   116   0.347579       0.771025E-03
   117   0.345448       0.772897E-03
   118   0.343330       0.774716E-03
   119   0.341225       0.776485E-03
   120   0.339133       0.778202E-03
   121   0.337054       0.779869E-03
   122   0.334988       0.781486E-03
   123   0.332934       0.783054E-03
   124   0.330893       0.784574E-03
   125   0.328865       0.786045E-03
   126   0.326849       0.787468E-03
   127   0.324845       0.788845E-03
   128   0.322853       0.790174E-03
   129   0.320874       0.791458E-03
   130   0.318907       0.792696E-03
   131   0.316952       0.793889E-03
   132   0.315009       0.795038E-03
   133   0.313078       0.796142E-03
   134   0.311159       0.797203E-03
   135   0.309251       0.798221E-03
   136   0.307355       0.799196E-03
   137   0.305471       0.800130E-03
   138   0.303598       0.801021E-03
   139   0.301737       0.801872E-03
   140   0.299887       0.802682E-03
   141   0.298049       0.803452E-03
   142   0.296222       0.804182E-03
   143   0.294406       0.804873E-03
   144   0.292601       0.805525E-03
   145   0.290807       0.806138E-03
   146   0.289024       0.806714E-03
   147   0.287252       0.807252E-03
   148   0.285491       0.807754E-03
   149   0.283741       0.808218E-03
   150   0.282002       0.808647E-03
   151   0.280273       0.809040E-03
   152   0.278555       0.809397E-03
   153   0.276847       0.809720E-03
   154   0.275150       0.810008E-03
   155   0.273463       0.810262E-03
   156   0.271786       0.810482E-03
   157   0.270120       0.810669E-03
   158   0.268464       0.810824E-03
   159   0.266818       0.810945E-03
   160   0.265183       0.811035E-03
   161   0.263557       0.811093E-03
   162   0.261941       0.811120E-03
   163   0.260335       0.811116E-03
   164   0.258739       0.811081E-03
   165   0.257153       0.811017E-03
   166   0.255577       0.810922E-03
   167   0.254010       0.810798E-03
   168   0.252453       0.810645E-03
   169   0.250905       0.810463E-03
   170   0.249367       0.810253E-03
   171   0.247838       0.810015E-03
   172   0.246319       0.809750E-03
   173   0.244809       0.809457E-03
   174   0.243308       0.809137E-03
   175   0.241816       0.808790E-03
   176   0.240334       0.808418E-03
   177   0.238861       0.808019E-03
   178   0.237396       0.807595E-03
   179   0.235941       0.807145E-03
   180   0.234494       0.806671E-03
   181   0.233057       0.806172E-03
   182   0.231628       0.805649E-03
   183   0.230208       0.805102E-03
   184   0.228797       0.804531E-03
   185   0.227394       0.803936E-03
   186   0.226000       0.803319E-03
   187   0.224615       0.802679E-03
   188   0.223238       0.802017E-03
   189   0.221869       0.801332E-03
   190   0.220509       0.800626E-03
   191   0.219157       0.799898E-03
   192   0.217814       0.799149E-03
   193   0.216478       0.798379E-03
   194   0.215151       0.797588E-03
   195   0.213832       0.796777E-03
   196   0.212521       0.795946E-03
   197   0.211218       0.795095E-03
   198   0.209924       0.794224E-03
   199   0.208637       0.793334E-03
   200   0.207358       0.792425E-03
   201   0.206086       0.791497E-03
   202   0.204823       0.790551E-03
   203   0.203567       0.789587E-03
   204   0.202319       0.788604E-03
   205   0.201079       0.787604E-03
   206   0.199846       0.786587E-03
   207   0.198621       0.785552E-03
   208   0.197404       0.784501E-03
   209   0.196193       0.783432E-03
   210   0.194991       0.782347E-03
   211   0.193795       0.781246E-03
   212   0.192607       0.780129E-03
   213   0.191426       0.778997E-03
   214   0.190253       0.777848E-03
   215   0.189086       0.776685E-03
   216   0.187927       0.775506E-03
   217   0.186775       0.774313E-03
   218   0.185630       0.773105E-03
   219   0.184492       0.771883E-03
   220   0.183361       0.770646E-03
   221   0.182237       0.769396E-03
   222   0.181120       0.768132E-03
   223   0.180009       0.766855E-03
   224   0.178906       0.765564E-03
   225   0.177809       0.764260E-03
   226   0.176719       0.762943E-03
   227   0.175636       0.761614E-03
   228   0.174559       0.760272E-03
   229   0.173489       0.758918E-03
   230   0.172425       0.757552E-03
   231   0.171368       0.756174E-03
   232   0.170318       0.754785E-03
   233   0.169274       0.753384E-03
   234   0.168236       0.751971E-03
   235   0.167204       0.750548E-03
   236   0.166179       0.749114E-03
   237   0.165161       0.747669E-03
   238   0.164148       0.746214E-03
   239   0.163142       0.744748E-03
   240   0.162142       0.743272E-03
   241   0.161148       0.741787E-03
   242   0.160160       0.740291E-03
   243   0.159178       0.738786E-03
   244   0.158202       0.737271E-03
   245   0.157232       0.735748E-03
   246   0.156268       0.734215E-03
   247   0.155310       0.732673E-03
   248   0.154358       0.731122E-03
   249   0.153412       0.729563E-03
   250   0.152471       0.727996E-03
   251   0.151537       0.726420E-03
   252   0.150608       0.724836E-03
   253   0.149684       0.723244E-03
   254   0.148767       0.721645E-03
   255   0.147855       0.720038E-03
   256   0.146948       0.718423E-03
   257   0.146047       0.716801E-03
   258   0.145152       0.715172E-03
   259   0.144262       0.713535E-03
   260   0.143378       0.711892E-03
   261   0.142499       0.710243E-03
   262   0.141625       0.708586E-03
   263   0.140757       0.706923E-03
   264   0.139894       0.705254E-03
   265   0.139037       0.703579E-03
   266   0.138184       0.701898E-03
   267   0.137337       0.700211E-03
   268   0.136495       0.698518E-03
   269   0.135658       0.696819E-03
   270   0.134827       0.695115E-03
   271   0.134000       0.693406E-03
   272   0.133179       0.691692E-03
   273   0.132362       0.689972E-03
   274   0.131551       0.688247E-03
   275   0.130744       0.686518E-03
   276   0.129943       0.684784E-03
   277   0.129146       0.683045E-03
   278   0.128354       0.681302E-03
   279   0.127567       0.679554E-03
   280   0.126785       0.677803E-03
   281   0.126008       0.676047E-03
   282   0.125236       0.674287E-03
   283   0.124468       0.672523E-03
   284   0.123705       0.670756E-03
   285   0.122947       0.668985E-03
   286   0.122193       0.667210E-03
   287   0.121444       0.665432E-03
   288   0.120699       0.663651E-03
   289   0.119959       0.661866E-03
   290   0.119224       0.660078E-03
   291   0.118493       0.658288E-03
   292   0.117766       0.656494E-03
   293   0.117045       0.654698E-03
   294   0.116327       0.652898E-03
   295   0.115614       0.651097E-03
   296   0.114905       0.649293E-03
   297   0.114201       0.647486E-03
   298   0.113501       0.645677E-03
   299   0.112805       0.643866E-03
   300   0.112113       0.642053E-03
   301   0.111426       0.640238E-03
   302   0.110743       0.638421E-03
   303   0.110064       0.636602E-03
   304   0.109389       0.634781E-03
   305   0.108719       0.632959E-03
   306   0.108052       0.631135E-03
   307   0.107390       0.629310E-03
   308   0.106731       0.627483E-03
   309   0.106077       0.625655E-03
   310   0.105427       0.623826E-03
   311   0.104780       0.621996E-03
   312   0.104138       0.620164E-03
   313   0.103500       0.618332E-03
   314   0.102865       0.616499E-03
   315   0.102234       0.614665E-03
   316   0.101608       0.612830E-03
   317   0.100985       0.610995E-03
   318   0.100366       0.609159E-03
   319   0.997504E-01   0.607322E-03
   320   0.991389E-01   0.605486E-03
   321   0.985311E-01   0.603648E-03
   322   0.979271E-01   0.601811E-03
   323   0.973267E-01   0.599973E-03
   324   0.967301E-01   0.598136E-03
   325   0.961371E-01   0.596298E-03
   326   0.955477E-01   0.594460E-03
   327   0.949619E-01   0.592622E-03
   328   0.943798E-01   0.590785E-03
   329   0.938012E-01   0.588948E-03
   330   0.932261E-01   0.587111E-03
   331   0.926546E-01   0.585274E-03
   332   0.920866E-01   0.583438E-03
   333   0.915221E-01   0.581602E-03
   334   0.909610E-01   0.579767E-03
   335   0.904034E-01   0.577932E-03
   336   0.898491E-01   0.576098E-03
   337   0.892983E-01   0.574265E-03
   338   0.887509E-01   0.572433E-03
   339   0.882068E-01   0.570601E-03
   340   0.876660E-01   0.568771E-03
   341   0.871286E-01   0.566941E-03
   342   0.865945E-01   0.565112E-03
   343   0.860636E-01   0.563285E-03
   344   0.855360E-01   0.561458E-03
   345   0.850116E-01   0.559633E-03
   346   0.844904E-01   0.557809E-03
   347   0.839725E-01   0.555986E-03
   348   0.834577E-01   0.554165E-03
   349   0.829460E-01   0.552345E-03
   350   0.824375E-01   0.550527E-03
   351   0.819322E-01   0.548710E-03
   352   0.814299E-01   0.546894E-03
   353   0.809307E-01   0.545081E-03
   354   0.804345E-01   0.543268E-03
   355   0.799414E-01   0.541458E-03
   356   0.794514E-01   0.539649E-03
   357   0.789643E-01   0.537842E-03
   358   0.784802E-01   0.536037E-03
   359   0.779991E-01   0.534234E-03
   360   0.775209E-01   0.532433E-03
   361   0.770456E-01   0.530634E-03
   362   0.765733E-01   0.528837E-03
   363   0.761039E-01   0.527041E-03
   364   0.756373E-01   0.525248E-03
   365   0.751736E-01   0.523457E-03
   366   0.747128E-01   0.521669E-03
   367   0.742548E-01   0.519882E-03
   368   0.737995E-01   0.518098E-03
   369   0.733471E-01   0.516316E-03
   370   0.728975E-01   0.514537E-03
   371   0.724506E-01   0.512760E-03
   372   0.720064E-01   0.510985E-03
   373   0.715650E-01   0.509213E-03
   374   0.711262E-01   0.507443E-03
   375   0.706902E-01   0.505676E-03
   376   0.702568E-01   0.503911E-03
   377   0.698261E-01   0.502149E-03
   378   0.693981E-01   0.500389E-03
   379   0.689726E-01   0.498633E-03
   380   0.685498E-01   0.496879E-03
   381   0.681295E-01   0.495127E-03
   382   0.677119E-01   0.493379E-03
   383   0.672968E-01   0.491633E-03
   384   0.668842E-01   0.489890E-03
   385   0.664742E-01   0.488150E-03
   386   0.660667E-01   0.486413E-03
   387   0.656616E-01   0.484679E-03
   388   0.652591E-01   0.482948E-03
   389   0.648590E-01   0.481220E-03
   390   0.644614E-01   0.479494E-03
   391   0.640662E-01   0.477772E-03
   392   0.636735E-01   0.476053E-03
   393   0.632831E-01   0.474337E-03
   394   0.628952E-01   0.472624E-03
   395   0.625096E-01   0.470915E-03
   396   0.621264E-01   0.469208E-03
   397   0.617455E-01   0.467505E-03
   398   0.613670E-01   0.465805E-03
   399   0.609908E-01   0.464108E-03
   400   0.606169E-01   0.462414E-03
   401   0.602453E-01   0.460724E-03
   402   0.598759E-01   0.459037E-03
   403   0.595088E-01   0.457353E-03
   404   0.591440E-01   0.455673E-03
   405   0.587814E-01   0.453996E-03
   406   0.584211E-01   0.452323E-03
   407   0.580629E-01   0.450653E-03
   408   0.577070E-01   0.448986E-03
   409   0.573532E-01   0.447323E-03
   410   0.570016E-01   0.445664E-03
   411   0.566522E-01   0.444007E-03
   412   0.563049E-01   0.442355E-03
   413   0.559597E-01   0.440706E-03
   414   0.556166E-01   0.439061E-03
   415   0.552757E-01   0.437419E-03
   416   0.549368E-01   0.435781E-03
   417   0.546000E-01   0.434146E-03
   418   0.542653E-01   0.432515E-03
   419   0.539326E-01   0.430888E-03
   420   0.536020E-01   0.429264E-03
   421   0.532734E-01   0.427644E-03
   422   0.529468E-01   0.426028E-03
   423   0.526222E-01   0.424416E-03
   424   0.522996E-01   0.422807E-03
   425   0.519790E-01   0.421202E-03
   426   0.516603E-01   0.419601E-03
   427   0.513436E-01   0.418003E-03
   428   0.510288E-01   0.416410E-03
   429   0.507160E-01   0.414820E-03
   430   0.504051E-01   0.413234E-03
   431   0.500961E-01   0.411652E-03
   432   0.497890E-01   0.410074E-03
   433   0.494837E-01   0.408499E-03
   434   0.491804E-01   0.406929E-03
   435   0.488789E-01   0.405362E-03
   436   0.485792E-01   0.403799E-03
   437   0.482814E-01   0.402240E-03
   438   0.479854E-01   0.400685E-03
   439   0.476913E-01   0.399134E-03
   440   0.473989E-01   0.397587E-03
   441   0.471083E-01   0.396044E-03
   442   0.468195E-01   0.394505E-03
   443   0.465325E-01   0.392970E-03
   444   0.462472E-01   0.391439E-03
   445   0.459637E-01   0.389911E-03
   446   0.456819E-01   0.388388E-03
   447   0.454019E-01   0.386869E-03
   448   0.451235E-01   0.385354E-03
   449   0.448469E-01   0.383842E-03
   450   0.445720E-01   0.382335E-03
   451   0.442987E-01   0.380832E-03
   452   0.440271E-01   0.379333E-03
   453   0.437572E-01   0.377838E-03
   454   0.434890E-01   0.376347E-03
   455   0.432224E-01   0.374860E-03
   456   0.429574E-01   0.373377E-03
   457   0.426941E-01   0.371899E-03
   458   0.424323E-01   0.370424E-03
   459   0.421722E-01   0.368953E-03
   460   0.419137E-01   0.367487E-03
   461   0.416567E-01   0.366025E-03
   462   0.414013E-01   0.364566E-03
   463   0.411475E-01   0.363112E-03
   464   0.408953E-01   0.361662E-03
   465   0.406446E-01   0.360216E-03
   466   0.403954E-01   0.358774E-03
   467   0.401477E-01   0.357337E-03
   468   0.399016E-01   0.355903E-03
   469   0.396570E-01   0.354474E-03
   470   0.394139E-01   0.353048E-03
   471   0.391723E-01   0.351627E-03
   472   0.389321E-01   0.350210E-03
   473   0.386934E-01   0.348797E-03
   474   0.384562E-01   0.347388E-03
   475   0.382205E-01   0.345984E-03
   476   0.379862E-01   0.344583E-03
   477   0.377533E-01   0.343187E-03
   478   0.375218E-01   0.341795E-03
   479   0.372918E-01   0.340407E-03
   480   0.370632E-01   0.339023E-03
   481   0.368360E-01   0.337644E-03
   482   0.366102E-01   0.336268E-03
   483   0.363857E-01   0.334897E-03
   484   0.361627E-01   0.333530E-03
   485   0.359410E-01   0.332167E-03
   486   0.357206E-01   0.330808E-03
   487   0.355016E-01   0.329453E-03
   488   0.352840E-01   0.328103E-03
   489   0.350677E-01   0.326756E-03
   490   0.348527E-01   0.325414E-03
   491   0.346390E-01   0.324076E-03
   492   0.344267E-01   0.322742E-03
   493   0.342156E-01   0.321413E-03
   494   0.340059E-01   0.320087E-03
   495   0.337974E-01   0.318766E-03
   496   0.335902E-01   0.317449E-03
   497   0.333843E-01   0.316136E-03
   498   0.331796E-01   0.314827E-03
   499   0.329762E-01   0.313522E-03
   500   0.327741E-01   0.312221E-03
   501   0.325731E-01   0.310925E-03
   502   0.323734E-01   0.309633E-03
   503   0.321750E-01   0.308345E-03
   504   0.319777E-01   0.307061E-03
   505   0.317817E-01   0.305781E-03
   506   0.315869E-01   0.304505E-03
   507   0.313932E-01   0.303234E-03
   508   0.312008E-01   0.301966E-03
   509   0.310095E-01   0.300703E-03
   510   0.308194E-01   0.299444E-03
   511   0.306304E-01   0.298189E-03
   512   0.304427E-01   0.296938E-03
   513   0.302560E-01   0.295691E-03
   514   0.300705E-01   0.294448E-03
   515   0.298862E-01   0.293210E-03
   516   0.297030E-01   0.291975E-03
   517   0.295209E-01   0.290745E-03
   518   0.293399E-01   0.289519E-03
   519   0.291600E-01   0.288296E-03
   520   0.289813E-01   0.287078E-03
   521   0.288036E-01   0.285864E-03
   522   0.286270E-01   0.284654E-03
   523   0.284515E-01   0.283449E-03
   524   0.282771E-01   0.282247E-03
   525   0.281038E-01   0.281049E-03
   526   0.279315E-01   0.279856E-03
   527   0.277602E-01   0.278666E-03
   528   0.275901E-01   0.277481E-03
   529   0.274209E-01   0.276299E-03
   530   0.272528E-01   0.275122E-03
   531   0.270857E-01   0.273949E-03
   532   0.269197E-01   0.272779E-03
   533   0.267547E-01   0.271614E-03
   534   0.265906E-01   0.270453E-03
   535   0.264276E-01   0.269296E-03
   536   0.262656E-01   0.268142E-03
   537   0.261046E-01   0.266993E-03
   538   0.259446E-01   0.265848E-03
   539   0.257855E-01   0.264707E-03
   540   0.256274E-01   0.263570E-03
   541   0.254703E-01   0.262436E-03
   542   0.253142E-01   0.261307E-03
   543   0.251590E-01   0.260182E-03
   544   0.250047E-01   0.259060E-03
   545   0.248515E-01   0.257943E-03
   546   0.246991E-01   0.256830E-03
   547   0.245477E-01   0.255720E-03
   548   0.243972E-01   0.254615E-03
   549   0.242476E-01   0.253513E-03
   550   0.240990E-01   0.252416E-03
   551   0.239512E-01   0.251322E-03
   552   0.238044E-01   0.250232E-03
   553   0.236585E-01   0.249146E-03
   554   0.235134E-01   0.248064E-03
   555   0.233693E-01   0.246986E-03
   556   0.232260E-01   0.245912E-03
   557   0.230836E-01   0.244842E-03
   558   0.229421E-01   0.243775E-03
   559   0.228015E-01   0.242713E-03
   560   0.226617E-01   0.241654E-03
   561   0.225228E-01   0.240599E-03
   562   0.223847E-01   0.239548E-03
   563   0.222475E-01   0.238501E-03
   564   0.221111E-01   0.237457E-03
   565   0.219755E-01   0.236418E-03
   566   0.218408E-01   0.235382E-03
   567   0.217069E-01   0.234350E-03
   568   0.215738E-01   0.233322E-03
   569   0.214416E-01   0.232298E-03
   570   0.213101E-01   0.231277E-03
   571   0.211795E-01   0.230260E-03
   572   0.210496E-01   0.229247E-03
   573   0.209206E-01   0.228238E-03
   574   0.207923E-01   0.227233E-03
   575   0.206649E-01   0.226231E-03
   576   0.205382E-01   0.225233E-03
   577   0.204123E-01   0.224239E-03
   578   0.202871E-01   0.223248E-03
   579   0.201628E-01   0.222261E-03
   580   0.200392E-01   0.221278E-03
   581   0.199163E-01   0.220298E-03
   582   0.197942E-01   0.219323E-03
   583   0.196729E-01   0.218351E-03
   584   0.195523E-01   0.217382E-03
   585   0.194324E-01   0.216417E-03
   586   0.193133E-01   0.215456E-03
   587   0.191949E-01   0.214499E-03
   588   0.190772E-01   0.213545E-03
   589   0.189602E-01   0.212595E-03
   590   0.188440E-01   0.211648E-03
   591   0.187285E-01   0.210705E-03
   592   0.186137E-01   0.209766E-03
   593   0.184996E-01   0.208830E-03
   594   0.183861E-01   0.207898E-03
   595   0.182734E-01   0.206969E-03
   596   0.181614E-01   0.206044E-03
   597   0.180501E-01   0.205122E-03
   598   0.179394E-01   0.204204E-03
   599   0.178294E-01   0.203290E-03
   600   0.177201E-01   0.202379E-03
   601   0.176115E-01   0.201472E-03
   602   0.175035E-01   0.200568E-03
   603   0.173962E-01   0.199668E-03
   604   0.172896E-01   0.198771E-03
   605   0.171836E-01   0.197877E-03
   606   0.170782E-01   0.196987E-03
   607   0.169735E-01   0.196101E-03
   608   0.168695E-01   0.195218E-03
   609   0.167661E-01   0.194338E-03
   610   0.166633E-01   0.193462E-03
   611   0.165611E-01   0.192590E-03
   612   0.164596E-01   0.191720E-03
   613   0.163587E-01   0.190855E-03
   614   0.162584E-01   0.189992E-03
   615   0.161587E-01   0.189133E-03
   616   0.160597E-01   0.188278E-03
   617   0.159612E-01   0.187425E-03
   618   0.158634E-01   0.186576E-03
   619   0.157661E-01   0.185731E-03
   620   0.156695E-01   0.184889E-03
   621   0.155734E-01   0.184050E-03
   622   0.154779E-01   0.183214E-03
   623   0.153830E-01   0.182382E-03
   624   0.152887E-01   0.181553E-03
   625   0.151950E-01   0.180728E-03
   626   0.151019E-01   0.179906E-03
   627   0.150093E-01   0.179087E-03
   628   0.149173E-01   0.178271E-03
   629   0.148258E-01   0.177458E-03
   630   0.147349E-01   0.176649E-03
   631   0.146446E-01   0.175843E-03
   632   0.145548E-01   0.175041E-03
   633   0.144656E-01   0.174241E-03
   634   0.143769E-01   0.173445E-03
   635   0.142888E-01   0.172652E-03
   636   0.142012E-01   0.171862E-03
   637   0.141141E-01   0.171075E-03
   638   0.140276E-01   0.170292E-03
   639   0.139416E-01   0.169511E-03
   640   0.138561E-01   0.168734E-03
   641   0.137712E-01   0.167960E-03
   642   0.136868E-01   0.167189E-03
   643   0.136028E-01   0.166422E-03
   644   0.135195E-01   0.165657E-03
   645   0.134366E-01   0.164896E-03
   646   0.133542E-01   0.164137E-03
   647   0.132723E-01   0.163382E-03
   648   0.131910E-01   0.162630E-03
   649   0.131101E-01   0.161881E-03
   650   0.130297E-01   0.161135E-03
   651   0.129498E-01   0.160392E-03
   652   0.128705E-01   0.159652E-03
   653   0.127916E-01   0.158915E-03
   654   0.127131E-01   0.158181E-03
   655   0.126352E-01   0.157450E-03
   656   0.125577E-01   0.156722E-03
   657   0.124808E-01   0.155997E-03
   658   0.124042E-01   0.155276E-03
   659   0.123282E-01   0.154557E-03
   660   0.122526E-01   0.153841E-03
   661   0.121775E-01   0.153128E-03
   662   0.121029E-01   0.152418E-03
   663   0.120287E-01   0.151711E-03
   664   0.119549E-01   0.151007E-03
   665   0.118816E-01   0.150306E-03
   666   0.118088E-01   0.149607E-03
   667   0.117364E-01   0.148912E-03
   668   0.116644E-01   0.148220E-03
   669   0.115929E-01   0.147530E-03
   670   0.115219E-01   0.146843E-03
   671   0.114512E-01   0.146160E-03
   672   0.113810E-01   0.145479E-03
   673   0.113113E-01   0.144801E-03
   674   0.112419E-01   0.144125E-03
   675   0.111730E-01   0.143453E-03
   676   0.111045E-01   0.142783E-03
   677   0.110364E-01   0.142117E-03
   678   0.109688E-01   0.141453E-03
   679   0.109015E-01   0.140792E-03
   680   0.108347E-01   0.140133E-03
   681   0.107683E-01   0.139478E-03
   682   0.107023E-01   0.138825E-03
   683   0.106366E-01   0.138175E-03
   684   0.105714E-01   0.137527E-03
   685   0.105066E-01   0.136883E-03
   686   0.104422E-01   0.136241E-03
   687   0.103782E-01   0.135602E-03
   688   0.103146E-01   0.134965E-03
   689   0.102513E-01   0.134332E-03
   690   0.101885E-01   0.133701E-03
   691   0.101260E-01   0.133072E-03
   692   0.100640E-01   0.132447E-03
   693   0.100023E-01   0.131824E-03
   694   0.994094E-02   0.131203E-03
   695   0.988000E-02   0.130586E-03
   696   0.981943E-02   0.129970E-03
   697   0.975923E-02   0.129358E-03
   698   0.969940E-02   0.128748E-03
   699   0.963994E-02   0.128141E-03
   700   0.958084E-02   0.127536E-03
   701   0.952211E-02   0.126934E-03
   702   0.946373E-02   0.126335E-03
   703   0.940572E-02   0.125738E-03
   704   0.934805E-02   0.125144E-03
   705   0.929075E-02   0.124552E-03
   706   0.923379E-02   0.123963E-03
   707   0.917718E-02   0.123376E-03
   708   0.912092E-02   0.122792E-03
   709   0.906500E-02   0.122211E-03
   710   0.900943E-02   0.121632E-03
   711   0.895420E-02   0.121055E-03
   712   0.889931E-02   0.120481E-03
   713   0.884475E-02   0.119910E-03
   714   0.879053E-02   0.119340E-03
   715   0.873664E-02   0.118774E-03
   716   0.868308E-02   0.118210E-03
   717   0.862984E-02   0.117648E-03
   718   0.857694E-02   0.117089E-03
   719   0.852436E-02   0.116532E-03
   720   0.847210E-02   0.115977E-03
   721   0.842016E-02   0.115425E-03
   722   0.836854E-02   0.114876E-03
   723   0.831724E-02   0.114329E-03
   724   0.826625E-02   0.113784E-03
   725   0.821557E-02   0.113241E-03
   726   0.816521E-02   0.112701E-03
   727   0.811515E-02   0.112164E-03
   728   0.806540E-02   0.111628E-03
   729   0.801596E-02   0.111095E-03
   730   0.796682E-02   0.110565E-03
   731   0.791797E-02   0.110036E-03
   732   0.786943E-02   0.109510E-03
   733   0.782119E-02   0.108986E-03
   734   0.777324E-02   0.108465E-03
   735   0.772559E-02   0.107946E-03
   736   0.767823E-02   0.107429E-03
   737   0.763116E-02   0.106915E-03
   738   0.758437E-02   0.106402E-03
   739   0.753788E-02   0.105892E-03
   740   0.749167E-02   0.105385E-03
   741   0.744574E-02   0.104879E-03
   742   0.740009E-02   0.104376E-03
   743   0.735473E-02   0.103875E-03
   744   0.730964E-02   0.103376E-03
   745   0.726483E-02   0.102879E-03
   746   0.722029E-02   0.102385E-03
   747   0.717603E-02   0.101893E-03
   748   0.713203E-02   0.101402E-03
   749   0.708831E-02   0.100915E-03
   750   0.704486E-02   0.100429E-03
   751   0.700167E-02   0.999453E-04
   752   0.695874E-02   0.994639E-04
   753   0.691608E-02   0.989847E-04
   754   0.687368E-02   0.985076E-04
   755   0.683155E-02   0.980326E-04
   756   0.678966E-02   0.975597E-04
   757   0.674804E-02   0.970890E-04
   758   0.670667E-02   0.966203E-04
   759   0.666556E-02   0.961537E-04
   760   0.662469E-02   0.956893E-04
   761   0.658408E-02   0.952269E-04
   762   0.654372E-02   0.947665E-04
   763   0.650360E-02   0.943083E-04
   764   0.646373E-02   0.938521E-04
   765   0.642410E-02   0.933979E-04
   766   0.638472E-02   0.929458E-04
   767   0.634558E-02   0.924957E-04
   768   0.630668E-02   0.920476E-04
   769   0.626802E-02   0.916016E-04
   770   0.622959E-02   0.911575E-04
   771   0.619140E-02   0.907155E-04
   772   0.615344E-02   0.902754E-04
   773   0.611572E-02   0.898374E-04
   774   0.607823E-02   0.894013E-04
   775   0.604096E-02   0.889671E-04
   776   0.600393E-02   0.885350E-04
   777   0.596712E-02   0.881048E-04
   778   0.593054E-02   0.876765E-04
   779   0.589418E-02   0.872502E-04
   780   0.585805E-02   0.868258E-04
   781   0.582214E-02   0.864033E-04
   782   0.578645E-02   0.859827E-04
   783   0.575097E-02   0.855641E-04
   784   0.571572E-02   0.851473E-04
   785   0.568068E-02   0.847325E-04
   786   0.564585E-02   0.843195E-04
   787   0.561124E-02   0.839084E-04
   788   0.557684E-02   0.834991E-04
   789   0.554265E-02   0.830918E-04
   790   0.550867E-02   0.826863E-04
   791   0.547490E-02   0.822826E-04
   792   0.544134E-02   0.818808E-04
   793   0.540798E-02   0.814808E-04
   794   0.537482E-02   0.810826E-04
   795   0.534187E-02   0.806862E-04
   796   0.530913E-02   0.802917E-04
   797   0.527658E-02   0.798990E-04
   798   0.524423E-02   0.795080E-04
   799   0.521208E-02   0.791189E-04
   800   0.518013E-02   0.787315E-04
   801   0.514837E-02   0.783459E-04
   802   0.511681E-02   0.779620E-04
   803   0.508544E-02   0.775800E-04
   804   0.505426E-02   0.771997E-04
   805   0.502328E-02   0.768211E-04
   806   0.499248E-02   0.764442E-04
   807   0.496188E-02   0.760691E-04
   808   0.493146E-02   0.756958E-04
   809   0.490123E-02   0.753241E-04
   810   0.487118E-02   0.749541E-04
   811   0.484132E-02   0.745859E-04
   812   0.481164E-02   0.742193E-04
   813   0.478214E-02   0.738545E-04
   814   0.475282E-02   0.734913E-04
   815   0.472369E-02   0.731298E-04
   816   0.469473E-02   0.727700E-04
   817   0.466595E-02   0.724118E-04
   818   0.463734E-02   0.720553E-04
   819   0.460891E-02   0.717004E-04
   820   0.458066E-02   0.713472E-04
   821   0.455258E-02   0.709956E-04
   822   0.452467E-02   0.706456E-04
   823   0.449693E-02   0.702973E-04
   824   0.446936E-02   0.699505E-04
   825   0.444196E-02   0.696054E-04
   826   0.441473E-02   0.692619E-04
   827   0.438766E-02   0.689199E-04
   828   0.436077E-02   0.685796E-04
   829   0.433403E-02   0.682408E-04
   830   0.430746E-02   0.679037E-04
   831   0.428106E-02   0.675680E-04
   832   0.425481E-02   0.672340E-04
   833   0.422873E-02   0.669015E-04
   834   0.420280E-02   0.665705E-04
   835   0.417704E-02   0.662411E-04
   836   0.415143E-02   0.659132E-04
   837   0.412598E-02   0.655869E-04
   838   0.410069E-02   0.652621E-04
   839   0.407555E-02   0.649388E-04
   840   0.405056E-02   0.646170E-04
   841   0.402573E-02   0.642967E-04
   842   0.400105E-02   0.639779E-04
   843   0.397652E-02   0.636606E-04
   844   0.395214E-02   0.633447E-04
   845   0.392791E-02   0.630304E-04
   846   0.390383E-02   0.627175E-04
   847   0.387990E-02   0.624061E-04
   848   0.385612E-02   0.620962E-04
   849   0.383248E-02   0.617877E-04
   850   0.380898E-02   0.614806E-04
   851   0.378563E-02   0.611750E-04
   852   0.376242E-02   0.608709E-04
   853   0.373936E-02   0.605681E-04
   854   0.371643E-02   0.602668E-04
   855   0.369365E-02   0.599669E-04
   856   0.367101E-02   0.596684E-04
   857   0.364850E-02   0.593713E-04
   858   0.362613E-02   0.590757E-04
   859   0.360390E-02   0.587814E-04
   860   0.358181E-02   0.584885E-04
   861   0.355985E-02   0.581969E-04
   862   0.353803E-02   0.579068E-04
   863   0.351634E-02   0.576180E-04
   864   0.349478E-02   0.573306E-04
   865   0.347336E-02   0.570445E-04
   866   0.345206E-02   0.567598E-04
   867   0.343090E-02   0.564764E-04
   868   0.340987E-02   0.561944E-04
   869   0.338896E-02   0.559137E-04
   870   0.336819E-02   0.556344E-04
   871   0.334754E-02   0.553563E-04
   872   0.332702E-02   0.550796E-04
   873   0.330662E-02   0.548042E-04
   874   0.328635E-02   0.545301E-04
   875   0.326620E-02   0.542573E-04
   876   0.324618E-02   0.539858E-04
   877   0.322628E-02   0.537156E-04
   878   0.320650E-02   0.534466E-04
   879   0.318684E-02   0.531790E-04
   880   0.316730E-02   0.529126E-04
   881   0.314789E-02   0.526474E-04
   882   0.312859E-02   0.523836E-04
   883   0.310941E-02   0.521210E-04
   884   0.309035E-02   0.518596E-04
   885   0.307140E-02   0.515995E-04
   886   0.305257E-02   0.513406E-04
   887   0.303386E-02   0.510830E-04
   888   0.301526E-02   0.508266E-04
   889   0.299678E-02   0.505714E-04
   890   0.297840E-02   0.503174E-04
   891   0.296014E-02   0.500647E-04
   892   0.294200E-02   0.498131E-04
   893   0.292396E-02   0.495628E-04
   894   0.290604E-02   0.493136E-04
   895   0.288822E-02   0.490656E-04
   896   0.287051E-02   0.488189E-04
   897   0.285292E-02   0.485733E-04
   898   0.283543E-02   0.483289E-04
   899   0.281804E-02   0.480856E-04
   900   0.280077E-02   0.478435E-04
   901   0.278360E-02   0.476026E-04
   902   0.276653E-02   0.473628E-04
   903   0.274957E-02   0.471242E-04
   904   0.273272E-02   0.468867E-04
   905   0.271596E-02   0.466504E-04
   906   0.269931E-02   0.464152E-04
   907   0.268277E-02   0.461811E-04
   908   0.266632E-02   0.459482E-04
   909   0.264997E-02   0.457163E-04
   910   0.263373E-02   0.454856E-04
   911   0.261758E-02   0.452560E-04
   912   0.260153E-02   0.450275E-04
   913   0.258559E-02   0.448001E-04
   914   0.256974E-02   0.445738E-04
   915   0.255398E-02   0.443486E-04
   916   0.253832E-02   0.441245E-04
   917   0.252276E-02   0.439014E-04
   918   0.250730E-02   0.436795E-04
   919   0.249193E-02   0.434586E-04
   920   0.247665E-02   0.432387E-04
   921   0.246147E-02   0.430200E-04
   922   0.244638E-02   0.428022E-04
   923   0.243138E-02   0.425856E-04
   924   0.241647E-02   0.423699E-04
   925   0.240166E-02   0.421554E-04
   926   0.238694E-02   0.419418E-04
   927   0.237230E-02   0.417293E-04
   928   0.235776E-02   0.415178E-04
   929   0.234331E-02   0.413074E-04
   930   0.232894E-02   0.410980E-04
   931   0.231466E-02   0.408895E-04
   932   0.230047E-02   0.406821E-04
   933   0.228637E-02   0.404757E-04
   934   0.227235E-02   0.402703E-04
   935   0.225842E-02   0.400659E-04
   936   0.224458E-02   0.398625E-04
   937   0.223082E-02   0.396601E-04
   938   0.221714E-02   0.394586E-04
   939   0.220355E-02   0.392582E-04
   940   0.219004E-02   0.390587E-04
   941   0.217661E-02   0.388601E-04
   942   0.216327E-02   0.386626E-04
   943   0.215001E-02   0.384660E-04
   944   0.213683E-02   0.382703E-04
   945   0.212373E-02   0.380757E-04
   946   0.211071E-02   0.378819E-04
   947   0.209777E-02   0.376891E-04
   948   0.208491E-02   0.374973E-04
   949   0.207213E-02   0.373063E-04
   950   0.205942E-02   0.371164E-04
   951   0.204680E-02   0.369273E-04
   952   0.203425E-02   0.367392E-04
   953   0.202178E-02   0.365519E-04
   954   0.200938E-02   0.363656E-04
   955   0.199707E-02   0.361802E-04
   956   0.198482E-02   0.359957E-04
   957   0.197266E-02   0.358121E-04
   958   0.196056E-02   0.356294E-04
   959   0.194854E-02   0.354476E-04
   960   0.193660E-02   0.352667E-04
   961   0.192472E-02   0.350867E-04
   962   0.191293E-02   0.349076E-04
   963   0.190120E-02   0.347293E-04
   964   0.188954E-02   0.345519E-04
   965   0.187796E-02   0.343754E-04
   966   0.186645E-02   0.341997E-04
   967   0.185500E-02   0.340249E-04
   968   0.184363E-02   0.338510E-04
   969   0.183233E-02   0.336779E-04
   970   0.182110E-02   0.335056E-04
   971   0.180993E-02   0.333342E-04
   972   0.179884E-02   0.331637E-04
   973   0.178781E-02   0.329940E-04
   974   0.177685E-02   0.328251E-04
   975   0.176596E-02   0.326570E-04
   976   0.175513E-02   0.324898E-04
   977   0.174437E-02   0.323234E-04
   978   0.173368E-02   0.321578E-04
   979   0.172305E-02   0.319931E-04
   980   0.171248E-02   0.318291E-04
   981   0.170199E-02   0.316660E-04
   982   0.169155E-02   0.315036E-04
   983   0.168118E-02   0.313421E-04
   984   0.167088E-02   0.311813E-04
   985   0.166063E-02   0.310214E-04
   986   0.165045E-02   0.308622E-04
   987   0.164033E-02   0.307038E-04
   988   0.163028E-02   0.305462E-04
   989   0.162028E-02   0.303894E-04
   990   0.161035E-02   0.302333E-04
   991   0.160048E-02   0.300780E-04
   992   0.159067E-02   0.299235E-04
   993   0.158091E-02   0.297698E-04
   994   0.157122E-02   0.296168E-04
   995   0.156159E-02   0.294646E-04
   996   0.155202E-02   0.293131E-04
   997   0.154250E-02   0.291623E-04
   998   0.153305E-02   0.290124E-04
   999   0.152365E-02   0.288631E-04
  1000   0.151431E-02   0.287146E-04
  1001   0.150502E-02   0.285668E-04
  1002   0.149580E-02   0.284198E-04
  1003   0.148663E-02   0.282735E-04
  1004   0.147751E-02   0.281279E-04
  1005   0.146846E-02   0.279831E-04
  1006   0.145945E-02   0.278389E-04
  1007   0.145051E-02   0.276955E-04
  1008   0.144161E-02   0.275528E-04
  1009   0.143278E-02   0.274108E-04
  1010   0.142399E-02   0.272695E-04
  1011   0.141526E-02   0.271289E-04
  1012   0.140659E-02   0.269890E-04
  1013   0.139796E-02   0.268498E-04
  1014   0.138939E-02   0.267112E-04
  1015   0.138088E-02   0.265734E-04
  1016   0.137241E-02   0.264363E-04
  1017   0.136400E-02   0.262998E-04
  1018   0.135563E-02   0.261640E-04
  1019   0.134732E-02   0.260289E-04
  1020   0.133906E-02   0.258945E-04
  1021   0.133085E-02   0.257607E-04
  1022   0.132270E-02   0.256276E-04
  1023   0.131459E-02   0.254952E-04
  1024   0.130653E-02   0.253634E-04
  1025   0.129852E-02   0.252323E-04
  1026   0.129056E-02   0.251019E-04
  1027   0.128265E-02   0.249721E-04
  1028   0.127478E-02   0.248429E-04
  1029   0.126697E-02   0.247144E-04
  1030   0.125920E-02   0.245865E-04
  1031   0.125148E-02   0.244593E-04
  1032   0.124381E-02   0.243327E-04
  1033   0.123618E-02   0.242067E-04
  1034   0.122861E-02   0.240814E-04
  1035   0.122107E-02   0.239567E-04
  1036   0.121359E-02   0.238326E-04
  1037   0.120615E-02   0.237091E-04
  1038   0.119875E-02   0.235862E-04
  1039   0.119140E-02   0.234640E-04
  1040   0.118410E-02   0.233424E-04
  1041   0.117684E-02   0.232214E-04
  1042   0.116963E-02   0.231010E-04
  1043   0.116246E-02   0.229812E-04
  1044   0.115533E-02   0.228619E-04
  1045   0.114825E-02   0.227433E-04
  1046   0.114121E-02   0.226253E-04
  1047   0.113421E-02   0.225079E-04
  1048   0.112726E-02   0.223911E-04
  1049   0.112035E-02   0.222748E-04
  1050   0.111348E-02   0.221592E-04
  1051   0.110665E-02   0.220441E-04
  1052   0.109987E-02   0.219296E-04
  1053   0.109313E-02   0.218156E-04
  1054   0.108643E-02   0.217023E-04
  1055   0.107976E-02   0.215895E-04
  1056   0.107315E-02   0.214773E-04
  1057   0.106657E-02   0.213656E-04
  1058   0.106003E-02   0.212545E-04
  1059   0.105353E-02   0.211440E-04
  1060   0.104707E-02   0.210340E-04
  1061   0.104065E-02   0.209246E-04
  1062   0.103427E-02   0.208157E-04
  1063   0.102793E-02   0.207074E-04
  1064   0.102163E-02   0.205996E-04
  1065   0.101537E-02   0.204924E-04
  1066   0.100914E-02   0.203857E-04
  1067   0.100296E-02   0.202795E-04
  1068   0.996807E-03   0.201739E-04
  1069   0.990696E-03   0.200688E-04
  1070   0.984622E-03   0.199642E-04
  1071   0.978586E-03   0.198602E-04
  1072   0.972587E-03   0.197567E-04
  1073   0.966625E-03   0.196537E-04
  1074   0.960699E-03   0.195512E-04
  1075   0.954809E-03   0.194493E-04
  1076   0.948956E-03   0.193478E-04
  1077   0.943138E-03   0.192469E-04
  1078   0.937356E-03   0.191465E-04
  1079   0.931610E-03   0.190466E-04
  1080   0.925899E-03   0.189472E-04
  1081   0.920222E-03   0.188483E-04
  1082   0.914581E-03   0.187499E-04
  1083   0.908974E-03   0.186520E-04
  1084   0.903402E-03   0.185546E-04
  1085   0.897863E-03   0.184577E-04
  1086   0.892359E-03   0.183612E-04
  1087   0.886888E-03   0.182653E-04
  1088   0.881451E-03   0.181699E-04
  1089   0.876048E-03   0.180749E-04
  1090   0.870677E-03   0.179804E-04
  1091   0.865339E-03   0.178864E-04
  1092   0.860034E-03   0.177929E-04
  1093   0.854762E-03   0.176998E-04
  1094   0.849522E-03   0.176072E-04
  1095   0.844314E-03   0.175151E-04
  1096   0.839138E-03   0.174235E-04
  1097   0.833993E-03   0.173323E-04
  1098   0.828881E-03   0.172416E-04
  1099   0.823799E-03   0.171513E-04
  1100   0.818749E-03   0.170615E-04
  1101   0.813730E-03   0.169722E-04
  1102   0.808741E-03   0.168833E-04
  1103   0.803783E-03   0.167949E-04
  1104   0.798855E-03   0.167069E-04
  1105   0.793958E-03   0.166193E-04
  1106   0.789091E-03   0.165322E-04
  1107   0.784253E-03   0.164456E-04
  1108   0.779445E-03   0.163594E-04
  1109   0.774667E-03   0.162736E-04
  1110   0.769918E-03   0.161883E-04
  1111   0.765198E-03   0.161034E-04
  1112   0.760507E-03   0.160189E-04
  1113   0.755845E-03   0.159349E-04
  1114   0.751211E-03   0.158513E-04
  1115   0.746606E-03   0.157681E-04
  1116   0.742029E-03   0.156853E-04
  1117   0.737480E-03   0.156030E-04
  1118   0.732958E-03   0.155211E-04
  1119   0.728465E-03   0.154396E-04
  1120   0.723999E-03   0.153585E-04
  1121   0.719561E-03   0.152778E-04
  1122   0.715149E-03   0.151975E-04
  1123   0.710765E-03   0.151177E-04
  1124   0.706408E-03   0.150382E-04
  1125   0.702077E-03   0.149592E-04
  1126   0.697773E-03   0.148806E-04
  1127   0.693496E-03   0.148023E-04
  1128   0.689244E-03   0.147245E-04
  1129   0.685019E-03   0.146471E-04
  1130   0.680819E-03   0.145700E-04
  1131   0.676645E-03   0.144934E-04
  1132   0.672497E-03   0.144171E-04
  1133   0.668375E-03   0.143413E-04
  1134   0.664277E-03   0.142658E-04
  1135   0.660205E-03   0.141907E-04
  1136   0.656157E-03   0.141160E-04
  1137   0.652135E-03   0.140417E-04
  1138   0.648137E-03   0.139677E-04
  1139   0.644163E-03   0.138942E-04
  1140   0.640214E-03   0.138210E-04
  1141   0.636290E-03   0.137482E-04
  1142   0.632389E-03   0.136757E-04
  1143   0.628512E-03   0.136037E-04
  1144   0.624659E-03   0.135320E-04
  1145   0.620829E-03   0.134606E-04
  1146   0.617023E-03   0.133897E-04
  1147   0.613241E-03   0.133191E-04
  1148   0.609481E-03   0.132488E-04
  1149   0.605745E-03   0.131790E-04
  1150   0.602031E-03   0.131094E-04
  1151   0.598341E-03   0.130403E-04
  1152   0.594673E-03   0.129715E-04
  1153   0.591027E-03   0.129030E-04
  1154   0.587404E-03   0.128349E-04
  1155   0.583803E-03   0.127672E-04
  1156   0.580224E-03   0.126998E-04
  1157   0.576666E-03   0.126327E-04
  1158   0.573131E-03   0.125660E-04
  1159   0.569618E-03   0.124996E-04
  1160   0.566126E-03   0.124336E-04
  1161   0.562655E-03   0.123679E-04
  1162   0.559206E-03   0.123026E-04
  1163   0.555777E-03   0.122375E-04
  1164   0.552370E-03   0.121729E-04
  1165   0.548984E-03   0.121085E-04
  1166   0.545618E-03   0.120445E-04
  1167   0.542273E-03   0.119808E-04
  1168   0.538949E-03   0.119175E-04
  1169   0.535645E-03   0.118544E-04
  1170   0.532361E-03   0.117917E-04
  1171   0.529098E-03   0.117293E-04
  1172   0.525854E-03   0.116673E-04
  1173   0.522630E-03   0.116055E-04
  1174   0.519426E-03   0.115441E-04
  1175   0.516242E-03   0.114830E-04
  1176   0.513077E-03   0.114222E-04
  1177   0.509932E-03   0.113617E-04
  1178   0.506806E-03   0.113016E-04
  1179   0.503699E-03   0.112417E-04
  1180   0.500611E-03   0.111822E-04
  1181   0.497542E-03   0.111229E-04
  1182   0.494492E-03   0.110640E-04
  1183   0.491460E-03   0.110053E-04
  1184   0.488447E-03   0.109470E-04
  1185   0.485453E-03   0.108890E-04
  1186   0.482477E-03   0.108313E-04
  1187   0.479519E-03   0.107738E-04
  1188   0.476579E-03   0.107167E-04
  1189   0.473658E-03   0.106599E-04
  1190   0.470754E-03   0.106033E-04
  1191   0.467868E-03   0.105471E-04
  1192   0.465000E-03   0.104911E-04
  1193   0.462149E-03   0.104355E-04
  1194   0.459316E-03   0.103801E-04
  1195   0.456500E-03   0.103250E-04
  1196   0.453701E-03   0.102702E-04
  1197   0.450920E-03   0.102157E-04
  1198   0.448156E-03   0.101614E-04
  1199   0.445408E-03   0.101075E-04
  1200   0.442678E-03   0.100538E-04
  1201   0.439964E-03   0.100004E-04
  1202   0.437267E-03   0.994725E-05
  1203   0.434586E-03   0.989439E-05
  1204   0.431922E-03   0.984182E-05
  1205   0.429274E-03   0.978951E-05
  1206   0.426642E-03   0.973748E-05
  1207   0.424027E-03   0.968572E-05
  1208   0.421427E-03   0.963422E-05
  1209   0.418844E-03   0.958299E-05
  1210   0.416276E-03   0.953203E-05
  1211   0.413724E-03   0.948134E-05
  1212   0.411188E-03   0.943090E-05
  1213   0.408667E-03   0.938073E-05
  1214   0.406161E-03   0.933082E-05
  1215   0.403671E-03   0.928117E-05
  1216   0.401197E-03   0.923177E-05
  1217   0.398737E-03   0.918264E-05
  1218   0.396293E-03   0.913375E-05
  1219   0.393863E-03   0.908513E-05
  1220   0.391449E-03   0.903675E-05
  1221   0.389049E-03   0.898863E-05
  1222   0.386664E-03   0.894075E-05
  1223   0.384293E-03   0.889313E-05
  1224   0.381938E-03   0.884575E-05
  1225   0.379596E-03   0.879862E-05
  1226   0.377269E-03   0.875174E-05
  1227   0.374956E-03   0.870510E-05
  1228   0.372657E-03   0.865870E-05
  1229   0.370373E-03   0.861254E-05
  1230   0.368102E-03   0.856663E-05
  1231   0.365846E-03   0.852095E-05
  1232   0.363603E-03   0.847551E-05
  1233   0.361374E-03   0.843031E-05
  1234   0.359158E-03   0.838534E-05
  1235   0.356957E-03   0.834061E-05
  1236   0.354768E-03   0.829611E-05
  1237   0.352593E-03   0.825184E-05
  1238   0.350432E-03   0.820781E-05
  1239   0.348283E-03   0.816400E-05
  1240   0.346148E-03   0.812042E-05
  1241   0.344026E-03   0.807707E-05
  1242   0.341917E-03   0.803395E-05
  1243   0.339821E-03   0.799105E-05
  1244   0.337738E-03   0.794837E-05
  1245   0.335667E-03   0.790592E-05
  1246   0.333609E-03   0.786369E-05
  1247   0.331564E-03   0.782168E-05
  1248   0.329532E-03   0.777989E-05
  1249   0.327511E-03   0.773832E-05
  1250   0.325504E-03   0.769696E-05
  1251   0.323508E-03   0.765582E-05
  1252   0.321525E-03   0.761490E-05
  1253   0.319554E-03   0.757419E-05
  1254   0.317595E-03   0.753369E-05
  1255   0.315648E-03   0.749340E-05
  1256   0.313713E-03   0.745333E-05
  1257   0.311789E-03   0.741346E-05
  1258   0.309878E-03   0.737381E-05
  1259   0.307978E-03   0.733436E-05
  1260   0.306090E-03   0.729511E-05
  1261   0.304214E-03   0.725608E-05
  1262   0.302349E-03   0.721724E-05
  1263   0.300495E-03   0.717861E-05
  1264   0.298653E-03   0.714019E-05
  1265   0.296822E-03   0.710196E-05
  1266   0.295003E-03   0.706393E-05
  1267   0.293194E-03   0.702611E-05
  1268   0.291397E-03   0.698848E-05
  1269   0.289610E-03   0.695105E-05
  1270   0.287835E-03   0.691381E-05
  1271   0.286070E-03   0.687677E-05
  1272   0.284316E-03   0.683993E-05
  1273   0.282573E-03   0.680327E-05
  1274   0.280841E-03   0.676681E-05
  1275   0.279119E-03   0.673054E-05
  1276   0.277408E-03   0.669446E-05
  1277   0.275708E-03   0.665857E-05
  1278   0.274017E-03   0.662287E-05
  1279   0.272338E-03   0.658736E-05
  1280   0.270668E-03   0.655203E-05
  1281   0.269009E-03   0.651689E-05
  1282   0.267360E-03   0.648193E-05
  1283   0.265720E-03   0.644716E-05
  1284   0.264091E-03   0.641257E-05
  1285   0.262472E-03   0.637816E-05
  1286   0.260863E-03   0.634393E-05
  1287   0.259264E-03   0.630988E-05
  1288   0.257675E-03   0.627601E-05
  1289   0.256095E-03   0.624232E-05
  1290   0.254525E-03   0.620881E-05
  1291   0.252965E-03   0.617547E-05
  1292   0.251414E-03   0.614230E-05
  1293   0.249873E-03   0.610932E-05
  1294   0.248341E-03   0.607650E-05
  1295   0.246818E-03   0.604386E-05
  1296   0.245305E-03   0.601139E-05
  1297   0.243801E-03   0.597909E-05
  1298   0.242307E-03   0.594696E-05
  1299   0.240821E-03   0.591500E-05
  1300   0.239345E-03   0.588320E-05
  1301   0.237878E-03   0.585158E-05
  1302   0.236419E-03   0.582012E-05
  1303   0.234970E-03   0.578883E-05
  1304   0.233529E-03   0.575770E-05
  1305   0.232098E-03   0.572674E-05
  1306   0.230675E-03   0.569594E-05
  1307   0.229261E-03   0.566530E-05
  1308   0.227855E-03   0.563482E-05
  1309   0.226458E-03   0.560451E-05
  1310   0.225070E-03   0.557435E-05
  1311   0.223690E-03   0.554435E-05
  1312   0.222319E-03   0.551451E-05
  1313   0.220956E-03   0.548483E-05
  1314   0.219602E-03   0.545531E-05
  1315   0.218255E-03   0.542594E-05
  1316   0.216917E-03   0.539672E-05
  1317   0.215587E-03   0.536766E-05
  1318   0.214266E-03   0.533876E-05
  1319   0.212952E-03   0.531000E-05
  1320   0.211647E-03   0.528140E-05
  1321   0.210349E-03   0.525295E-05
  1322   0.209060E-03   0.522465E-05
  1323   0.207778E-03   0.519650E-05
  1324   0.206504E-03   0.516849E-05
  1325   0.205238E-03   0.514064E-05
  1326   0.203980E-03   0.511293E-05
  1327   0.202730E-03   0.508537E-05
  1328   0.201487E-03   0.505796E-05
  1329   0.200252E-03   0.503069E-05
  1330   0.199024E-03   0.500356E-05
  1331   0.197804E-03   0.497658E-05
  1332   0.196591E-03   0.494974E-05
  1333   0.195386E-03   0.492304E-05
  1334   0.194188E-03   0.489648E-05
  1335   0.192998E-03   0.487007E-05
  1336   0.191815E-03   0.484379E-05
  1337   0.190639E-03   0.481765E-05
  1338   0.189470E-03   0.479165E-05
  1339   0.188308E-03   0.476579E-05
  1340   0.187154E-03   0.474007E-05
  1341   0.186007E-03   0.471448E-05
  1342   0.184866E-03   0.468903E-05
  1343   0.183733E-03   0.466371E-05
  1344   0.182607E-03   0.463853E-05
  1345   0.181487E-03   0.461347E-05
  1346   0.180375E-03   0.458856E-05
  1347   0.179269E-03   0.456377E-05
  1348   0.178170E-03   0.453912E-05
  1349   0.177077E-03   0.451459E-05
  1350   0.175992E-03   0.449020E-05
  1351   0.174913E-03   0.446594E-05
  1352   0.173841E-03   0.444180E-05
  1353   0.172775E-03   0.441779E-05
  1354   0.171716E-03   0.439391E-05
  1355   0.170663E-03   0.437016E-05
  1356   0.169617E-03   0.434653E-05
  1357   0.168577E-03   0.432303E-05
  1358   0.167543E-03   0.429965E-05
  1359   0.166516E-03   0.427640E-05
  1360   0.165496E-03   0.425327E-05
  1361   0.164481E-03   0.423027E-05
  1362   0.163473E-03   0.420738E-05
  1363   0.162470E-03   0.418462E-05
  1364   0.161474E-03   0.416198E-05
  1365   0.160485E-03   0.413945E-05
  1366   0.159501E-03   0.411705E-05
  1367   0.158523E-03   0.409477E-05
  1368   0.157551E-03   0.407260E-05
  1369   0.156585E-03   0.405056E-05
  1370   0.155625E-03   0.402863E-05
  1371   0.154671E-03   0.400681E-05
  1372   0.153723E-03   0.398512E-05
  1373   0.152781E-03   0.396354E-05
  1374   0.151844E-03   0.394207E-05
  1375   0.150913E-03   0.392072E-05
  1376   0.149988E-03   0.389948E-05
  1377   0.149068E-03   0.387835E-05
  1378   0.148155E-03   0.385734E-05
  1379   0.147246E-03   0.383644E-05
  1380   0.146344E-03   0.381564E-05
  1381   0.145446E-03   0.379496E-05
  1382   0.144555E-03   0.377440E-05
  1383   0.143669E-03   0.375393E-05
  1384   0.142788E-03   0.373358E-05
  1385   0.141912E-03   0.371334E-05
  1386   0.141042E-03   0.369321E-05
  1387   0.140178E-03   0.367318E-05
  1388   0.139318E-03   0.365326E-05
  1389   0.138464E-03   0.363344E-05
  1390   0.137615E-03   0.361373E-05
  1391   0.136772E-03   0.359413E-05
  1392   0.135933E-03   0.357463E-05
  1393   0.135100E-03   0.355523E-05
  1394   0.134272E-03   0.353594E-05
  1395   0.133449E-03   0.351675E-05
  1396   0.132631E-03   0.349766E-05
  1397   0.131817E-03   0.347868E-05
  1398   0.131009E-03   0.345979E-05
  1399   0.130206E-03   0.344101E-05
  1400   0.129408E-03   0.342233E-05
  1401   0.128615E-03   0.340374E-05
  1402   0.127826E-03   0.338526E-05
  1403   0.127043E-03   0.336687E-05
  1404   0.126264E-03   0.334859E-05
  1405   0.125490E-03   0.333040E-05
  1406   0.124720E-03   0.331230E-05
  1407   0.123956E-03   0.329431E-05
  1408   0.123196E-03   0.327641E-05
  1409   0.122441E-03   0.325860E-05
  1410   0.121690E-03   0.324089E-05
  1411   0.120944E-03   0.322328E-05
  1412   0.120202E-03   0.320576E-05
  1413   0.119466E-03   0.318833E-05
  1414   0.118733E-03   0.317100E-05
  1415   0.118005E-03   0.315376E-05
  1416   0.117282E-03   0.313661E-05
  1417   0.116563E-03   0.311955E-05
  1418   0.115848E-03   0.310259E-05
  1419   0.115138E-03   0.308571E-05
  1420   0.114432E-03   0.306893E-05
  1421   0.113731E-03   0.305223E-05
  1422   0.113033E-03   0.303562E-05
  1423   0.112341E-03   0.301911E-05
  1424   0.111652E-03   0.300268E-05
  1425   0.110967E-03   0.298634E-05
  1426   0.110287E-03   0.297009E-05
  1427   0.109611E-03   0.295392E-05
  1428   0.108939E-03   0.293784E-05
  1429   0.108271E-03   0.292185E-05
  1430   0.107607E-03   0.290594E-05
  1431   0.106948E-03   0.289012E-05
  1432   0.106292E-03   0.287438E-05
  1433   0.105640E-03   0.285872E-05
  1434   0.104993E-03   0.284315E-05
  1435   0.104349E-03   0.282767E-05
  1436   0.103709E-03   0.281226E-05
  1437   0.103074E-03   0.279694E-05
  1438   0.102442E-03   0.278170E-05
  1439   0.101814E-03   0.276655E-05
  1440   0.101190E-03   0.275147E-05
  1441   0.100569E-03   0.273648E-05
  1442   0.999527E-04   0.272156E-05
  1443   0.993399E-04   0.270673E-05
  1444   0.987309E-04   0.269197E-05
  1445   0.981257E-04   0.267730E-05
  1446   0.975241E-04   0.266270E-05
  1447   0.969262E-04   0.264818E-05
  1448   0.963320E-04   0.263374E-05
  1449   0.957415E-04   0.261938E-05
  1450   0.951545E-04   0.260509E-05
  1451   0.945712E-04   0.259088E-05
  1452   0.939914E-04   0.257675E-05
  1453   0.934152E-04   0.256269E-05
  1454   0.928425E-04   0.254871E-05
  1455   0.922733E-04   0.253480E-05
  1456   0.917077E-04   0.252097E-05
  1457   0.911454E-04   0.250721E-05
  1458   0.905867E-04   0.249353E-05
  1459   0.900313E-04   0.247992E-05
  1460   0.894794E-04   0.246638E-05
  1461   0.889308E-04   0.245292E-05
  1462   0.883857E-04   0.243952E-05
  1463   0.878438E-04   0.242620E-05
  1464   0.873053E-04   0.241295E-05
  1465   0.867701E-04   0.239978E-05
  1466   0.862381E-04   0.238667E-05
  1467   0.857094E-04   0.237363E-05
  1468   0.851840E-04   0.236067E-05
  1469   0.846618E-04   0.234777E-05
  1470   0.841428E-04   0.233495E-05
  1471   0.836269E-04   0.232219E-05
  1472   0.831142E-04   0.230950E-05
  1473   0.826047E-04   0.229688E-05
  1474   0.820983E-04   0.228433E-05
  1475   0.815950E-04   0.227184E-05
  1476   0.810948E-04   0.225942E-05
  1477   0.805976E-04   0.224707E-05
  1478   0.801035E-04   0.223479E-05
  1479   0.796125E-04   0.222257E-05
  1480   0.791244E-04   0.221041E-05
  1481   0.786393E-04   0.219833E-05
  1482   0.781572E-04   0.218630E-05
  1483   0.776781E-04   0.217435E-05
  1484   0.772019E-04   0.216245E-05
  1485   0.767286E-04   0.215062E-05
  1486   0.762582E-04   0.213886E-05
  1487   0.757907E-04   0.212716E-05
  1488   0.753261E-04   0.211552E-05
  1489   0.748643E-04   0.210394E-05
  1490   0.744053E-04   0.209243E-05
  1491   0.739492E-04   0.208098E-05
  1492   0.734959E-04   0.206959E-05
  1493   0.730453E-04   0.205826E-05
  1494   0.725975E-04   0.204699E-05
  1495   0.721524E-04   0.203578E-05
  1496   0.717101E-04   0.202464E-05
  1497   0.712705E-04   0.201355E-05
  1498   0.708336E-04   0.200252E-05
  1499   0.703993E-04   0.199156E-05
  1500   0.699677E-04   0.198065E-05
  1501   0.695388E-04   0.196980E-05
  1502   0.691125E-04   0.195901E-05
  1503   0.686888E-04   0.194828E-05
  1504   0.682677E-04   0.193760E-05
  1505   0.678492E-04   0.192699E-05
  1506   0.674332E-04   0.191643E-05
  1507   0.670198E-04   0.190593E-05
  1508   0.666090E-04   0.189548E-05
  1509   0.662006E-04   0.188509E-05
  1510   0.657948E-04   0.187476E-05
  1511   0.653914E-04   0.186448E-05
  1512   0.649905E-04   0.185426E-05
  1513   0.645921E-04   0.184410E-05
  1514   0.641961E-04   0.183398E-05
  1515   0.638026E-04   0.182393E-05
  1516   0.634114E-04   0.181392E-05
  1517   0.630227E-04   0.180398E-05
  1518   0.626363E-04   0.179408E-05
  1519   0.622523E-04   0.178424E-05
  1520   0.618707E-04   0.177445E-05
  1521   0.614914E-04   0.176472E-05
  1522   0.611144E-04   0.175504E-05
  1523   0.607398E-04   0.174541E-05
  1524   0.603674E-04   0.173583E-05
  1525   0.599973E-04   0.172630E-05
  1526   0.596295E-04   0.171683E-05
  1527   0.592640E-04   0.170741E-05
  1528   0.589006E-04   0.169803E-05
  1529   0.585396E-04   0.168871E-05
  1530   0.581807E-04   0.167944E-05
  1531   0.578240E-04   0.167022E-05
  1532   0.574695E-04   0.166105E-05
  1533   0.571172E-04   0.165193E-05
  1534   0.567670E-04   0.164286E-05
  1535   0.564190E-04   0.163383E-05
  1536   0.560732E-04   0.162486E-05
  1537   0.557294E-04   0.161593E-05
  1538   0.553878E-04   0.160706E-05
  1539   0.550482E-04   0.159823E-05
  1540   0.547107E-04   0.158945E-05
  1541   0.543753E-04   0.158071E-05
  1542   0.540420E-04   0.157203E-05
  1543   0.537107E-04   0.156339E-05
  1544   0.533814E-04   0.155480E-05
  1545   0.530541E-04   0.154625E-05
  1546   0.527289E-04   0.153775E-05
  1547   0.524056E-04   0.152930E-05
  1548   0.520844E-04   0.152089E-05
  1549   0.517651E-04   0.151253E-05
  1550   0.514477E-04   0.150421E-05
  1551   0.511323E-04   0.149594E-05
  1552   0.508189E-04   0.148772E-05
  1553   0.505073E-04   0.147953E-05
  1554   0.501977E-04   0.147140E-05
  1555   0.498899E-04   0.146330E-05
  1556   0.495841E-04   0.145525E-05
  1557   0.492801E-04   0.144725E-05
  1558   0.489780E-04   0.143929E-05
  1559   0.486777E-04   0.143137E-05
  1560   0.483793E-04   0.142349E-05
  1561   0.480827E-04   0.141566E-05
  1562   0.477880E-04   0.140787E-05
  1563   0.474950E-04   0.140012E-05
  1564   0.472038E-04   0.139241E-05
  1565   0.469145E-04   0.138475E-05
  1566   0.466268E-04   0.137713E-05
  1567   0.463410E-04   0.136954E-05
  1568   0.460569E-04   0.136200E-05
  1569   0.457746E-04   0.135450E-05
  1570   0.454939E-04   0.134705E-05
  1571   0.452150E-04   0.133963E-05
  1572   0.449378E-04   0.133225E-05
  1573   0.446624E-04   0.132491E-05
  1574   0.443886E-04   0.131761E-05
  1575   0.441164E-04   0.131036E-05
  1576   0.438460E-04   0.130314E-05
  1577   0.435772E-04   0.129596E-05
  1578   0.433100E-04   0.128882E-05
  1579   0.430445E-04   0.128172E-05
  1580   0.427806E-04   0.127465E-05
  1581   0.425184E-04   0.126763E-05
  1582   0.422577E-04   0.126064E-05
  1583   0.419986E-04   0.125369E-05
  1584   0.417412E-04   0.124678E-05
  1585   0.414853E-04   0.123991E-05
  1586   0.412310E-04   0.123307E-05
  1587   0.409782E-04   0.122628E-05
  1588   0.407270E-04   0.121952E-05
  1589   0.404773E-04   0.121279E-05
  1590   0.402291E-04   0.120610E-05
  1591   0.399825E-04   0.119945E-05
  1592   0.397374E-04   0.119284E-05
  1593   0.394938E-04   0.118626E-05
  1594   0.392517E-04   0.117971E-05
  1595   0.390111E-04   0.117321E-05
  1596   0.387719E-04   0.116673E-05
  1597   0.385342E-04   0.116030E-05
  1598   0.382980E-04   0.115389E-05
  1599   0.380632E-04   0.114753E-05
  1600   0.378298E-04   0.114119E-05
  1601   0.375979E-04   0.113490E-05
  1602   0.373674E-04   0.112863E-05
  1603   0.371384E-04   0.112240E-05
  1604   0.369107E-04   0.111621E-05
  1605   0.366844E-04   0.111005E-05
  1606   0.364595E-04   0.110392E-05
  1607   0.362360E-04   0.109782E-05
  1608   0.360138E-04   0.109176E-05
  1609   0.357931E-04   0.108573E-05
  1610   0.355736E-04   0.107974E-05
  1611   0.353555E-04   0.107377E-05
  1612   0.351388E-04   0.106784E-05
  1613   0.349234E-04   0.106194E-05
  1614   0.347093E-04   0.105608E-05
  1615   0.344965E-04   0.105024E-05
  1616   0.342850E-04   0.104444E-05
  1617   0.340748E-04   0.103867E-05
  1618   0.338659E-04   0.103293E-05
  1619   0.336583E-04   0.102723E-05
  1620   0.334520E-04   0.102155E-05
  1621   0.332469E-04   0.101590E-05
  1622   0.330431E-04   0.101029E-05
  1623   0.328405E-04   0.100470E-05
  1624   0.326392E-04   0.999151E-06
  1625   0.324391E-04   0.993628E-06
  1626   0.322402E-04   0.988134E-06
  1627   0.320426E-04   0.982671E-06
  1628   0.318461E-04   0.977238E-06
  1629   0.316509E-04   0.971834E-06
  1630   0.314569E-04   0.966460E-06
  1631   0.312640E-04   0.961116E-06
  1632   0.310724E-04   0.955800E-06
  1633   0.308819E-04   0.950514E-06
  1634   0.306926E-04   0.945256E-06
  1635   0.305044E-04   0.940027E-06
  1636   0.303174E-04   0.934827E-06
  1637   0.301315E-04   0.929655E-06
  1638   0.299468E-04   0.924511E-06
  1639   0.297632E-04   0.919396E-06
  1640   0.295808E-04   0.914308E-06
  1641   0.293994E-04   0.909248E-06
  1642   0.292192E-04   0.904216E-06
  1643   0.290400E-04   0.899212E-06
  1644   0.288620E-04   0.894235E-06
  1645   0.286851E-04   0.889285E-06
  1646   0.285092E-04   0.884362E-06
  1647   0.283345E-04   0.879466E-06
  1648   0.281607E-04   0.874597E-06
  1649   0.279881E-04   0.869754E-06
  1650   0.278165E-04   0.864938E-06
  1651   0.276460E-04   0.860148E-06
  1652   0.274765E-04   0.855385E-06
  1653   0.273081E-04   0.850647E-06
  1654   0.271407E-04   0.845936E-06
  1655   0.269743E-04   0.841250E-06
  1656   0.268089E-04   0.836590E-06
  1657   0.266446E-04   0.831956E-06
  1658   0.264812E-04   0.827347E-06
  1659   0.263189E-04   0.822763E-06
  1660   0.261575E-04   0.818204E-06
  1661   0.259972E-04   0.813670E-06
  1662   0.258378E-04   0.809161E-06
  1663   0.256794E-04   0.804677E-06
  1664   0.255220E-04   0.800217E-06
  1665   0.253655E-04   0.795781E-06
  1666   0.252100E-04   0.791370E-06
  1667   0.250554E-04   0.786983E-06
  1668   0.249018E-04   0.782621E-06
  1669   0.247492E-04   0.778282E-06
  1670   0.245975E-04   0.773967E-06
  1671   0.244467E-04   0.769675E-06
  1672   0.242968E-04   0.765407E-06
  1673   0.241478E-04   0.761162E-06
  1674   0.239998E-04   0.756941E-06
  1675   0.238527E-04   0.752743E-06
  1676   0.237064E-04   0.748568E-06
  1677   0.235611E-04   0.744415E-06
  1678   0.234167E-04   0.740286E-06
  1679   0.232731E-04   0.736179E-06
  1680   0.231304E-04   0.732095E-06
  1681   0.229886E-04   0.728033E-06
  1682   0.228477E-04   0.723993E-06
  1683   0.227076E-04   0.719976E-06
  1684   0.225684E-04   0.715980E-06
  1685   0.224301E-04   0.712007E-06
  1686   0.222926E-04   0.708055E-06
  1687   0.221559E-04   0.704125E-06
  1688   0.220201E-04   0.700216E-06
  1689   0.218851E-04   0.696329E-06
  1690   0.217509E-04   0.692464E-06
  1691   0.216176E-04   0.688619E-06
  1692   0.214850E-04   0.684796E-06
  1693   0.213533E-04   0.680994E-06
  1694   0.212224E-04   0.677212E-06
  1695   0.210923E-04   0.673451E-06
  1696   0.209630E-04   0.669711E-06
  1697   0.208345E-04   0.665992E-06
  1698   0.207068E-04   0.662293E-06
  1699   0.205798E-04   0.658614E-06
  1700   0.204537E-04   0.654955E-06
  1701   0.203283E-04   0.651317E-06
  1702   0.202037E-04   0.647698E-06
  1703   0.200798E-04   0.644100E-06
  1704   0.199567E-04   0.640521E-06
  1705   0.198344E-04   0.636962E-06
  1706   0.197128E-04   0.633422E-06
  1707   0.195919E-04   0.629902E-06
  1708   0.194718E-04   0.626401E-06
  1709   0.193524E-04   0.622919E-06
  1710   0.192338E-04   0.619457E-06
  1711   0.191159E-04   0.616014E-06
  1712   0.189987E-04   0.612589E-06
  1713   0.188822E-04   0.609183E-06
  1714   0.187665E-04   0.605796E-06
  1715   0.186514E-04   0.602428E-06
  1716   0.185371E-04   0.599078E-06
  1717   0.184234E-04   0.595747E-06
  1718   0.183105E-04   0.592434E-06
  1719   0.181982E-04   0.589139E-06
  1720   0.180867E-04   0.585863E-06
  1721   0.179758E-04   0.582604E-06
  1722   0.178656E-04   0.579363E-06
  1723   0.177561E-04   0.576140E-06
  1724   0.176472E-04   0.572935E-06
  1725   0.175390E-04   0.569748E-06
  1726   0.174315E-04   0.566578E-06
  1727   0.173246E-04   0.563425E-06
  1728   0.172184E-04   0.560290E-06
  1729   0.171129E-04   0.557172E-06
  1730   0.170080E-04   0.554071E-06
  1731   0.169037E-04   0.550988E-06
  1732   0.168001E-04   0.547921E-06
  1733   0.166971E-04   0.544871E-06
  1734   0.165947E-04   0.541838E-06
  1735   0.164930E-04   0.538822E-06
  1736   0.163919E-04   0.535822E-06
  1737   0.162914E-04   0.532839E-06
  1738   0.161915E-04   0.529872E-06
  1739   0.160922E-04   0.526922E-06
  1740   0.159936E-04   0.523988E-06
  1741   0.158955E-04   0.521070E-06
  1742   0.157981E-04   0.518168E-06
  1743   0.157012E-04   0.515282E-06
  1744   0.156050E-04   0.512412E-06
  1745   0.155093E-04   0.509558E-06
  1746   0.154142E-04   0.506720E-06
  1747   0.153197E-04   0.503897E-06
  1748   0.152258E-04   0.501089E-06
  1749   0.151325E-04   0.498298E-06
  1750   0.150397E-04   0.495521E-06
  1751   0.149475E-04   0.492760E-06
  1752   0.148559E-04   0.490014E-06
  1753   0.147648E-04   0.487284E-06
  1754   0.146743E-04   0.484568E-06
  1755   0.145843E-04   0.481867E-06
  1756   0.144949E-04   0.479182E-06
  1757   0.144061E-04   0.476511E-06
  1758   0.143177E-04   0.473855E-06
  1759   0.142300E-04   0.471213E-06
  1760   0.141427E-04   0.468586E-06
  1761   0.140560E-04   0.465974E-06
  1762   0.139699E-04   0.463375E-06
  1763   0.138842E-04   0.460792E-06
  1764   0.137991E-04   0.458222E-06
  1765   0.137145E-04   0.455667E-06
  1766   0.136304E-04   0.453126E-06
  1767   0.135469E-04   0.450599E-06
  1768   0.134638E-04   0.448085E-06
  1769   0.133813E-04   0.445586E-06
  1770   0.132992E-04   0.443101E-06
  1771   0.132177E-04   0.440629E-06
  1772   0.131367E-04   0.438171E-06
  1773   0.130561E-04   0.435726E-06
  1774   0.129761E-04   0.433295E-06
  1775   0.128966E-04   0.430877E-06
  1776   0.128175E-04   0.428473E-06
  1777   0.127389E-04   0.426082E-06
  1778   0.126608E-04   0.423704E-06
  1779   0.125832E-04   0.421339E-06
  1780   0.125061E-04   0.418988E-06
  1781   0.124294E-04   0.416649E-06
  1782   0.123532E-04   0.414323E-06
  1783   0.122775E-04   0.412011E-06
  1784   0.122022E-04   0.409711E-06
  1785   0.121274E-04   0.407423E-06
  1786   0.120530E-04   0.405148E-06
  1787   0.119792E-04   0.402886E-06
  1788   0.119057E-04   0.400637E-06
  1789   0.118327E-04   0.398399E-06
  1790   0.117602E-04   0.396175E-06
  1791   0.116881E-04   0.393962E-06
  1792   0.116164E-04   0.391762E-06
  1793   0.115452E-04   0.389574E-06
  1794   0.114744E-04   0.387398E-06
  1795   0.114041E-04   0.385234E-06
  1796   0.113342E-04   0.383082E-06
  1797   0.112647E-04   0.380942E-06
  1798   0.111956E-04   0.378813E-06
  1799   0.111270E-04   0.376697E-06
  1800   0.110588E-04   0.374592E-06
  1801   0.109910E-04   0.372499E-06
  1802   0.109236E-04   0.370417E-06
  1803   0.108567E-04   0.368347E-06
  1804   0.107901E-04   0.366289E-06
  1805   0.107240E-04   0.364241E-06
  1806   0.106582E-04   0.362206E-06
  1807   0.105929E-04   0.360181E-06
  1808   0.105279E-04   0.358168E-06
  1809   0.104634E-04   0.356165E-06
  1810   0.103992E-04   0.354174E-06
  1811   0.103355E-04   0.352194E-06
  1812   0.102721E-04   0.350225E-06
  1813   0.102092E-04   0.348267E-06
  1814   0.101466E-04   0.346319E-06
  1815   0.100844E-04   0.344383E-06
  1816   0.100225E-04   0.342457E-06
  1817   0.996110E-05   0.340541E-06
  1818   0.990003E-05   0.338637E-06
  1819   0.983934E-05   0.336743E-06
  1820   0.977902E-05   0.334859E-06
  1821   0.971907E-05   0.332986E-06
  1822   0.965949E-05   0.331123E-06
  1823   0.960027E-05   0.329271E-06
  1824   0.954142E-05   0.327428E-06
  1825   0.948292E-05   0.325596E-06
  1826   0.942479E-05   0.323775E-06
  1827   0.936701E-05   0.321963E-06
  1828   0.930958E-05   0.320161E-06
  1829   0.925251E-05   0.318370E-06
  1830   0.919579E-05   0.316588E-06
  1831   0.913942E-05   0.314816E-06
  1832   0.908339E-05   0.313054E-06
  1833   0.902770E-05   0.311301E-06
  1834   0.897236E-05   0.309559E-06
  1835   0.891735E-05   0.307826E-06
  1836   0.886268E-05   0.306103E-06
  1837   0.880835E-05   0.304389E-06
  1838   0.875435E-05   0.302685E-06
  1839   0.870068E-05   0.300990E-06
  1840   0.864734E-05   0.299304E-06
  1841   0.859433E-05   0.297628E-06
  1842   0.854164E-05   0.295962E-06
  1843   0.848928E-05   0.294304E-06
  1844   0.843724E-05   0.292656E-06
  1845   0.838551E-05   0.291017E-06
  1846   0.833410E-05   0.289387E-06
  1847   0.828301E-05   0.287766E-06
  1848   0.823223E-05   0.286154E-06
  1849   0.818177E-05   0.284550E-06
  1850   0.813161E-05   0.282956E-06
  1851   0.808176E-05   0.281371E-06
  1852   0.803221E-05   0.279794E-06
  1853   0.798297E-05   0.278227E-06
  1854   0.793403E-05   0.276668E-06
  1855   0.788539E-05   0.275117E-06
  1856   0.783705E-05   0.273575E-06
  1857   0.778900E-05   0.272042E-06
  1858   0.774125E-05   0.270517E-06
  1859   0.769380E-05   0.269001E-06
  1860   0.764663E-05   0.267493E-06
  1861   0.759975E-05   0.265994E-06
  1862   0.755316E-05   0.264503E-06
  1863   0.750686E-05   0.263020E-06
  1864   0.746084E-05   0.261545E-06
  1865   0.741510E-05   0.260079E-06
  1866   0.736964E-05   0.258621E-06
  1867   0.732446E-05   0.257170E-06
  1868   0.727956E-05   0.255728E-06
  1869   0.723493E-05   0.254294E-06
  1870   0.719058E-05   0.252868E-06
  1871   0.714650E-05   0.251450E-06
  1872   0.710268E-05   0.250040E-06
  1873   0.705914E-05   0.248637E-06
  1874   0.701587E-05   0.247242E-06
  1875   0.697285E-05   0.245855E-06
  1876   0.693011E-05   0.244476E-06
  1877   0.688762E-05   0.243105E-06
  1878   0.684540E-05   0.241741E-06
  1879   0.680343E-05   0.240384E-06
  1880   0.676172E-05   0.239036E-06
  1881   0.672027E-05   0.237694E-06
  1882   0.667907E-05   0.236360E-06
  1883   0.663813E-05   0.235034E-06
  1884   0.659743E-05   0.233715E-06
  1885   0.655699E-05   0.232403E-06
  1886   0.651679E-05   0.231099E-06
  1887   0.647684E-05   0.229802E-06
  1888   0.643713E-05   0.228512E-06
  1889   0.639767E-05   0.227229E-06
  1890   0.635845E-05   0.225953E-06
  1891   0.631947E-05   0.224685E-06
  1892   0.628073E-05   0.223423E-06
  1893   0.624222E-05   0.222169E-06
  1894   0.620395E-05   0.220921E-06
  1895   0.616592E-05   0.219681E-06
  1896   0.612812E-05   0.218447E-06
  1897   0.609055E-05   0.217221E-06
  1898   0.605321E-05   0.216001E-06
  1899   0.601611E-05   0.214788E-06
  1900   0.597922E-05   0.213581E-06
  1901   0.594257E-05   0.212382E-06
  1902   0.590614E-05   0.211189E-06
  1903   0.586993E-05   0.210002E-06
  1904   0.583394E-05   0.208822E-06
  1905   0.579818E-05   0.207649E-06
  1906   0.576263E-05   0.206483E-06
  1907   0.572731E-05   0.205323E-06
  1908   0.569219E-05   0.204169E-06
  1909   0.565730E-05   0.203022E-06
  1910   0.562262E-05   0.201881E-06
  1911   0.558815E-05   0.200746E-06
  1912   0.555389E-05   0.199618E-06
  1913   0.551984E-05   0.198496E-06
  1914   0.548600E-05   0.197381E-06
  1915   0.545237E-05   0.196271E-06
  1916   0.541894E-05   0.195168E-06
  1917   0.538572E-05   0.194071E-06
  1918   0.535271E-05   0.192980E-06
  1919   0.531989E-05   0.191895E-06
  1920   0.528728E-05   0.190816E-06
  1921   0.525486E-05   0.189743E-06
  1922   0.522265E-05   0.188677E-06
  1923   0.519063E-05   0.187616E-06
  1924   0.515881E-05   0.186561E-06
  1925   0.512718E-05   0.185512E-06
  1926   0.509575E-05   0.184468E-06
  1927   0.506451E-05   0.183431E-06
  1928   0.503347E-05   0.182399E-06
  1929   0.500261E-05   0.181373E-06
  1930   0.497194E-05   0.180353E-06
  1931   0.494146E-05   0.179339E-06
  1932   0.491117E-05   0.178330E-06
  1933   0.488106E-05   0.177327E-06
  1934   0.485113E-05   0.176329E-06
  1935   0.482139E-05   0.175337E-06
  1936   0.479184E-05   0.174350E-06
  1937   0.476246E-05   0.173369E-06
  1938   0.473326E-05   0.172394E-06
  1939   0.470425E-05   0.171424E-06
  1940   0.467541E-05   0.170459E-06
  1941   0.464675E-05   0.169500E-06
  1942   0.461826E-05   0.168546E-06
  1943   0.458995E-05   0.167597E-06
  1944   0.456181E-05   0.166654E-06
  1945   0.453384E-05   0.165716E-06
  1946   0.450605E-05   0.164783E-06
  1947   0.447842E-05   0.163856E-06
  1948   0.445097E-05   0.162933E-06
  1949   0.442368E-05   0.162016E-06
  1950   0.439656E-05   0.161104E-06
  1951   0.436961E-05   0.160197E-06
  1952   0.434282E-05   0.159295E-06
  1953   0.431620E-05   0.158398E-06
  1954   0.428974E-05   0.157506E-06
  1955   0.426344E-05   0.156619E-06
  1956   0.423730E-05   0.155737E-06
  1957   0.421132E-05   0.154860E-06
  1958   0.418551E-05   0.153988E-06
  1959   0.415985E-05   0.153120E-06
  1960   0.413435E-05   0.152258E-06
  1961   0.410900E-05   0.151400E-06
  1962   0.408381E-05   0.150547E-06
  1963   0.405877E-05   0.149699E-06
  1964   0.403389E-05   0.148856E-06
  1965   0.400916E-05   0.148017E-06
  1966   0.398458E-05   0.147183E-06
  1967   0.396016E-05   0.146354E-06
  1968   0.393588E-05   0.145529E-06
  1969   0.391175E-05   0.144709E-06
  1970   0.388777E-05   0.143894E-06
  1971   0.386394E-05   0.143083E-06
  1972   0.384025E-05   0.142277E-06
  1973   0.381671E-05   0.141475E-06
  1974   0.379331E-05   0.140677E-06
  1975   0.377005E-05   0.139884E-06
  1976   0.374694E-05   0.139096E-06
  1977   0.372397E-05   0.138312E-06
  1978   0.370114E-05   0.137532E-06
  1979   0.367845E-05   0.136757E-06
  1980   0.365590E-05   0.135986E-06
  1981   0.363349E-05   0.135219E-06
  1982   0.361121E-05   0.134457E-06
  1983   0.358907E-05   0.133699E-06
  1984   0.356707E-05   0.132945E-06
  1985   0.354520E-05   0.132195E-06
  1986   0.352347E-05   0.131449E-06
  1987   0.350187E-05   0.130708E-06
  1988   0.348040E-05   0.129971E-06
  1989   0.345906E-05   0.129238E-06
  1990   0.343786E-05   0.128509E-06
  1991   0.341678E-05   0.127784E-06
  1992   0.339584E-05   0.127063E-06
  1993   0.337502E-05   0.126347E-06
  1994   0.335433E-05   0.125634E-06
  1995   0.333376E-05   0.124925E-06
  1996   0.331333E-05   0.124220E-06
  1997   0.329301E-05   0.123519E-06
  1998   0.327283E-05   0.122822E-06
  1999   0.325276E-05   0.122129E-06
  2000   0.323282E-05   0.121440E-06
  2001   0.321300E-05   0.120755E-06
  2002   0.319330E-05   0.120074E-06
  2003   0.317373E-05   0.119396E-06
  2004   0.315427E-05   0.118722E-06
  2005   0.313493E-05   0.118052E-06
  2006   0.311572E-05   0.117386E-06
  2007   0.309661E-05   0.116723E-06
  2008   0.307763E-05   0.116064E-06
  2009   0.305876E-05   0.115409E-06
  2010   0.304001E-05   0.114758E-06
  2011   0.302137E-05   0.114110E-06
  2012   0.300285E-05   0.113465E-06
  2013   0.298444E-05   0.112825E-06
  2014   0.296615E-05   0.112188E-06
  2015   0.294796E-05   0.111554E-06
  2016   0.292989E-05   0.110924E-06
  2017   0.291193E-05   0.110298E-06
  2018   0.289408E-05   0.109675E-06
  2019   0.287634E-05   0.109056E-06
  2020   0.285870E-05   0.108440E-06
  2021   0.284118E-05   0.107827E-06
  2022   0.282376E-05   0.107218E-06
  2023   0.280645E-05   0.106613E-06
  2024   0.278924E-05   0.106011E-06
  2025   0.277214E-05   0.105412E-06
  2026   0.275515E-05   0.104816E-06
  2027   0.273826E-05   0.104224E-06
  2028   0.272147E-05   0.103635E-06
  2029   0.270479E-05   0.103050E-06
  2030   0.268821E-05   0.102467E-06
  2031   0.267173E-05   0.101888E-06
  2032   0.265535E-05   0.101313E-06
  2033   0.263907E-05   0.100740E-06
  2034   0.262289E-05   0.100171E-06
  2035   0.260681E-05   0.996048E-07
  2036   0.259083E-05   0.990419E-07
  2037   0.257495E-05   0.984822E-07
  2038   0.255916E-05   0.979255E-07
  2039   0.254347E-05   0.973720E-07
  2040   0.252788E-05   0.968216E-07
  2041   0.251238E-05   0.962743E-07
  2042   0.249698E-05   0.957301E-07
  2043   0.248167E-05   0.951889E-07
  2044   0.246646E-05   0.946508E-07
  2045   0.245134E-05   0.941156E-07
  2046   0.243631E-05   0.935835E-07
  2047   0.242137E-05   0.930544E-07
  2048   0.240653E-05   0.925282E-07
  2049   0.239178E-05   0.920050E-07
  2050   0.237711E-05   0.914847E-07
  2051   0.236254E-05   0.909673E-07
  2052   0.234806E-05   0.904529E-07
  2053   0.233366E-05   0.899413E-07
  2054   0.231936E-05   0.894326E-07
  2055   0.230514E-05   0.889268E-07
  2056   0.229101E-05   0.884238E-07
  2057   0.227696E-05   0.879236E-07
  2058   0.226300E-05   0.874262E-07
  2059   0.224913E-05   0.869317E-07
  2060   0.223534E-05   0.864399E-07
  2061   0.222164E-05   0.859508E-07
  2062   0.220802E-05   0.854646E-07
  2063   0.219448E-05   0.849810E-07
  2064   0.218103E-05   0.845002E-07
  2065   0.216766E-05   0.840220E-07
  2066   0.215437E-05   0.835466E-07
  2067   0.214116E-05   0.830738E-07
  2068   0.212803E-05   0.826037E-07
  2069   0.211499E-05   0.821362E-07
  2070   0.210202E-05   0.816713E-07
  2071   0.208914E-05   0.812091E-07
  2072   0.207633E-05   0.807494E-07
  2073   0.206360E-05   0.802924E-07
  2074   0.205095E-05   0.798379E-07
  2075   0.203838E-05   0.793859E-07
  2076   0.202588E-05   0.789365E-07
  2077   0.201346E-05   0.784897E-07
  2078   0.200112E-05   0.780453E-07
  2079   0.198885E-05   0.776034E-07
  2080   0.197666E-05   0.771640E-07
  2081   0.196454E-05   0.767271E-07
  2082   0.195249E-05   0.762927E-07
  2083   0.194052E-05   0.758607E-07
  2084   0.192863E-05   0.754311E-07
  2085   0.191680E-05   0.750039E-07
  2086   0.190505E-05   0.745791E-07
  2087   0.189337E-05   0.741568E-07
  2088   0.188177E-05   0.737368E-07
  2089   0.187023E-05   0.733191E-07
  2090   0.185877E-05   0.729038E-07
  2091   0.184737E-05   0.724909E-07
  2092   0.183605E-05   0.720802E-07
  2093   0.182479E-05   0.716719E-07
  2094   0.181360E-05   0.712659E-07
  2095   0.180248E-05   0.708621E-07
  2096   0.179143E-05   0.704607E-07
  2097   0.178045E-05   0.700614E-07
  2098   0.176954E-05   0.696645E-07
  2099   0.175869E-05   0.692697E-07
  2100   0.174791E-05   0.688772E-07
  2101   0.173719E-05   0.684869E-07
  2102   0.172654E-05   0.680988E-07
  2103   0.171596E-05   0.677129E-07
  2104   0.170544E-05   0.673291E-07
  2105   0.169498E-05   0.669475E-07
  2106   0.168459E-05   0.665681E-07
  2107   0.167426E-05   0.661908E-07
  2108   0.166400E-05   0.658156E-07
  2109   0.165380E-05   0.654425E-07
  2110   0.164366E-05   0.650715E-07
  2111   0.163358E-05   0.647027E-07
  2112   0.162357E-05   0.643358E-07
  2113   0.161362E-05   0.639711E-07
  2114   0.160372E-05   0.636084E-07
  2115   0.159389E-05   0.632478E-07
  2116   0.158412E-05   0.628891E-07
  2117   0.157441E-05   0.625326E-07
  2118   0.156476E-05   0.621780E-07
  2119   0.155516E-05   0.618254E-07
  2120   0.154563E-05   0.614748E-07
  2121   0.153615E-05   0.611261E-07
  2122   0.152674E-05   0.607795E-07
  2123   0.151738E-05   0.604347E-07
  2124   0.150808E-05   0.600920E-07
  2125   0.149883E-05   0.597511E-07
  2126   0.148964E-05   0.594122E-07
  2127   0.148051E-05   0.590752E-07
  2128   0.147143E-05   0.587401E-07
  2129   0.146241E-05   0.584068E-07
  2130   0.145345E-05   0.580755E-07
  2131   0.144454E-05   0.577460E-07
  2132   0.143568E-05   0.574184E-07
  2133   0.142688E-05   0.570926E-07
  2134   0.141813E-05   0.567687E-07
  2135   0.140944E-05   0.564465E-07
  2136   0.140080E-05   0.561262E-07
  2137   0.139221E-05   0.558077E-07
  2138   0.138368E-05   0.554910E-07
  2139   0.137519E-05   0.551761E-07
  2140   0.136676E-05   0.548630E-07
  2141   0.135838E-05   0.545516E-07
  2142   0.135006E-05   0.542420E-07
  2143   0.134178E-05   0.539341E-07
  2144   0.133355E-05   0.536280E-07
  2145   0.132538E-05   0.533236E-07
  2146   0.131725E-05   0.530209E-07
  2147   0.130918E-05   0.527199E-07
  2148   0.130115E-05   0.524206E-07
  2149   0.129317E-05   0.521230E-07
  2150   0.128525E-05   0.518270E-07
  2151   0.127737E-05   0.515328E-07
  2152   0.126954E-05   0.512402E-07
  2153   0.126175E-05   0.509492E-07
  2154   0.125402E-05   0.506599E-07
  2155   0.124633E-05   0.503723E-07
  2156   0.123869E-05   0.500862E-07
  2157   0.123110E-05   0.498018E-07
  2158   0.122355E-05   0.495189E-07
  2159   0.121605E-05   0.492377E-07
  2160   0.120859E-05   0.489580E-07
  2161   0.120118E-05   0.486800E-07
  2162   0.119382E-05   0.484035E-07
  2163   0.118650E-05   0.481285E-07
  2164   0.117923E-05   0.478551E-07
  2165   0.117200E-05   0.475833E-07
  2166   0.116481E-05   0.473130E-07
  2167   0.115767E-05   0.470442E-07
  2168   0.115058E-05   0.467769E-07
  2169   0.114352E-05   0.465111E-07
  2170   0.113651E-05   0.462469E-07
  2171   0.112954E-05   0.459841E-07
  2172   0.112262E-05   0.457228E-07
  2173   0.111574E-05   0.454630E-07
  2174   0.110890E-05   0.452047E-07
  2175   0.110210E-05   0.449478E-07
  2176   0.109534E-05   0.446923E-07
  2177   0.108863E-05   0.444383E-07
  2178   0.108195E-05   0.441858E-07
  2179   0.107532E-05   0.439346E-07
  2180   0.106873E-05   0.436849E-07
  2181   0.106218E-05   0.434366E-07
  2182   0.105567E-05   0.431897E-07
  2183   0.104919E-05   0.429442E-07
  2184   0.104276E-05   0.427001E-07
  2185   0.103637E-05   0.424573E-07
  2186   0.103002E-05   0.422160E-07
  2187   0.102370E-05   0.419759E-07
  2188   0.101743E-05   0.417373E-07
  2189   0.101119E-05   0.415000E-07
  2190   0.100499E-05   0.412640E-07
  2191   0.998828E-06   0.410294E-07
  2192   0.992705E-06   0.407961E-07
  2193   0.986619E-06   0.405641E-07
  2194   0.980570E-06   0.403334E-07
  2195   0.974559E-06   0.401040E-07
  2196   0.968585E-06   0.398760E-07
  2197   0.962647E-06   0.396492E-07
  2198   0.956745E-06   0.394237E-07
  2199   0.950880E-06   0.391994E-07
  2200   0.945050E-06   0.389765E-07
  2201   0.939257E-06   0.387548E-07
  2202   0.933499E-06   0.385343E-07
  2203   0.927776E-06   0.383151E-07
  2204   0.922088E-06   0.380971E-07
  2205   0.916435E-06   0.378804E-07
  2206   0.910817E-06   0.376649E-07
  2207   0.905233E-06   0.374506E-07
  2208   0.899684E-06   0.372375E-07
  2209   0.894168E-06   0.370256E-07
  2210   0.888687E-06   0.368150E-07
  2211   0.883239E-06   0.366055E-07
  2212   0.877824E-06   0.363972E-07
  2213   0.872442E-06   0.361900E-07
  2214   0.867094E-06   0.359841E-07
  2215   0.861778E-06   0.357793E-07
  2216   0.856495E-06   0.355757E-07
  2217   0.851244E-06   0.353732E-07
  2218   0.846026E-06   0.351719E-07
  2219   0.840839E-06   0.349717E-07
  2220   0.835685E-06   0.347726E-07
  2221   0.830561E-06   0.345747E-07
  2222   0.825470E-06   0.343779E-07
  2223   0.820409E-06   0.341822E-07
  2224   0.815380E-06   0.339876E-07
  2225   0.810381E-06   0.337941E-07
  2226   0.805413E-06   0.336017E-07
  2227   0.800475E-06   0.334104E-07
  2228   0.795568E-06   0.332201E-07
  2229   0.790691E-06   0.330310E-07
  2230   0.785843E-06   0.328429E-07
  2231   0.781026E-06   0.326559E-07
  2232   0.776238E-06   0.324699E-07
  2233   0.771479E-06   0.322850E-07
  2234   0.766749E-06   0.321012E-07
  2235   0.762049E-06   0.319183E-07
  2236   0.757377E-06   0.317366E-07
  2237   0.752734E-06   0.315558E-07
  2238   0.748119E-06   0.313761E-07
  2239   0.743533E-06   0.311974E-07
  2240   0.738975E-06   0.310197E-07
  2241   0.734445E-06   0.308430E-07
  2242   0.729942E-06   0.306673E-07
  2243   0.725467E-06   0.304926E-07
  2244   0.721020E-06   0.303189E-07
  2245   0.716600E-06   0.301461E-07
  2246   0.712206E-06   0.299744E-07
  2247   0.707840E-06   0.298036E-07
  2248   0.703501E-06   0.296338E-07
  2249   0.699188E-06   0.294649E-07
  2250   0.694902E-06   0.292970E-07
  2251   0.690642E-06   0.291301E-07
  2252   0.686408E-06   0.289641E-07
  2253   0.682200E-06   0.287991E-07
  2254   0.678017E-06   0.286349E-07
  2255   0.673861E-06   0.284717E-07
  2256   0.669730E-06   0.283095E-07
  2257   0.665624E-06   0.281481E-07
  2258   0.661543E-06   0.279877E-07
  2259   0.657488E-06   0.278282E-07
  2260   0.653457E-06   0.276695E-07
  2261   0.649451E-06   0.275118E-07
  2262   0.645470E-06   0.273550E-07
  2263   0.641513E-06   0.271991E-07
  2264   0.637580E-06   0.270440E-07
  2265   0.633671E-06   0.268898E-07
  2266   0.629786E-06   0.267365E-07
  2267   0.625925E-06   0.265841E-07
  2268   0.622088E-06   0.264325E-07
  2269   0.618275E-06   0.262818E-07
  2270   0.614484E-06   0.261319E-07
  2271   0.610717E-06   0.259829E-07
  2272   0.606973E-06   0.258348E-07
  2273   0.603252E-06   0.256875E-07
  2274   0.599554E-06   0.255410E-07
  2275   0.595878E-06   0.253953E-07
  2276   0.592225E-06   0.252505E-07
  2277   0.588595E-06   0.251065E-07
  2278   0.584986E-06   0.249633E-07
  2279   0.581400E-06   0.248209E-07
  2280   0.577836E-06   0.246793E-07
  2281   0.574293E-06   0.245385E-07
  2282   0.570773E-06   0.243986E-07
  2283   0.567273E-06   0.242594E-07
  2284   0.563796E-06   0.241210E-07
  2285   0.560339E-06   0.239834E-07
  2286   0.556904E-06   0.238466E-07
  2287   0.553490E-06   0.237105E-07
  2288   0.550097E-06   0.235752E-07
  2289   0.546725E-06   0.234407E-07
  2290   0.543373E-06   0.233070E-07
  2291   0.540042E-06   0.231740E-07
  2292   0.536731E-06   0.230418E-07
  2293   0.533441E-06   0.229103E-07
  2294   0.530170E-06   0.227795E-07
  2295   0.526920E-06   0.226495E-07
  2296   0.523690E-06   0.225203E-07
  2297   0.520479E-06   0.223918E-07
  2298   0.517289E-06   0.222640E-07
  2299   0.514117E-06   0.221369E-07
  2300   0.510966E-06   0.220105E-07
  2301   0.507833E-06   0.218849E-07
  2302   0.504720E-06   0.217600E-07
  2303   0.501626E-06   0.216358E-07
  2304   0.498551E-06   0.215123E-07
  2305   0.495494E-06   0.213895E-07
  2306   0.492457E-06   0.212674E-07
  2307   0.489438E-06   0.211459E-07
  2308   0.486437E-06   0.210252E-07
  2309   0.483455E-06   0.209052E-07
  2310   0.480491E-06   0.207858E-07
  2311   0.477545E-06   0.206671E-07
  2312   0.474618E-06   0.205491E-07
  2313   0.471708E-06   0.204318E-07
  2314   0.468816E-06   0.203151E-07
  2315   0.465942E-06   0.201991E-07
  2316   0.463086E-06   0.200838E-07
  2317   0.460247E-06   0.199691E-07
  2318   0.457425E-06   0.198550E-07
  2319   0.454621E-06   0.197416E-07
  2320   0.451834E-06   0.196289E-07
  2321   0.449064E-06   0.195168E-07
  2322   0.446311E-06   0.194053E-07
  2323   0.443575E-06   0.192944E-07
  2324   0.440856E-06   0.191842E-07
  2325   0.438153E-06   0.190746E-07
  2326   0.435467E-06   0.189657E-07
  2327   0.432797E-06   0.188573E-07
  2328   0.430144E-06   0.187496E-07
  2329   0.427507E-06   0.186425E-07
  2330   0.424886E-06   0.185360E-07
  2331   0.422282E-06   0.184301E-07
  2332   0.419693E-06   0.183248E-07
  2333   0.417120E-06   0.182201E-07
  2334   0.414563E-06   0.181160E-07
  2335   0.412021E-06   0.180124E-07
  2336   0.409495E-06   0.179095E-07
  2337   0.406985E-06   0.178072E-07
  2338   0.404490E-06   0.177054E-07
  2339   0.402010E-06   0.176042E-07
  2340   0.399546E-06   0.175036E-07
  2341   0.397096E-06   0.174036E-07
  2342   0.394662E-06   0.173041E-07
  2343   0.392242E-06   0.172052E-07
  2344   0.389838E-06   0.171069E-07
  2345   0.387448E-06   0.170091E-07
  2346   0.385073E-06   0.169119E-07
  2347   0.382712E-06   0.168152E-07
  2348   0.380366E-06   0.167191E-07
  2349   0.378034E-06   0.166235E-07
  2350   0.375716E-06   0.165284E-07
  2351   0.373413E-06   0.164340E-07
  2352   0.371124E-06   0.163400E-07
  2353   0.368849E-06   0.162466E-07
  2354   0.366587E-06   0.161537E-07
  2355   0.364340E-06   0.160613E-07
  2356   0.362106E-06   0.159695E-07
  2357   0.359887E-06   0.158782E-07
  2358   0.357680E-06   0.157874E-07
  2359   0.355488E-06   0.156971E-07
  2360   0.353308E-06   0.156073E-07
  2361   0.351142E-06   0.155181E-07
  2362   0.348990E-06   0.154293E-07
  2363   0.346850E-06   0.153411E-07
  2364   0.344724E-06   0.152533E-07
  2365   0.342610E-06   0.151661E-07
  2366   0.340510E-06   0.150793E-07
  2367   0.338423E-06   0.149931E-07
  2368   0.336348E-06   0.149073E-07
  2369   0.334286E-06   0.148221E-07
  2370   0.332237E-06   0.147373E-07
  2371   0.330200E-06   0.146530E-07
  2372   0.328175E-06   0.145691E-07
  2373   0.326164E-06   0.144858E-07
  2374   0.324164E-06   0.144029E-07
  2375   0.322177E-06   0.143205E-07
  2376   0.320202E-06   0.142386E-07
  2377   0.318239E-06   0.141571E-07
  2378   0.316288E-06   0.140761E-07
  2379   0.314349E-06   0.139956E-07
  2380   0.312422E-06   0.139155E-07
  2381   0.310506E-06   0.138358E-07
  2382   0.308603E-06   0.137567E-07
  2383   0.306711E-06   0.136779E-07
  2384   0.304831E-06   0.135997E-07
  2385   0.302962E-06   0.135218E-07
  2386   0.301105E-06   0.134444E-07
  2387   0.299259E-06   0.133675E-07
  2388   0.297424E-06   0.132910E-07
  2389   0.295601E-06   0.132149E-07
  2390   0.293788E-06   0.131393E-07
  2391   0.291987E-06   0.130641E-07
  2392   0.290197E-06   0.129893E-07
  2393   0.288418E-06   0.129149E-07
  2394   0.286650E-06   0.128410E-07
  2395   0.284893E-06   0.127675E-07
  2396   0.283146E-06   0.126944E-07
  2397   0.281410E-06   0.126217E-07
  2398   0.279685E-06   0.125494E-07
  2399   0.277971E-06   0.124776E-07
  2400   0.276267E-06   0.124061E-07
  2401   0.274573E-06   0.123351E-07
  2402   0.272890E-06   0.122645E-07
  2403   0.271217E-06   0.121942E-07
  2404   0.269554E-06   0.121244E-07
  2405   0.267902E-06   0.120550E-07
  2406   0.266259E-06   0.119859E-07
  2407   0.264627E-06   0.119173E-07
  2408   0.263005E-06   0.118490E-07
  2409   0.261392E-06   0.117812E-07
  2410   0.259790E-06   0.117137E-07
  2411   0.258197E-06   0.116466E-07
  2412   0.256614E-06   0.115799E-07
  2413   0.255041E-06   0.115136E-07
  2414   0.253478E-06   0.114476E-07
  2415   0.251924E-06   0.113821E-07
  2416   0.250379E-06   0.113169E-07
  2417   0.248844E-06   0.112520E-07
  2418   0.247319E-06   0.111876E-07
  2419   0.245803E-06   0.111235E-07
  2420   0.244296E-06   0.110597E-07
  2421   0.242798E-06   0.109964E-07
  2422   0.241310E-06   0.109334E-07
  2423   0.239830E-06   0.108707E-07
  2424   0.238360E-06   0.108084E-07
  2425   0.236899E-06   0.107465E-07
  2426   0.235446E-06   0.106849E-07
  2427   0.234003E-06   0.106237E-07
  2428   0.232568E-06   0.105628E-07
  2429   0.231143E-06   0.105023E-07
  2430   0.229726E-06   0.104421E-07
  2431   0.228317E-06   0.103823E-07
  2432   0.226918E-06   0.103228E-07
  2433   0.225526E-06   0.102636E-07
  2434   0.224144E-06   0.102048E-07
  2435   0.222770E-06   0.101463E-07
  2436   0.221404E-06   0.100881E-07
  2437   0.220047E-06   0.100303E-07
  2438   0.218698E-06   0.997280E-08
  2439   0.217357E-06   0.991564E-08
  2440   0.216025E-06   0.985880E-08
  2441   0.214700E-06   0.980228E-08
  2442   0.213384E-06   0.974608E-08
  2443   0.212076E-06   0.969021E-08
  2444   0.210776E-06   0.963465E-08
  2445   0.209484E-06   0.957941E-08
  2446   0.208199E-06   0.952449E-08
  2447   0.206923E-06   0.946988E-08
  2448   0.205654E-06   0.941558E-08
  2449   0.204394E-06   0.936159E-08
  2450   0.203141E-06   0.930791E-08
  2451   0.201895E-06   0.925454E-08
  2452   0.200658E-06   0.920147E-08
  2453   0.199427E-06   0.914870E-08
  2454   0.198205E-06   0.909623E-08
  2455   0.196990E-06   0.904407E-08
  2456   0.195782E-06   0.899220E-08
  2457   0.194582E-06   0.894062E-08
  2458   0.193389E-06   0.888934E-08
  2459   0.192203E-06   0.883836E-08
  2460   0.191025E-06   0.878766E-08
  2461   0.189854E-06   0.873726E-08
  2462   0.188690E-06   0.868714E-08
  2463   0.187533E-06   0.863731E-08
  2464   0.186384E-06   0.858776E-08
  2465   0.185241E-06   0.853849E-08
  2466   0.184105E-06   0.848951E-08
  2467   0.182977E-06   0.844081E-08
  2468   0.181855E-06   0.839238E-08
  2469   0.180740E-06   0.834423E-08
  2470   0.179632E-06   0.829636E-08
  2471   0.178531E-06   0.824875E-08
  2472   0.177436E-06   0.820142E-08
  2473   0.176349E-06   0.815437E-08
  2474   0.175268E-06   0.810757E-08
  2475   0.174193E-06   0.806105E-08
  2476   0.173125E-06   0.801479E-08
  2477   0.172064E-06   0.796880E-08
  2478   0.171009E-06   0.792307E-08
  2479   0.169961E-06   0.787760E-08
  2480   0.168919E-06   0.783239E-08
  2481   0.167883E-06   0.778744E-08
  2482   0.166854E-06   0.774274E-08
  2483   0.165831E-06   0.769830E-08
  2484   0.164814E-06   0.765411E-08
  2485   0.163804E-06   0.761018E-08
  2486   0.162800E-06   0.756650E-08
  2487   0.161802E-06   0.752306E-08
  2488   0.160810E-06   0.747988E-08
  2489   0.159824E-06   0.743694E-08
  2490   0.158844E-06   0.739425E-08
  2491   0.157870E-06   0.735180E-08
  2492   0.156903E-06   0.730959E-08
  2493   0.155941E-06   0.726762E-08
  2494   0.154985E-06   0.722590E-08
  2495   0.154035E-06   0.718441E-08
  2496   0.153090E-06   0.714316E-08
  2497   0.152152E-06   0.710215E-08
  2498   0.151219E-06   0.706136E-08
  2499   0.150292E-06   0.702082E-08
  2500   0.149371E-06   0.698050E-08
  2501   0.148455E-06   0.694042E-08
  2502   0.147545E-06   0.690056E-08
  2503   0.146640E-06   0.686093E-08
  2504   0.145741E-06   0.682153E-08
  2505   0.144848E-06   0.678235E-08
  2506   0.143960E-06   0.674340E-08
  2507   0.143077E-06   0.670467E-08
  2508   0.142200E-06   0.666616E-08
  2509   0.141328E-06   0.662787E-08
  2510   0.140462E-06   0.658980E-08
  2511   0.139601E-06   0.655195E-08
  2512   0.138745E-06   0.651431E-08
  2513   0.137894E-06   0.647689E-08
  2514   0.137049E-06   0.643969E-08
  2515   0.136209E-06   0.640269E-08
  2516   0.135374E-06   0.636591E-08
  2517   0.134544E-06   0.632934E-08
  2518   0.133719E-06   0.629298E-08
  2519   0.132899E-06   0.625682E-08
  2520   0.132085E-06   0.622087E-08
  2521   0.131275E-06   0.618513E-08
  2522   0.130470E-06   0.614959E-08
  2523   0.129670E-06   0.611425E-08
  2524   0.128875E-06   0.607912E-08
  2525   0.128085E-06   0.604419E-08
  2526   0.127300E-06   0.600946E-08
  2527   0.126520E-06   0.597492E-08
  2528   0.125744E-06   0.594059E-08
  2529   0.124973E-06   0.590645E-08
  2530   0.124207E-06   0.587250E-08
  2531   0.123446E-06   0.583875E-08
  2532   0.122689E-06   0.580519E-08
  2533   0.121937E-06   0.577183E-08
  2534   0.121189E-06   0.573865E-08
  2535   0.120446E-06   0.570567E-08
  2536   0.119708E-06   0.567287E-08
  2537   0.118974E-06   0.564027E-08
  2538   0.118244E-06   0.560784E-08
  2539   0.117520E-06   0.557561E-08
  2540   0.116799E-06   0.554356E-08
  2541   0.116083E-06   0.551169E-08
  2542   0.115371E-06   0.548000E-08
  2543   0.114664E-06   0.544850E-08
  2544   0.113961E-06   0.541717E-08
  2545   0.113263E-06   0.538603E-08
  2546   0.112568E-06   0.535506E-08
  2547   0.111878E-06   0.532427E-08
  2548   0.111192E-06   0.529365E-08
  2549   0.110511E-06   0.526322E-08
  2550   0.109833E-06   0.523295E-08
  2551   0.109160E-06   0.520286E-08
  2552   0.108491E-06   0.517294E-08
  2553   0.107825E-06   0.514319E-08
  2554   0.107164E-06   0.511362E-08
  2555   0.106507E-06   0.508421E-08
  2556   0.105855E-06   0.505497E-08
  2557   0.105206E-06   0.502590E-08
  2558   0.104561E-06   0.499699E-08
  2559   0.103920E-06   0.496825E-08
  2560   0.103283E-06   0.493968E-08
  2561   0.102649E-06   0.491126E-08
  2562   0.102020E-06   0.488301E-08
  2563   0.101395E-06   0.485493E-08
  2564   0.100773E-06   0.482700E-08
  2565   0.100155E-06   0.479923E-08
  2566   0.995413E-07   0.477162E-08
