Iter     SteadyRMS     UnsteadyRMS
     1   0.703872       0.133710E-04
     2   0.699557       0.265779E-04
     3   0.695269       0.396220E-04
     4   0.691006       0.525050E-04
     5   0.686770       0.652283E-04
     6   0.682559       0.777933E-04
     7   0.678375       0.902016E-04
     8   0.674216       0.102455E-03
     9   0.670083       0.114554E-03
    10   0.665975       0.126500E-03
    11   0.661892       0.138296E-03
    12   0.657834       0.149942E-03
    13   0.653801       0.161440E-03
    14   0.649793       0.172791E-03
    15   0.645809       0.183996E-03
    16   0.641850       0.195058E-03
    17   0.637915       0.205976E-03
    18   0.634004       0.216753E-03
    19   0.630117       0.227390E-03
    20   0.626254       0.237889E-03
    21   0.622415       0.248249E-03
    22   0.618599       0.258474E-03
    23   0.614807       0.268563E-03
    24   0.611038       0.278519E-03
    25   0.607292       0.288343E-03
    26   0.603568       0.298035E-03
    27   0.599868       0.307598E-03
    28   0.596191       0.317032E-03
    29   0.592536       0.326338E-03
    30   0.588903       0.335519E-03
    31   0.585293       0.344574E-03
    32   0.581704       0.353505E-03
    33   0.578138       0.362314E-03
    34   0.574594       0.371001E-03
    35   0.571071       0.379568E-03
    36   0.567570       0.388015E-03
    37   0.564091       0.396345E-03
    38   0.560632       0.404558E-03
    39   0.557195       0.412654E-03
    40   0.553779       0.420637E-03
    41   0.550384       0.428505E-03
    42   0.547010       0.436261E-03
    43   0.543657       0.443906E-03
    44   0.540324       0.451441E-03
    45   0.537011       0.458866E-03
    46   0.533719       0.466183E-03
    47   0.530447       0.473392E-03
    48   0.527195       0.480496E-03
    49   0.523963       0.487495E-03
    50   0.520751       0.494389E-03
    51   0.517558       0.501181E-03
    52   0.514385       0.507870E-03
    53   0.511232       0.514458E-03
    54   0.508097       0.520947E-03
    55   0.504983       0.527336E-03
    56   0.501887       0.533627E-03
    57   0.498810       0.539821E-03
    58   0.495752       0.545919E-03
    59   0.492712       0.551922E-03
    60   0.489692       0.557830E-03
    61   0.486690       0.563645E-03
    62   0.483706       0.569368E-03
    63   0.480741       0.574999E-03
    64   0.477793       0.580539E-03
    65   0.474864       0.585990E-03
    66   0.471953       0.591352E-03
    67   0.469060       0.596625E-03
    68   0.466184       0.601812E-03
    69   0.463326       0.606913E-03
    70   0.460485       0.611928E-03
    71   0.457662       0.616859E-03
    72   0.454857       0.621706E-03
    73   0.452068       0.626471E-03
    74   0.449297       0.631153E-03
    75   0.446542       0.635755E-03
    76   0.443805       0.640276E-03
    77   0.441084       0.644718E-03
    78   0.438380       0.649080E-03
    79   0.435692       0.653366E-03
    80   0.433021       0.657573E-03
    81   0.430366       0.661705E-03
    82   0.427728       0.665761E-03
    83   0.425106       0.669743E-03
    84   0.422499       0.673650E-03
    85   0.419909       0.677484E-03
    86   0.417335       0.681246E-03
    87   0.414776       0.684936E-03
    88   0.412234       0.688555E-03
    89   0.409706       0.692103E-03
    90   0.407195       0.695582E-03
    91   0.404698       0.698993E-03
    92   0.402217       0.702335E-03
    93   0.399751       0.705610E-03
    94   0.397301       0.708818E-03
    95   0.394865       0.711960E-03
    96   0.392444       0.715037E-03
    97   0.390038       0.718049E-03
    98   0.387647       0.720997E-03
    99   0.385270       0.723882E-03
   100   0.382908       0.726705E-03
   101   0.380561       0.729465E-03
   102   0.378228       0.732164E-03
   103   0.375909       0.734803E-03
   104   0.373605       0.737381E-03
   105   0.371314       0.739900E-03
   106   0.369038       0.742360E-03
   107   0.366775       0.744763E-03
   108   0.364527       0.747107E-03
   109   0.362292       0.749395E-03
   110   0.360071       0.751627E-03
   111   0.357863       0.753803E-03
   112   0.355670       0.755924E-03
   113   0.353489       0.757990E-03
   114   0.351322       0.760003E-03
   115   0.349168       0.761962E-03
   116   0.347027       0.763869E-03
   117   0.344900       0.765723E-03
   118   0.342786       0.767526E-03
   119   0.340684       0.769278E-03
   120   0.338595       0.770979E-03
   121   0.336520       0.772631E-03
   122   0.334457       0.774233E-03
   123   0.332406       0.775786E-03
   124   0.330368       0.777291E-03
   125   0.328343       0.778749E-03
   126   0.326330       0.780159E-03
   127   0.324329       0.781522E-03
   128   0.322341       0.782840E-03
   129   0.320365       0.784111E-03
   130   0.318401       0.785338E-03
   131   0.316449       0.786520E-03
   132   0.314509       0.787658E-03
   133   0.312581       0.788752E-03
   134   0.310664       0.789803E-03
   135   0.308760       0.790811E-03
   136   0.306867       0.791778E-03
   137   0.304986       0.792702E-03
   138   0.303116       0.793586E-03
   139   0.301257       0.794428E-03
   140   0.299411       0.795231E-03
   141   0.297575       0.795993E-03
   142   0.295751       0.796716E-03
   143   0.293938       0.797401E-03
   144   0.292136       0.798047E-03
   145   0.290345       0.798655E-03
   146   0.288565       0.799225E-03
   147   0.286795       0.799758E-03
   148   0.285037       0.800255E-03
   149   0.283290       0.800715E-03
   150   0.281553       0.801139E-03
   151   0.279827       0.801529E-03
   152   0.278111       0.801883E-03
   153   0.276406       0.802202E-03
   154   0.274712       0.802488E-03
   155   0.273028       0.802739E-03
   156   0.271354       0.802958E-03
   157   0.269690       0.803143E-03
   158   0.268037       0.803296E-03
   159   0.266394       0.803416E-03
   160   0.264761       0.803505E-03
   161   0.263137       0.803563E-03
   162   0.261524       0.803589E-03
   163   0.259921       0.803585E-03
   164   0.258327       0.803551E-03
   165   0.256744       0.803486E-03
   166   0.255170       0.803393E-03
   167   0.253605       0.803270E-03
   168   0.252051       0.803118E-03
   169   0.250505       0.802938E-03
   170   0.248970       0.802730E-03
   171   0.247443       0.802494E-03
   172   0.245926       0.802231E-03
   173   0.244419       0.801940E-03
   174   0.242920       0.801624E-03
   175   0.241431       0.801280E-03
   176   0.239951       0.800911E-03
   177   0.238480       0.800516E-03
   178   0.237018       0.800096E-03
   179   0.235565       0.799650E-03
   180   0.234120       0.799180E-03
   181   0.232685       0.798686E-03
   182   0.231259       0.798168E-03
   183   0.229841       0.797625E-03
   184   0.228432       0.797060E-03
   185   0.227031       0.796471E-03
   186   0.225639       0.795859E-03
   187   0.224256       0.795225E-03
   188   0.222881       0.794569E-03
   189   0.221515       0.793891E-03
   190   0.220157       0.793191E-03
   191   0.218807       0.792470E-03
   192   0.217466       0.791727E-03
   193   0.216133       0.790964E-03
   194   0.214808       0.790181E-03
   195   0.213491       0.789377E-03
   196   0.212182       0.788554E-03
   197   0.210881       0.787710E-03
   198   0.209588       0.786848E-03
   199   0.208303       0.785966E-03
   200   0.207026       0.785066E-03
   201   0.205757       0.784146E-03
   202   0.204496       0.783209E-03
   203   0.203242       0.782253E-03
   204   0.201996       0.781280E-03
   205   0.200758       0.780289E-03
   206   0.199527       0.779281E-03
   207   0.198304       0.778256E-03
   208   0.197088       0.777214E-03
   209   0.195880       0.776156E-03
   210   0.194679       0.775081E-03
   211   0.193485       0.773990E-03
   212   0.192299       0.772883E-03
   213   0.191120       0.771761E-03
   214   0.189948       0.770623E-03
   215   0.188784       0.769471E-03
   216   0.187627       0.768303E-03
   217   0.186476       0.767121E-03
   218   0.185333       0.765924E-03
   219   0.184197       0.764713E-03
   220   0.183068       0.763488E-03
   221   0.181945       0.762249E-03
   222   0.180830       0.760997E-03
   223   0.179721       0.759731E-03
   224   0.178619       0.758452E-03
   225   0.177524       0.757161E-03
   226   0.176436       0.755856E-03
   227   0.175354       0.754539E-03
   228   0.174279       0.753210E-03
   229   0.173211       0.751868E-03
   230   0.172149       0.750515E-03
   231   0.171094       0.749150E-03
   232   0.170045       0.747773E-03
   233   0.169002       0.746385E-03
   234   0.167966       0.744986E-03
   235   0.166936       0.743576E-03
   236   0.165913       0.742155E-03
   237   0.164896       0.740723E-03
   238   0.163885       0.739281E-03
   239   0.162880       0.737829E-03
   240   0.161882       0.736367E-03
   241   0.160889       0.734895E-03
   242   0.159903       0.733413E-03
   243   0.158922       0.731922E-03
   244   0.157948       0.730422E-03
   245   0.156980       0.728912E-03
   246   0.156017       0.727393E-03
   247   0.155061       0.725866E-03
   248   0.154110       0.724330E-03
   249   0.153166       0.722785E-03
   250   0.152227       0.721232E-03
   251   0.151293       0.719671E-03
   252   0.150366       0.718102E-03
   253   0.149444       0.716524E-03
   254   0.148528       0.714940E-03
   255   0.147617       0.713347E-03
   256   0.146712       0.711748E-03
   257   0.145813       0.710141E-03
   258   0.144919       0.708527E-03
   259   0.144030       0.706906E-03
   260   0.143147       0.705278E-03
   261   0.142270       0.703643E-03
   262   0.141398       0.702002E-03
   263   0.140531       0.700355E-03
   264   0.139669       0.698701E-03
   265   0.138813       0.697041E-03
   266   0.137962       0.695376E-03
   267   0.137116       0.693704E-03
   268   0.136276       0.692027E-03
   269   0.135440       0.690344E-03
   270   0.134610       0.688656E-03
   271   0.133785       0.686963E-03
   272   0.132964       0.685264E-03
   273   0.132149       0.683560E-03
   274   0.131339       0.681852E-03
   275   0.130534       0.680138E-03
   276   0.129734       0.678420E-03
   277   0.128938       0.676698E-03
   278   0.128148       0.674971E-03
   279   0.127362       0.673239E-03
   280   0.126581       0.671504E-03
   281   0.125805       0.669764E-03
   282   0.125034       0.668021E-03
   283   0.124267       0.666273E-03
   284   0.123506       0.664522E-03
   285   0.122748       0.662767E-03
   286   0.121996       0.661009E-03
   287   0.121248       0.659248E-03
   288   0.120505       0.657483E-03
   289   0.119766       0.655715E-03
   290   0.119032       0.653944E-03
   291   0.118302       0.652169E-03
   292   0.117577       0.650392E-03
   293   0.116856       0.648613E-03
   294   0.116139       0.646830E-03
   295   0.115427       0.645045E-03
   296   0.114720       0.643258E-03
   297   0.114017       0.641468E-03
   298   0.113318       0.639676E-03
   299   0.112623       0.637882E-03
   300   0.111932       0.636085E-03
   301   0.111246       0.634287E-03
   302   0.110564       0.632487E-03
   303   0.109886       0.630685E-03
   304   0.109213       0.628881E-03
   305   0.108543       0.627075E-03
   306   0.107878       0.625269E-03
   307   0.107216       0.623460E-03
   308   0.106559       0.621650E-03
   309   0.105906       0.619839E-03
   310   0.105256       0.618027E-03
   311   0.104611       0.616214E-03
   312   0.103970       0.614400E-03
   313   0.103332       0.612584E-03
   314   0.102699       0.610768E-03
   315   0.102069       0.608951E-03
   316   0.101444       0.607133E-03
   317   0.100822       0.605315E-03
   318   0.100204       0.603496E-03
   319   0.995892E-01   0.601677E-03
   320   0.989787E-01   0.599857E-03
   321   0.983719E-01   0.598037E-03
   322   0.977688E-01   0.596216E-03
   323   0.971694E-01   0.594396E-03
   324   0.965737E-01   0.592575E-03
   325   0.959817E-01   0.590754E-03
   326   0.953932E-01   0.588934E-03
   327   0.948084E-01   0.587113E-03
   328   0.942272E-01   0.585293E-03
   329   0.936495E-01   0.583472E-03
   330   0.930754E-01   0.581652E-03
   331   0.925048E-01   0.579833E-03
   332   0.919376E-01   0.578014E-03
   333   0.913740E-01   0.576195E-03
   334   0.908138E-01   0.574377E-03
   335   0.902571E-01   0.572559E-03
   336   0.897037E-01   0.570742E-03
   337   0.891538E-01   0.568926E-03
   338   0.886072E-01   0.567111E-03
   339   0.880640E-01   0.565296E-03
   340   0.875241E-01   0.563482E-03
   341   0.869876E-01   0.561670E-03
   342   0.864543E-01   0.559858E-03
   343   0.859242E-01   0.558047E-03
   344   0.853975E-01   0.556238E-03
   345   0.848739E-01   0.554430E-03
   346   0.843536E-01   0.552623E-03
   347   0.838365E-01   0.550817E-03
   348   0.833225E-01   0.549012E-03
   349   0.828117E-01   0.547209E-03
   350   0.823040E-01   0.545408E-03
   351   0.817994E-01   0.543608E-03
   352   0.812979E-01   0.541809E-03
   353   0.807995E-01   0.540012E-03
   354   0.803042E-01   0.538217E-03
   355   0.798118E-01   0.536423E-03
   356   0.793225E-01   0.534631E-03
   357   0.788363E-01   0.532841E-03
   358   0.783529E-01   0.531053E-03
   359   0.778726E-01   0.529266E-03
   360   0.773952E-01   0.527482E-03
   361   0.769207E-01   0.525699E-03
   362   0.764491E-01   0.523919E-03
   363   0.759804E-01   0.522140E-03
   364   0.755146E-01   0.520364E-03
   365   0.750517E-01   0.518590E-03
   366   0.745916E-01   0.516818E-03
   367   0.741343E-01   0.515048E-03
   368   0.736798E-01   0.513280E-03
   369   0.732281E-01   0.511515E-03
   370   0.727791E-01   0.509752E-03
   371   0.723330E-01   0.507991E-03
   372   0.718895E-01   0.506233E-03
   373   0.714488E-01   0.504477E-03
   374   0.710108E-01   0.502724E-03
   375   0.705754E-01   0.500973E-03
   376   0.701427E-01   0.499224E-03
   377   0.697127E-01   0.497479E-03
   378   0.692853E-01   0.495736E-03
   379   0.688606E-01   0.493995E-03
   380   0.684384E-01   0.492257E-03
   381   0.680188E-01   0.490522E-03
   382   0.676018E-01   0.488790E-03
   383   0.671874E-01   0.487061E-03
   384   0.667755E-01   0.485334E-03
   385   0.663661E-01   0.483610E-03
   386   0.659593E-01   0.481889E-03
   387   0.655549E-01   0.480171E-03
   388   0.651530E-01   0.478456E-03
   389   0.647536E-01   0.476744E-03
   390   0.643566E-01   0.475034E-03
   391   0.639620E-01   0.473328E-03
   392   0.635699E-01   0.471625E-03
   393   0.631802E-01   0.469925E-03
   394   0.627928E-01   0.468228E-03
   395   0.624079E-01   0.466534E-03
   396   0.620253E-01   0.464844E-03
   397   0.616450E-01   0.463156E-03
   398   0.612671E-01   0.461472E-03
   399   0.608915E-01   0.459791E-03
   400   0.605182E-01   0.458113E-03
   401   0.601472E-01   0.456438E-03
   402   0.597784E-01   0.454767E-03
   403   0.594120E-01   0.453099E-03
   404   0.590477E-01   0.451434E-03
   405   0.586857E-01   0.449773E-03
   406   0.583260E-01   0.448115E-03
   407   0.579684E-01   0.446461E-03
   408   0.576130E-01   0.444809E-03
   409   0.572598E-01   0.443162E-03
   410   0.569087E-01   0.441518E-03
   411   0.565599E-01   0.439877E-03
   412   0.562131E-01   0.438240E-03
   413   0.558685E-01   0.436606E-03
   414   0.555260E-01   0.434976E-03
   415   0.551856E-01   0.433349E-03
   416   0.548473E-01   0.431726E-03
   417   0.545110E-01   0.430107E-03
   418   0.541768E-01   0.428491E-03
   419   0.538447E-01   0.426879E-03
   420   0.535146E-01   0.425271E-03
   421   0.531865E-01   0.423666E-03
   422   0.528604E-01   0.422065E-03
   423   0.525364E-01   0.420467E-03
   424   0.522143E-01   0.418873E-03
   425   0.518942E-01   0.417283E-03
   426   0.515760E-01   0.415697E-03
   427   0.512598E-01   0.414114E-03
   428   0.509456E-01   0.412535E-03
   429   0.506333E-01   0.410960E-03
   430   0.503228E-01   0.409389E-03
   431   0.500143E-01   0.407822E-03
   432   0.497077E-01   0.406258E-03
   433   0.494030E-01   0.404698E-03
   434   0.491001E-01   0.403142E-03
   435   0.487991E-01   0.401590E-03
   436   0.484999E-01   0.400042E-03
   437   0.482026E-01   0.398498E-03
   438   0.479071E-01   0.396957E-03
   439   0.476134E-01   0.395420E-03
   440   0.473215E-01   0.393888E-03
   441   0.470314E-01   0.392359E-03
   442   0.467430E-01   0.390834E-03
   443   0.464565E-01   0.389313E-03
   444   0.461716E-01   0.387796E-03
   445   0.458886E-01   0.386283E-03
   446   0.456073E-01   0.384774E-03
   447   0.453277E-01   0.383269E-03
   448   0.450498E-01   0.381768E-03
   449   0.447736E-01   0.380271E-03
   450   0.444991E-01   0.378777E-03
   451   0.442263E-01   0.377288E-03
   452   0.439552E-01   0.375803E-03
   453   0.436857E-01   0.374322E-03
   454   0.434179E-01   0.372845E-03
   455   0.431517E-01   0.371372E-03
   456   0.428871E-01   0.369903E-03
   457   0.426242E-01   0.368438E-03
   458   0.423629E-01   0.366977E-03
   459   0.421032E-01   0.365520E-03
   460   0.418451E-01   0.364067E-03
   461   0.415885E-01   0.362618E-03
   462   0.413336E-01   0.361173E-03
   463   0.410802E-01   0.359733E-03
   464   0.408283E-01   0.358296E-03
   465   0.405780E-01   0.356864E-03
   466   0.403292E-01   0.355435E-03
   467   0.400820E-01   0.354011E-03
   468   0.398363E-01   0.352591E-03
   469   0.395920E-01   0.351174E-03
   470   0.393493E-01   0.349762E-03
   471   0.391081E-01   0.348354E-03
   472   0.388683E-01   0.346951E-03
   473   0.386300E-01   0.345551E-03
   474   0.383932E-01   0.344155E-03
   475   0.381578E-01   0.342764E-03
   476   0.379239E-01   0.341376E-03
   477   0.376914E-01   0.339993E-03
   478   0.374603E-01   0.338614E-03
   479   0.372307E-01   0.337239E-03
   480   0.370024E-01   0.335868E-03
   481   0.367756E-01   0.334501E-03
   482   0.365501E-01   0.333138E-03
   483   0.363261E-01   0.331780E-03
   484   0.361033E-01   0.330425E-03
   485   0.358820E-01   0.329075E-03
   486   0.356620E-01   0.327729E-03
   487   0.354434E-01   0.326387E-03
   488   0.352261E-01   0.325049E-03
   489   0.350102E-01   0.323715E-03
   490   0.347955E-01   0.322385E-03
   491   0.345822E-01   0.321060E-03
   492   0.343702E-01   0.319738E-03
   493   0.341595E-01   0.318421E-03
   494   0.339501E-01   0.317108E-03
   495   0.337419E-01   0.315798E-03
   496   0.335351E-01   0.314494E-03
   497   0.333295E-01   0.313193E-03
   498   0.331251E-01   0.311896E-03
   499   0.329221E-01   0.310603E-03
   500   0.327202E-01   0.309315E-03
   501   0.325196E-01   0.308030E-03
   502   0.323203E-01   0.306750E-03
   503   0.321221E-01   0.305474E-03
   504   0.319252E-01   0.304202E-03
   505   0.317295E-01   0.302934E-03
   506   0.315350E-01   0.301670E-03
   507   0.313416E-01   0.300410E-03
   508   0.311495E-01   0.299155E-03
   509   0.309585E-01   0.297903E-03
   510   0.307687E-01   0.296656E-03
   511   0.305801E-01   0.295412E-03
   512   0.303926E-01   0.294173E-03
   513   0.302063E-01   0.292938E-03
   514   0.300211E-01   0.291707E-03
   515   0.298371E-01   0.290480E-03
   516   0.296541E-01   0.289257E-03
   517   0.294723E-01   0.288038E-03
   518   0.292916E-01   0.286823E-03
   519   0.291121E-01   0.285612E-03
   520   0.289336E-01   0.284405E-03
   521   0.287562E-01   0.283203E-03
   522   0.285799E-01   0.282004E-03
   523   0.284047E-01   0.280809E-03
   524   0.282306E-01   0.279619E-03
   525   0.280575E-01   0.278432E-03
   526   0.278855E-01   0.277250E-03
   527   0.277145E-01   0.276071E-03
   528   0.275446E-01   0.274897E-03
   529   0.273758E-01   0.273726E-03
   530   0.272079E-01   0.272560E-03
   531   0.270411E-01   0.271398E-03
   532   0.268753E-01   0.270239E-03
   533   0.267106E-01   0.269085E-03
   534   0.265468E-01   0.267934E-03
   535   0.263841E-01   0.266788E-03
   536   0.262223E-01   0.265645E-03
   537   0.260616E-01   0.264507E-03
   538   0.259018E-01   0.263372E-03
   539   0.257430E-01   0.262242E-03
   540   0.255852E-01   0.261115E-03
   541   0.254283E-01   0.259992E-03
   542   0.252724E-01   0.258874E-03
   543   0.251175E-01   0.257759E-03
   544   0.249635E-01   0.256648E-03
   545   0.248105E-01   0.255541E-03
   546   0.246584E-01   0.254438E-03
   547   0.245072E-01   0.253339E-03
   548   0.243570E-01   0.252244E-03
   549   0.242076E-01   0.251152E-03
   550   0.240592E-01   0.250065E-03
   551   0.239117E-01   0.248981E-03
   552   0.237651E-01   0.247902E-03
   553   0.236194E-01   0.246826E-03
   554   0.234746E-01   0.245754E-03
   555   0.233307E-01   0.244686E-03
   556   0.231877E-01   0.243622E-03
   557   0.230455E-01   0.242561E-03
   558   0.229042E-01   0.241505E-03
   559   0.227638E-01   0.240452E-03
   560   0.226243E-01   0.239403E-03
   561   0.224856E-01   0.238358E-03
   562   0.223477E-01   0.237317E-03
   563   0.222107E-01   0.236279E-03
   564   0.220745E-01   0.235246E-03
   565   0.219392E-01   0.234216E-03
   566   0.218047E-01   0.233190E-03
   567   0.216710E-01   0.232167E-03
   568   0.215382E-01   0.231149E-03
   569   0.214061E-01   0.230134E-03
   570   0.212749E-01   0.229123E-03
   571   0.211445E-01   0.228116E-03
   572   0.210148E-01   0.227112E-03
   573   0.208860E-01   0.226112E-03
   574   0.207580E-01   0.225116E-03
   575   0.206307E-01   0.224124E-03
   576   0.205042E-01   0.223135E-03
   577   0.203785E-01   0.222150E-03
   578   0.202536E-01   0.221168E-03
   579   0.201294E-01   0.220191E-03
   580   0.200060E-01   0.219217E-03
   581   0.198834E-01   0.218246E-03
   582   0.197615E-01   0.217280E-03
   583   0.196403E-01   0.216317E-03
   584   0.195199E-01   0.215357E-03
   585   0.194002E-01   0.214401E-03
   586   0.192813E-01   0.213449E-03
   587   0.191631E-01   0.212501E-03
   588   0.190456E-01   0.211556E-03
   589   0.189289E-01   0.210614E-03
   590   0.188128E-01   0.209676E-03
   591   0.186975E-01   0.208742E-03
   592   0.185828E-01   0.207811E-03
   593   0.184689E-01   0.206884E-03
   594   0.183557E-01   0.205961E-03
   595   0.182432E-01   0.205041E-03
   596   0.181313E-01   0.204124E-03
   597   0.180202E-01   0.203211E-03
   598   0.179097E-01   0.202302E-03
   599   0.177999E-01   0.201396E-03
   600   0.176908E-01   0.200494E-03
   601   0.175823E-01   0.199595E-03
   602   0.174745E-01   0.198699E-03
   603   0.173674E-01   0.197807E-03
   604   0.172609E-01   0.196919E-03
   605   0.171551E-01   0.196034E-03
   606   0.170499E-01   0.195152E-03
   607   0.169454E-01   0.194274E-03
   608   0.168415E-01   0.193399E-03
   609   0.167383E-01   0.192528E-03
   610   0.166356E-01   0.191660E-03
   611   0.165337E-01   0.190795E-03
   612   0.164323E-01   0.189934E-03
   613   0.163316E-01   0.189076E-03
   614   0.162314E-01   0.188222E-03
   615   0.161319E-01   0.187371E-03
   616   0.160330E-01   0.186523E-03
   617   0.159347E-01   0.185679E-03
   618   0.158370E-01   0.184838E-03
   619   0.157400E-01   0.184000E-03
   620   0.156435E-01   0.183166E-03
   621   0.155476E-01   0.182335E-03
   622   0.154522E-01   0.181507E-03
   623   0.153575E-01   0.180683E-03
   624   0.152634E-01   0.179862E-03
   625   0.151698E-01   0.179044E-03
   626   0.150768E-01   0.178229E-03
   627   0.149843E-01   0.177418E-03
   628   0.148925E-01   0.176610E-03
   629   0.148012E-01   0.175805E-03
   630   0.147104E-01   0.175003E-03
   631   0.146203E-01   0.174205E-03
   632   0.145306E-01   0.173409E-03
   633   0.144415E-01   0.172617E-03
   634   0.143530E-01   0.171828E-03
   635   0.142650E-01   0.171043E-03
   636   0.141776E-01   0.170260E-03
   637   0.140906E-01   0.169481E-03
   638   0.140043E-01   0.168705E-03
   639   0.139184E-01   0.167932E-03
   640   0.138331E-01   0.167162E-03
   641   0.137483E-01   0.166395E-03
   642   0.136640E-01   0.165631E-03
   643   0.135802E-01   0.164871E-03
   644   0.134970E-01   0.164113E-03
   645   0.134142E-01   0.163359E-03
   646   0.133320E-01   0.162607E-03
   647   0.132502E-01   0.161859E-03
   648   0.131690E-01   0.161114E-03
   649   0.130883E-01   0.160372E-03
   650   0.130080E-01   0.159633E-03
   651   0.129283E-01   0.158897E-03
   652   0.128490E-01   0.158164E-03
   653   0.127703E-01   0.157434E-03
   654   0.126920E-01   0.156707E-03
   655   0.126142E-01   0.155983E-03
   656   0.125368E-01   0.155261E-03
   657   0.124600E-01   0.154543E-03
   658   0.123836E-01   0.153828E-03
   659   0.123077E-01   0.153116E-03
   660   0.122322E-01   0.152407E-03
   661   0.121572E-01   0.151701E-03
   662   0.120827E-01   0.150997E-03
   663   0.120086E-01   0.150297E-03
   664   0.119350E-01   0.149599E-03
   665   0.118618E-01   0.148905E-03
   666   0.117891E-01   0.148213E-03
   667   0.117168E-01   0.147524E-03
   668   0.116450E-01   0.146838E-03
   669   0.115736E-01   0.146155E-03
   670   0.115027E-01   0.145475E-03
   671   0.114321E-01   0.144797E-03
   672   0.113620E-01   0.144123E-03
   673   0.112924E-01   0.143451E-03
   674   0.112232E-01   0.142782E-03
   675   0.111544E-01   0.142116E-03
   676   0.110860E-01   0.141452E-03
   677   0.110180E-01   0.140792E-03
   678   0.109505E-01   0.140134E-03
   679   0.108833E-01   0.139479E-03
   680   0.108166E-01   0.138827E-03
   681   0.107503E-01   0.138177E-03
   682   0.106844E-01   0.137531E-03
   683   0.106189E-01   0.136886E-03
   684   0.105538E-01   0.136245E-03
   685   0.104891E-01   0.135607E-03
   686   0.104248E-01   0.134971E-03
   687   0.103609E-01   0.134338E-03
   688   0.102973E-01   0.133707E-03
   689   0.102342E-01   0.133079E-03
   690   0.101715E-01   0.132454E-03
   691   0.101091E-01   0.131832E-03
   692   0.100471E-01   0.131212E-03
   693   0.998555E-02   0.130595E-03
   694   0.992433E-02   0.129980E-03
   695   0.986349E-02   0.129368E-03
   696   0.980302E-02   0.128759E-03
   697   0.974292E-02   0.128152E-03
   698   0.968319E-02   0.127548E-03
   699   0.962383E-02   0.126946E-03
   700   0.956483E-02   0.126347E-03
   701   0.950619E-02   0.125751E-03
   702   0.944791E-02   0.125157E-03
   703   0.938999E-02   0.124566E-03
   704   0.933242E-02   0.123977E-03
   705   0.927521E-02   0.123391E-03
   706   0.921834E-02   0.122807E-03
   707   0.916183E-02   0.122226E-03
   708   0.910566E-02   0.121647E-03
   709   0.904984E-02   0.121071E-03
   710   0.899436E-02   0.120498E-03
   711   0.893921E-02   0.119926E-03
   712   0.888441E-02   0.119358E-03
   713   0.882994E-02   0.118791E-03
   714   0.877581E-02   0.118228E-03
   715   0.872201E-02   0.117666E-03
   716   0.866854E-02   0.117107E-03
   717   0.861539E-02   0.116551E-03
   718   0.856258E-02   0.115997E-03
   719   0.851008E-02   0.115445E-03
   720   0.845791E-02   0.114896E-03
   721   0.840606E-02   0.114349E-03
   722   0.835452E-02   0.113804E-03
   723   0.830331E-02   0.113262E-03
   724   0.825240E-02   0.112723E-03
   725   0.820181E-02   0.112185E-03
   726   0.815153E-02   0.111650E-03
   727   0.810155E-02   0.111118E-03
   728   0.805188E-02   0.110587E-03
   729   0.800252E-02   0.110059E-03
   730   0.795346E-02   0.109533E-03
   731   0.790470E-02   0.109010E-03
   732   0.785624E-02   0.108489E-03
   733   0.780808E-02   0.107970E-03
   734   0.776021E-02   0.107453E-03
   735   0.771263E-02   0.106939E-03
   736   0.766535E-02   0.106427E-03
   737   0.761836E-02   0.105917E-03
   738   0.757165E-02   0.105410E-03
   739   0.752523E-02   0.104905E-03
   740   0.747910E-02   0.104402E-03
   741   0.743325E-02   0.103901E-03
   742   0.738767E-02   0.103402E-03
   743   0.734238E-02   0.102906E-03
   744   0.729737E-02   0.102412E-03
   745   0.725263E-02   0.101920E-03
   746   0.720817E-02   0.101430E-03
   747   0.716398E-02   0.100942E-03
   748   0.712006E-02   0.100457E-03
   749   0.707641E-02   0.999733E-04
   750   0.703303E-02   0.994921E-04
   751   0.698991E-02   0.990131E-04
   752   0.694706E-02   0.985362E-04
   753   0.690447E-02   0.980614E-04
   754   0.686214E-02   0.975887E-04
   755   0.682007E-02   0.971181E-04
   756   0.677826E-02   0.966497E-04
   757   0.673670E-02   0.961833E-04
   758   0.669540E-02   0.957190E-04
   759   0.665435E-02   0.952568E-04
   760   0.661356E-02   0.947966E-04
   761   0.657301E-02   0.943385E-04
   762   0.653272E-02   0.938825E-04
   763   0.649267E-02   0.934285E-04
   764   0.645286E-02   0.929765E-04
   765   0.641330E-02   0.925266E-04
   766   0.637399E-02   0.920787E-04
   767   0.633491E-02   0.916328E-04
   768   0.629607E-02   0.911889E-04
   769   0.625747E-02   0.907470E-04
   770   0.621911E-02   0.903071E-04
   771   0.618098E-02   0.898692E-04
   772   0.614309E-02   0.894332E-04
   773   0.610543E-02   0.889992E-04
   774   0.606800E-02   0.885672E-04
   775   0.603080E-02   0.881371E-04
   776   0.599383E-02   0.877090E-04
   777   0.595708E-02   0.872828E-04
   778   0.592056E-02   0.868585E-04
   779   0.588426E-02   0.864361E-04
   780   0.584819E-02   0.860157E-04
   781   0.581233E-02   0.855971E-04
   782   0.577670E-02   0.851805E-04
   783   0.574129E-02   0.847657E-04
   784   0.570609E-02   0.843529E-04
   785   0.567111E-02   0.839419E-04
   786   0.563634E-02   0.835327E-04
   787   0.560178E-02   0.831255E-04
   788   0.556744E-02   0.827201E-04
   789   0.553331E-02   0.823165E-04
   790   0.549939E-02   0.819147E-04
   791   0.546567E-02   0.815148E-04
   792   0.543216E-02   0.811167E-04
   793   0.539886E-02   0.807205E-04
   794   0.536576E-02   0.803260E-04
   795   0.533287E-02   0.799334E-04
   796   0.530017E-02   0.795425E-04
   797   0.526768E-02   0.791534E-04
   798   0.523539E-02   0.787661E-04
   799   0.520329E-02   0.783806E-04
   800   0.517139E-02   0.779968E-04
   801   0.513969E-02   0.776148E-04
   802   0.510818E-02   0.772345E-04
   803   0.507686E-02   0.768560E-04
   804   0.504574E-02   0.764793E-04
   805   0.501480E-02   0.761042E-04
   806   0.498406E-02   0.757309E-04
   807   0.495350E-02   0.753593E-04
   808   0.492314E-02   0.749894E-04
   809   0.489295E-02   0.746212E-04
   810   0.486296E-02   0.742547E-04
   811   0.483314E-02   0.738898E-04
   812   0.480351E-02   0.735267E-04
   813   0.477406E-02   0.731652E-04
   814   0.474480E-02   0.728054E-04
   815   0.471571E-02   0.724473E-04
   816   0.468680E-02   0.720908E-04
   817   0.465806E-02   0.717360E-04
   818   0.462951E-02   0.713828E-04
   819   0.460113E-02   0.710312E-04
   820   0.457292E-02   0.706813E-04
   821   0.454488E-02   0.703330E-04
   822   0.451702E-02   0.699863E-04
   823   0.448933E-02   0.696412E-04
   824   0.446181E-02   0.692977E-04
   825   0.443445E-02   0.689558E-04
   826   0.440727E-02   0.686154E-04
   827   0.438025E-02   0.682767E-04
   828   0.435339E-02   0.679395E-04
   829   0.432670E-02   0.676039E-04
   830   0.430018E-02   0.672699E-04
   831   0.427382E-02   0.669374E-04
   832   0.424761E-02   0.666064E-04
   833   0.422157E-02   0.662770E-04
   834   0.419569E-02   0.659492E-04
   835   0.416997E-02   0.656228E-04
   836   0.414441E-02   0.652980E-04
   837   0.411900E-02   0.649747E-04
   838   0.409375E-02   0.646529E-04
   839   0.406865E-02   0.643326E-04
   840   0.404371E-02   0.640138E-04
   841   0.401891E-02   0.636965E-04
   842   0.399428E-02   0.633807E-04
   843   0.396979E-02   0.630663E-04
   844   0.394545E-02   0.627534E-04
   845   0.392126E-02   0.624420E-04
   846   0.389722E-02   0.621321E-04
   847   0.387333E-02   0.618236E-04
   848   0.384959E-02   0.615165E-04
   849   0.382598E-02   0.612109E-04
   850   0.380253E-02   0.609067E-04
   851   0.377922E-02   0.606040E-04
   852   0.375605E-02   0.603026E-04
   853   0.373302E-02   0.600027E-04
   854   0.371014E-02   0.597042E-04
   855   0.368739E-02   0.594071E-04
   856   0.366478E-02   0.591114E-04
   857   0.364232E-02   0.588171E-04
   858   0.361999E-02   0.585241E-04
   859   0.359779E-02   0.582326E-04
   860   0.357574E-02   0.579424E-04
   861   0.355382E-02   0.576536E-04
   862   0.353203E-02   0.573662E-04
   863   0.351037E-02   0.570801E-04
   864   0.348885E-02   0.567953E-04
   865   0.346747E-02   0.565119E-04
   866   0.344621E-02   0.562299E-04
   867   0.342508E-02   0.559492E-04
   868   0.340408E-02   0.556698E-04
   869   0.338321E-02   0.553917E-04
   870   0.336247E-02   0.551149E-04
   871   0.334186E-02   0.548395E-04
   872   0.332137E-02   0.545654E-04
   873   0.330101E-02   0.542925E-04
   874   0.328077E-02   0.540210E-04
   875   0.326066E-02   0.537507E-04
   876   0.324067E-02   0.534817E-04
   877   0.322080E-02   0.532140E-04
   878   0.320105E-02   0.529476E-04
   879   0.318143E-02   0.526824E-04
   880   0.316193E-02   0.524185E-04
   881   0.314254E-02   0.521559E-04
   882   0.312328E-02   0.518945E-04
   883   0.310413E-02   0.516343E-04
   884   0.308510E-02   0.513754E-04
   885   0.306618E-02   0.511177E-04
   886   0.304739E-02   0.508612E-04
   887   0.302870E-02   0.506060E-04
   888   0.301014E-02   0.503520E-04
   889   0.299168E-02   0.500992E-04
   890   0.297334E-02   0.498476E-04
   891   0.295511E-02   0.495972E-04
   892   0.293700E-02   0.493479E-04
   893   0.291899E-02   0.490999E-04
   894   0.290109E-02   0.488531E-04
   895   0.288331E-02   0.486075E-04
   896   0.286563E-02   0.483630E-04
   897   0.284806E-02   0.481197E-04
   898   0.283060E-02   0.478775E-04
   899   0.281325E-02   0.476365E-04
   900   0.279600E-02   0.473967E-04
   901   0.277886E-02   0.471580E-04
   902   0.276183E-02   0.469205E-04
   903   0.274489E-02   0.466841E-04
   904   0.272807E-02   0.464489E-04
   905   0.271134E-02   0.462147E-04
   906   0.269472E-02   0.459817E-04
   907   0.267820E-02   0.457498E-04
   908   0.266178E-02   0.455190E-04
   909   0.264546E-02   0.452894E-04
   910   0.262924E-02   0.450608E-04
   911   0.261312E-02   0.448334E-04
   912   0.259710E-02   0.446070E-04
   913   0.258118E-02   0.443817E-04
   914   0.256536E-02   0.441575E-04
   915   0.254963E-02   0.439344E-04
   916   0.253400E-02   0.437124E-04
   917   0.251846E-02   0.434914E-04
   918   0.250302E-02   0.432715E-04
   919   0.248768E-02   0.430527E-04
   920   0.247243E-02   0.428349E-04
   921   0.245727E-02   0.426181E-04
   922   0.244221E-02   0.424024E-04
   923   0.242723E-02   0.421878E-04
   924   0.241235E-02   0.419742E-04
   925   0.239756E-02   0.417616E-04
   926   0.238287E-02   0.415501E-04
   927   0.236826E-02   0.413395E-04
   928   0.235374E-02   0.411300E-04
   929   0.233931E-02   0.409215E-04
   930   0.232497E-02   0.407141E-04
   931   0.231071E-02   0.405076E-04
   932   0.229655E-02   0.403021E-04
   933   0.228247E-02   0.400976E-04
   934   0.226848E-02   0.398941E-04
   935   0.225457E-02   0.396916E-04
   936   0.224075E-02   0.394901E-04
   937   0.222701E-02   0.392896E-04
   938   0.221336E-02   0.390900E-04
   939   0.219979E-02   0.388914E-04
   940   0.218630E-02   0.386938E-04
   941   0.217290E-02   0.384971E-04
   942   0.215958E-02   0.383014E-04
   943   0.214634E-02   0.381066E-04
   944   0.213318E-02   0.379128E-04
   945   0.212010E-02   0.377200E-04
   946   0.210710E-02   0.375280E-04
   947   0.209418E-02   0.373370E-04
   948   0.208135E-02   0.371470E-04
   949   0.206859E-02   0.369578E-04
   950   0.205590E-02   0.367696E-04
   951   0.204330E-02   0.365823E-04
   952   0.203077E-02   0.363959E-04
   953   0.201832E-02   0.362104E-04
   954   0.200595E-02   0.360259E-04
   955   0.199365E-02   0.358422E-04
   956   0.198143E-02   0.356594E-04
   957   0.196928E-02   0.354775E-04
   958   0.195721E-02   0.352966E-04
   959   0.194521E-02   0.351165E-04
   960   0.193329E-02   0.349372E-04
   961   0.192143E-02   0.347589E-04
   962   0.190965E-02   0.345814E-04
   963   0.189795E-02   0.344048E-04
   964   0.188631E-02   0.342291E-04
   965   0.187475E-02   0.340542E-04
   966   0.186325E-02   0.338802E-04
   967   0.185183E-02   0.337070E-04
   968   0.184048E-02   0.335347E-04
   969   0.182919E-02   0.333632E-04
   970   0.181798E-02   0.331926E-04
   971   0.180683E-02   0.330228E-04
   972   0.179576E-02   0.328538E-04
   973   0.178475E-02   0.326857E-04
   974   0.177381E-02   0.325184E-04
   975   0.176293E-02   0.323519E-04
   976   0.175212E-02   0.321862E-04
   977   0.174138E-02   0.320214E-04
   978   0.173071E-02   0.318573E-04
   979   0.172010E-02   0.316941E-04
   980   0.170955E-02   0.315317E-04
   981   0.169907E-02   0.313701E-04
   982   0.168865E-02   0.312092E-04
   983   0.167830E-02   0.310492E-04
   984   0.166801E-02   0.308899E-04
   985   0.165779E-02   0.307315E-04
   986   0.164762E-02   0.305738E-04
   987   0.163752E-02   0.304169E-04
   988   0.162748E-02   0.302607E-04
   989   0.161751E-02   0.301054E-04
   990   0.160759E-02   0.299508E-04
   991   0.159773E-02   0.297969E-04
   992   0.158794E-02   0.296439E-04
   993   0.157820E-02   0.294916E-04
   994   0.156853E-02   0.293400E-04
   995   0.155891E-02   0.291892E-04
   996   0.154935E-02   0.290391E-04
   997   0.153986E-02   0.288898E-04
   998   0.153042E-02   0.287412E-04
   999   0.152103E-02   0.285934E-04
  1000   0.151171E-02   0.284462E-04
  1001   0.150244E-02   0.282998E-04
  1002   0.149323E-02   0.281542E-04
  1003   0.148408E-02   0.280092E-04
  1004   0.147498E-02   0.278650E-04
  1005   0.146593E-02   0.277215E-04
  1006   0.145695E-02   0.275787E-04
  1007   0.144802E-02   0.274366E-04
  1008   0.143914E-02   0.272952E-04
  1009   0.143032E-02   0.271546E-04
  1010   0.142155E-02   0.270146E-04
  1011   0.141283E-02   0.268753E-04
  1012   0.140417E-02   0.267367E-04
  1013   0.139556E-02   0.265988E-04
  1014   0.138701E-02   0.264616E-04
  1015   0.137850E-02   0.263250E-04
  1016   0.137005E-02   0.261892E-04
  1017   0.136165E-02   0.260540E-04
  1018   0.135330E-02   0.259195E-04
  1019   0.134501E-02   0.257856E-04
  1020   0.133676E-02   0.256525E-04
  1021   0.132857E-02   0.255199E-04
  1022   0.132042E-02   0.253881E-04
  1023   0.131233E-02   0.252569E-04
  1024   0.130428E-02   0.251263E-04
  1025   0.129629E-02   0.249965E-04
  1026   0.128834E-02   0.248672E-04
  1027   0.128044E-02   0.247386E-04
  1028   0.127259E-02   0.246107E-04
  1029   0.126479E-02   0.244833E-04
  1030   0.125703E-02   0.243567E-04
  1031   0.124933E-02   0.242306E-04
  1032   0.124167E-02   0.241052E-04
  1033   0.123406E-02   0.239804E-04
  1034   0.122649E-02   0.238562E-04
  1035   0.121897E-02   0.237327E-04
  1036   0.121150E-02   0.236098E-04
  1037   0.120407E-02   0.234874E-04
  1038   0.119669E-02   0.233657E-04
  1039   0.118935E-02   0.232446E-04
  1040   0.118206E-02   0.231242E-04
  1041   0.117482E-02   0.230043E-04
  1042   0.116761E-02   0.228850E-04
  1043   0.116045E-02   0.227663E-04
  1044   0.115334E-02   0.226482E-04
  1045   0.114627E-02   0.225307E-04
  1046   0.113924E-02   0.224138E-04
  1047   0.113226E-02   0.222975E-04
  1048   0.112532E-02   0.221817E-04
  1049   0.111842E-02   0.220666E-04
  1050   0.111156E-02   0.219520E-04
  1051   0.110475E-02   0.218380E-04
  1052   0.109797E-02   0.217245E-04
  1053   0.109124E-02   0.216117E-04
  1054   0.108455E-02   0.214994E-04
  1055   0.107790E-02   0.213876E-04
  1056   0.107129E-02   0.212765E-04
  1057   0.106473E-02   0.211659E-04
  1058   0.105820E-02   0.210558E-04
  1059   0.105171E-02   0.209463E-04
  1060   0.104526E-02   0.208373E-04
  1061   0.103886E-02   0.207289E-04
  1062   0.103249E-02   0.206211E-04
  1063   0.102616E-02   0.205138E-04
  1064   0.101987E-02   0.204070E-04
  1065   0.101361E-02   0.203007E-04
  1066   0.100740E-02   0.201950E-04
  1067   0.100122E-02   0.200899E-04
  1068   0.995086E-03   0.199852E-04
  1069   0.988986E-03   0.198811E-04
  1070   0.982923E-03   0.197775E-04
  1071   0.976897E-03   0.196745E-04
  1072   0.970908E-03   0.195719E-04
  1073   0.964955E-03   0.194699E-04
  1074   0.959040E-03   0.193684E-04
  1075   0.953160E-03   0.192674E-04
  1076   0.947317E-03   0.191669E-04
  1077   0.941509E-03   0.190669E-04
  1078   0.935737E-03   0.189674E-04
  1079   0.930000E-03   0.188685E-04
  1080   0.924299E-03   0.187700E-04
  1081   0.918632E-03   0.186720E-04
  1082   0.913000E-03   0.185745E-04
  1083   0.907403E-03   0.184775E-04
  1084   0.901840E-03   0.183810E-04
  1085   0.896311E-03   0.182850E-04
  1086   0.890816E-03   0.181895E-04
  1087   0.885355E-03   0.180945E-04
  1088   0.879927E-03   0.179999E-04
  1089   0.874533E-03   0.179058E-04
  1090   0.869171E-03   0.178122E-04
  1091   0.863843E-03   0.177191E-04
  1092   0.858547E-03   0.176265E-04
  1093   0.853283E-03   0.175343E-04
  1094   0.848052E-03   0.174426E-04
  1095   0.842853E-03   0.173513E-04
  1096   0.837686E-03   0.172605E-04
  1097   0.832550E-03   0.171702E-04
  1098   0.827446E-03   0.170803E-04
  1099   0.822373E-03   0.169909E-04
  1100   0.817332E-03   0.169019E-04
  1101   0.812321E-03   0.168134E-04
  1102   0.807341E-03   0.167254E-04
  1103   0.802391E-03   0.166378E-04
  1104   0.797472E-03   0.165506E-04
  1105   0.792583E-03   0.164639E-04
  1106   0.787724E-03   0.163776E-04
  1107   0.782895E-03   0.162918E-04
  1108   0.778095E-03   0.162064E-04
  1109   0.773325E-03   0.161214E-04
  1110   0.768584E-03   0.160368E-04
  1111   0.763872E-03   0.159527E-04
  1112   0.759189E-03   0.158691E-04
  1113   0.754535E-03   0.157858E-04
  1114   0.749909E-03   0.157030E-04
  1115   0.745312E-03   0.156206E-04
  1116   0.740742E-03   0.155386E-04
  1117   0.736201E-03   0.154570E-04
  1118   0.731688E-03   0.153759E-04
  1119   0.727202E-03   0.152951E-04
  1120   0.722744E-03   0.152148E-04
  1121   0.718313E-03   0.151349E-04
  1122   0.713909E-03   0.150554E-04
  1123   0.709533E-03   0.149763E-04
  1124   0.705183E-03   0.148976E-04
  1125   0.700860E-03   0.148193E-04
  1126   0.696563E-03   0.147414E-04
  1127   0.692292E-03   0.146639E-04
  1128   0.688048E-03   0.145868E-04
  1129   0.683830E-03   0.145100E-04
  1130   0.679638E-03   0.144337E-04
  1131   0.675471E-03   0.143578E-04
  1132   0.671330E-03   0.142823E-04
  1133   0.667214E-03   0.142071E-04
  1134   0.663124E-03   0.141323E-04
  1135   0.659059E-03   0.140579E-04
  1136   0.655018E-03   0.139839E-04
  1137   0.651002E-03   0.139103E-04
  1138   0.647011E-03   0.138371E-04
  1139   0.643045E-03   0.137642E-04
  1140   0.639103E-03   0.136917E-04
  1141   0.635184E-03   0.136195E-04
  1142   0.631290E-03   0.135478E-04
  1143   0.627420E-03   0.134764E-04
  1144   0.623574E-03   0.134054E-04
  1145   0.619751E-03   0.133347E-04
  1146   0.615951E-03   0.132644E-04
  1147   0.612175E-03   0.131945E-04
  1148   0.608422E-03   0.131249E-04
  1149   0.604692E-03   0.130557E-04
  1150   0.600985E-03   0.129868E-04
  1151   0.597300E-03   0.129183E-04
  1152   0.593639E-03   0.128501E-04
  1153   0.589999E-03   0.127823E-04
  1154   0.586382E-03   0.127148E-04
  1155   0.582787E-03   0.126477E-04
  1156   0.579214E-03   0.125809E-04
  1157   0.575663E-03   0.125145E-04
  1158   0.572134E-03   0.124484E-04
  1159   0.568627E-03   0.123827E-04
  1160   0.565141E-03   0.123172E-04
  1161   0.561676E-03   0.122522E-04
  1162   0.558233E-03   0.121874E-04
  1163   0.554810E-03   0.121230E-04
  1164   0.551409E-03   0.120589E-04
  1165   0.548028E-03   0.119952E-04
  1166   0.544669E-03   0.119318E-04
  1167   0.541330E-03   0.118687E-04
  1168   0.538011E-03   0.118059E-04
  1169   0.534712E-03   0.117435E-04
  1170   0.531434E-03   0.116814E-04
  1171   0.528176E-03   0.116196E-04
  1172   0.524938E-03   0.115581E-04
  1173   0.521720E-03   0.114969E-04
  1174   0.518522E-03   0.114361E-04
  1175   0.515343E-03   0.113755E-04
  1176   0.512183E-03   0.113153E-04
  1177   0.509043E-03   0.112554E-04
  1178   0.505923E-03   0.111958E-04
  1179   0.502821E-03   0.111365E-04
  1180   0.499738E-03   0.110775E-04
  1181   0.496675E-03   0.110188E-04
  1182   0.493630E-03   0.109604E-04
  1183   0.490603E-03   0.109023E-04
  1184   0.487596E-03   0.108446E-04
  1185   0.484606E-03   0.107871E-04
  1186   0.481635E-03   0.107299E-04
  1187   0.478683E-03   0.106730E-04
  1188   0.475748E-03   0.106164E-04
  1189   0.472831E-03   0.105601E-04
  1190   0.469933E-03   0.105041E-04
  1191   0.467052E-03   0.104484E-04
  1192   0.464188E-03   0.103929E-04
  1193   0.461343E-03   0.103378E-04
  1194   0.458514E-03   0.102829E-04
  1195   0.455703E-03   0.102283E-04
  1196   0.452910E-03   0.101740E-04
  1197   0.450133E-03   0.101200E-04
  1198   0.447373E-03   0.100663E-04
  1199   0.444631E-03   0.100128E-04
  1200   0.441905E-03   0.995966E-05
  1201   0.439196E-03   0.990676E-05
  1202   0.436503E-03   0.985413E-05
  1203   0.433827E-03   0.980177E-05
  1204   0.431167E-03   0.974969E-05
  1205   0.428524E-03   0.969787E-05
  1206   0.425897E-03   0.964632E-05
  1207   0.423286E-03   0.959504E-05
  1208   0.420691E-03   0.954403E-05
  1209   0.418112E-03   0.949328E-05
  1210   0.415549E-03   0.944280E-05
  1211   0.413001E-03   0.939257E-05
  1212   0.410469E-03   0.934261E-05
  1213   0.407953E-03   0.929291E-05
  1214   0.405452E-03   0.924346E-05
  1215   0.402966E-03   0.919428E-05
  1216   0.400495E-03   0.914534E-05
  1217   0.398040E-03   0.909667E-05
  1218   0.395600E-03   0.904824E-05
  1219   0.393175E-03   0.900007E-05
  1220   0.390764E-03   0.895214E-05
  1221   0.388369E-03   0.890447E-05
  1222   0.385988E-03   0.885704E-05
  1223   0.383621E-03   0.880987E-05
  1224   0.381269E-03   0.876293E-05
  1225   0.378932E-03   0.871624E-05
  1226   0.376609E-03   0.866980E-05
  1227   0.374300E-03   0.862359E-05
  1228   0.372005E-03   0.857763E-05
  1229   0.369725E-03   0.853190E-05
  1230   0.367458E-03   0.848642E-05
  1231   0.365205E-03   0.844117E-05
  1232   0.362966E-03   0.839615E-05
  1233   0.360741E-03   0.835137E-05
  1234   0.358530E-03   0.830683E-05
  1235   0.356332E-03   0.826251E-05
  1236   0.354147E-03   0.821843E-05
  1237   0.351976E-03   0.817458E-05
  1238   0.349818E-03   0.813095E-05
  1239   0.347673E-03   0.808756E-05
  1240   0.345542E-03   0.804438E-05
  1241   0.343424E-03   0.800144E-05
  1242   0.341318E-03   0.795872E-05
  1243   0.339226E-03   0.791622E-05
  1244   0.337146E-03   0.787394E-05
  1245   0.335079E-03   0.783189E-05
  1246   0.333025E-03   0.779005E-05
  1247   0.330983E-03   0.774843E-05
  1248   0.328954E-03   0.770703E-05
  1249   0.326937E-03   0.766585E-05
  1250   0.324933E-03   0.762488E-05
  1251   0.322941E-03   0.758413E-05
  1252   0.320961E-03   0.754359E-05
  1253   0.318993E-03   0.750326E-05
  1254   0.317038E-03   0.746314E-05
  1255   0.315094E-03   0.742323E-05
  1256   0.313162E-03   0.738353E-05
  1257   0.311243E-03   0.734403E-05
  1258   0.309334E-03   0.730475E-05
  1259   0.307438E-03   0.726567E-05
  1260   0.305553E-03   0.722679E-05
  1261   0.303680E-03   0.718812E-05
  1262   0.301818E-03   0.714965E-05
  1263   0.299968E-03   0.711138E-05
  1264   0.298129E-03   0.707331E-05
  1265   0.296301E-03   0.703544E-05
  1266   0.294485E-03   0.699777E-05
  1267   0.292679E-03   0.696030E-05
  1268   0.290885E-03   0.692302E-05
  1269   0.289102E-03   0.688594E-05
  1270   0.287329E-03   0.684906E-05
  1271   0.285568E-03   0.681236E-05
  1272   0.283817E-03   0.677586E-05
  1273   0.282077E-03   0.673955E-05
  1274   0.280348E-03   0.670343E-05
  1275   0.278629E-03   0.666750E-05
  1276   0.276921E-03   0.663176E-05
  1277   0.275223E-03   0.659621E-05
  1278   0.273536E-03   0.656084E-05
  1279   0.271859E-03   0.652566E-05
  1280   0.270192E-03   0.649066E-05
  1281   0.268536E-03   0.645585E-05
  1282   0.266890E-03   0.642122E-05
  1283   0.265253E-03   0.638677E-05
  1284   0.263627E-03   0.635250E-05
  1285   0.262011E-03   0.631841E-05
  1286   0.260405E-03   0.628450E-05
  1287   0.258808E-03   0.625077E-05
  1288   0.257222E-03   0.621722E-05
  1289   0.255645E-03   0.618385E-05
  1290   0.254077E-03   0.615064E-05
  1291   0.252520E-03   0.611762E-05
  1292   0.250972E-03   0.608476E-05
  1293   0.249433E-03   0.605208E-05
  1294   0.247904E-03   0.601958E-05
  1295   0.246384E-03   0.598724E-05
  1296   0.244874E-03   0.595507E-05
  1297   0.243372E-03   0.592307E-05
  1298   0.241880E-03   0.589125E-05
  1299   0.240397E-03   0.585958E-05
  1300   0.238924E-03   0.582809E-05
  1301   0.237459E-03   0.579676E-05
  1302   0.236003E-03   0.576560E-05
  1303   0.234556E-03   0.573460E-05
  1304   0.233118E-03   0.570376E-05
  1305   0.231689E-03   0.567309E-05
  1306   0.230269E-03   0.564257E-05
  1307   0.228857E-03   0.561222E-05
  1308   0.227454E-03   0.558203E-05
  1309   0.226060E-03   0.555200E-05
  1310   0.224674E-03   0.552212E-05
  1311   0.223296E-03   0.549241E-05
  1312   0.221927E-03   0.546285E-05
  1313   0.220567E-03   0.543344E-05
  1314   0.219215E-03   0.540419E-05
  1315   0.217871E-03   0.537510E-05
  1316   0.216535E-03   0.534616E-05
  1317   0.215207E-03   0.531737E-05
  1318   0.213888E-03   0.528873E-05
  1319   0.212577E-03   0.526025E-05
  1320   0.211274E-03   0.523191E-05
  1321   0.209978E-03   0.520373E-05
  1322   0.208691E-03   0.517569E-05
  1323   0.207412E-03   0.514781E-05
  1324   0.206140E-03   0.512007E-05
  1325   0.204876E-03   0.509247E-05
  1326   0.203620E-03   0.506502E-05
  1327   0.202372E-03   0.503772E-05
  1328   0.201131E-03   0.501056E-05
  1329   0.199898E-03   0.498355E-05
  1330   0.198673E-03   0.495667E-05
  1331   0.197455E-03   0.492994E-05
  1332   0.196244E-03   0.490335E-05
  1333   0.195041E-03   0.487691E-05
  1334   0.193845E-03   0.485060E-05
  1335   0.192657E-03   0.482443E-05
  1336   0.191476E-03   0.479840E-05
  1337   0.190302E-03   0.477251E-05
  1338   0.189135E-03   0.474675E-05
  1339   0.187976E-03   0.472113E-05
  1340   0.186823E-03   0.469565E-05
  1341   0.185678E-03   0.467030E-05
  1342   0.184540E-03   0.464508E-05
  1343   0.183408E-03   0.462000E-05
  1344   0.182284E-03   0.459505E-05
  1345   0.181166E-03   0.457024E-05
  1346   0.180056E-03   0.454555E-05
  1347   0.178952E-03   0.452100E-05
  1348   0.177855E-03   0.449658E-05
  1349   0.176764E-03   0.447228E-05
  1350   0.175681E-03   0.444812E-05
  1351   0.174604E-03   0.442408E-05
  1352   0.173533E-03   0.440017E-05
  1353   0.172469E-03   0.437639E-05
  1354   0.171412E-03   0.435273E-05
  1355   0.170361E-03   0.432920E-05
  1356   0.169317E-03   0.430580E-05
  1357   0.168279E-03   0.428251E-05
  1358   0.167247E-03   0.425936E-05
  1359   0.166222E-03   0.423632E-05
  1360   0.165203E-03   0.421341E-05
  1361   0.164190E-03   0.419062E-05
  1362   0.163183E-03   0.416795E-05
  1363   0.162183E-03   0.414540E-05
  1364   0.161189E-03   0.412297E-05
  1365   0.160200E-03   0.410065E-05
  1366   0.159218E-03   0.407846E-05
  1367   0.158242E-03   0.405639E-05
  1368   0.157272E-03   0.403443E-05
  1369   0.156308E-03   0.401259E-05
  1370   0.155350E-03   0.399087E-05
  1371   0.154397E-03   0.396926E-05
  1372   0.153451E-03   0.394776E-05
  1373   0.152510E-03   0.392638E-05
  1374   0.151575E-03   0.390512E-05
  1375   0.150646E-03   0.388396E-05
  1376   0.149722E-03   0.386292E-05
  1377   0.148804E-03   0.384200E-05
  1378   0.147892E-03   0.382118E-05
  1379   0.146985E-03   0.380047E-05
  1380   0.146084E-03   0.377988E-05
  1381   0.145189E-03   0.375939E-05
  1382   0.144299E-03   0.373901E-05
  1383   0.143414E-03   0.371874E-05
  1384   0.142535E-03   0.369858E-05
  1385   0.141661E-03   0.367853E-05
  1386   0.140792E-03   0.365858E-05
  1387   0.139929E-03   0.363874E-05
  1388   0.139071E-03   0.361901E-05
  1389   0.138219E-03   0.359938E-05
  1390   0.137371E-03   0.357985E-05
  1391   0.136529E-03   0.356043E-05
  1392   0.135692E-03   0.354112E-05
  1393   0.134860E-03   0.352190E-05
  1394   0.134034E-03   0.350279E-05
  1395   0.133212E-03   0.348378E-05
  1396   0.132395E-03   0.346487E-05
  1397   0.131584E-03   0.344606E-05
  1398   0.130777E-03   0.342736E-05
  1399   0.129975E-03   0.340875E-05
  1400   0.129178E-03   0.339024E-05
  1401   0.128386E-03   0.337183E-05
  1402   0.127599E-03   0.335352E-05
  1403   0.126817E-03   0.333531E-05
  1404   0.126039E-03   0.331719E-05
  1405   0.125267E-03   0.329917E-05
  1406   0.124499E-03   0.328125E-05
  1407   0.123736E-03   0.326342E-05
  1408   0.122977E-03   0.324569E-05
  1409   0.122223E-03   0.322805E-05
  1410   0.121474E-03   0.321051E-05
  1411   0.120729E-03   0.319306E-05
  1412   0.119989E-03   0.317570E-05
  1413   0.119253E-03   0.315844E-05
  1414   0.118522E-03   0.314126E-05
  1415   0.117796E-03   0.312419E-05
  1416   0.117073E-03   0.310720E-05
  1417   0.116356E-03   0.309030E-05
  1418   0.115642E-03   0.307349E-05
  1419   0.114933E-03   0.305678E-05
  1420   0.114229E-03   0.304015E-05
  1421   0.113528E-03   0.302361E-05
  1422   0.112832E-03   0.300716E-05
  1423   0.112141E-03   0.299080E-05
  1424   0.111453E-03   0.297452E-05
  1425   0.110770E-03   0.295833E-05
  1426   0.110091E-03   0.294223E-05
  1427   0.109416E-03   0.292622E-05
  1428   0.108745E-03   0.291029E-05
  1429   0.108078E-03   0.289445E-05
  1430   0.107416E-03   0.287869E-05
  1431   0.106757E-03   0.286301E-05
  1432   0.106103E-03   0.284742E-05
  1433   0.105452E-03   0.283191E-05
  1434   0.104806E-03   0.281649E-05
  1435   0.104163E-03   0.280115E-05
  1436   0.103525E-03   0.278589E-05
  1437   0.102890E-03   0.277071E-05
  1438   0.102259E-03   0.275562E-05
  1439   0.101632E-03   0.274060E-05
  1440   0.101009E-03   0.272567E-05
  1441   0.100390E-03   0.271081E-05
  1442   0.997746E-04   0.269604E-05
  1443   0.991630E-04   0.268134E-05
  1444   0.985550E-04   0.266672E-05
  1445   0.979508E-04   0.265219E-05
  1446   0.973503E-04   0.263773E-05
  1447   0.967535E-04   0.262334E-05
  1448   0.961603E-04   0.260904E-05
  1449   0.955708E-04   0.259481E-05
  1450   0.949849E-04   0.258066E-05
  1451   0.944026E-04   0.256658E-05
  1452   0.938238E-04   0.255258E-05
  1453   0.932486E-04   0.253865E-05
  1454   0.926770E-04   0.252480E-05
  1455   0.921088E-04   0.251103E-05
  1456   0.915441E-04   0.249732E-05
  1457   0.909829E-04   0.248369E-05
  1458   0.904251E-04   0.247014E-05
  1459   0.898707E-04   0.245666E-05
  1460   0.893198E-04   0.244325E-05
  1461   0.887722E-04   0.242991E-05
  1462   0.882280E-04   0.241664E-05
  1463   0.876871E-04   0.240344E-05
  1464   0.871495E-04   0.239032E-05
  1465   0.866152E-04   0.237727E-05
  1466   0.860842E-04   0.236428E-05
  1467   0.855564E-04   0.235137E-05
  1468   0.850319E-04   0.233852E-05
  1469   0.845106E-04   0.232575E-05
  1470   0.839925E-04   0.231304E-05
  1471   0.834776E-04   0.230040E-05
  1472   0.829658E-04   0.228783E-05
  1473   0.824572E-04   0.227533E-05
  1474   0.819517E-04   0.226290E-05
  1475   0.814493E-04   0.225053E-05
  1476   0.809499E-04   0.223822E-05
  1477   0.804537E-04   0.222599E-05
  1478   0.799604E-04   0.221382E-05
  1479   0.794702E-04   0.220171E-05
  1480   0.789830E-04   0.218968E-05
  1481   0.784988E-04   0.217770E-05
  1482   0.780175E-04   0.216579E-05
  1483   0.775392E-04   0.215395E-05
  1484   0.770639E-04   0.214216E-05
  1485   0.765914E-04   0.213045E-05
  1486   0.761219E-04   0.211879E-05
  1487   0.756552E-04   0.210720E-05
  1488   0.751914E-04   0.209567E-05
  1489   0.747304E-04   0.208420E-05
  1490   0.742723E-04   0.207280E-05
  1491   0.738169E-04   0.206145E-05
  1492   0.733644E-04   0.205017E-05
  1493   0.729146E-04   0.203894E-05
  1494   0.724676E-04   0.202778E-05
  1495   0.720233E-04   0.201668E-05
  1496   0.715818E-04   0.200564E-05
  1497   0.711429E-04   0.199466E-05
  1498   0.707068E-04   0.198373E-05
  1499   0.702733E-04   0.197287E-05
  1500   0.698425E-04   0.196206E-05
  1501   0.694143E-04   0.195132E-05
  1502   0.689888E-04   0.194063E-05
  1503   0.685658E-04   0.193000E-05
  1504   0.681455E-04   0.191942E-05
  1505   0.677277E-04   0.190891E-05
  1506   0.673125E-04   0.189845E-05
  1507   0.668998E-04   0.188804E-05
  1508   0.664897E-04   0.187769E-05
  1509   0.660820E-04   0.186740E-05
  1510   0.656769E-04   0.185717E-05
  1511   0.652743E-04   0.184699E-05
  1512   0.648741E-04   0.183686E-05
  1513   0.644764E-04   0.182679E-05
  1514   0.640811E-04   0.181677E-05
  1515   0.636882E-04   0.180681E-05
  1516   0.632978E-04   0.179690E-05
  1517   0.629097E-04   0.178705E-05
  1518   0.625241E-04   0.177725E-05
  1519   0.621408E-04   0.176750E-05
  1520   0.617598E-04   0.175780E-05
  1521   0.613812E-04   0.174816E-05
  1522   0.610049E-04   0.173857E-05
  1523   0.606309E-04   0.172903E-05
  1524   0.602592E-04   0.171954E-05
  1525   0.598897E-04   0.171010E-05
  1526   0.595226E-04   0.170072E-05
  1527   0.591577E-04   0.169138E-05
  1528   0.587950E-04   0.168210E-05
  1529   0.584345E-04   0.167286E-05
  1530   0.580763E-04   0.166368E-05
  1531   0.577202E-04   0.165454E-05
  1532   0.573664E-04   0.164546E-05
  1533   0.570147E-04   0.163642E-05
  1534   0.566652E-04   0.162744E-05
  1535   0.563178E-04   0.161850E-05
  1536   0.559725E-04   0.160961E-05
  1537   0.556293E-04   0.160077E-05
  1538   0.552883E-04   0.159197E-05
  1539   0.549494E-04   0.158323E-05
  1540   0.546125E-04   0.157453E-05
  1541   0.542777E-04   0.156588E-05
  1542   0.539449E-04   0.155727E-05
  1543   0.536142E-04   0.154871E-05
  1544   0.532855E-04   0.154020E-05
  1545   0.529588E-04   0.153174E-05
  1546   0.526342E-04   0.152332E-05
  1547   0.523115E-04   0.151494E-05
  1548   0.519908E-04   0.150662E-05
  1549   0.516720E-04   0.149833E-05
  1550   0.513553E-04   0.149009E-05
  1551   0.510404E-04   0.148190E-05
  1552   0.507275E-04   0.147375E-05
  1553   0.504165E-04   0.146565E-05
  1554   0.501074E-04   0.145758E-05
  1555   0.498002E-04   0.144957E-05
  1556   0.494949E-04   0.144159E-05
  1557   0.491915E-04   0.143366E-05
  1558   0.488899E-04   0.142577E-05
  1559   0.485902E-04   0.141793E-05
  1560   0.482923E-04   0.141013E-05
  1561   0.479962E-04   0.140237E-05
  1562   0.477020E-04   0.139465E-05
  1563   0.474096E-04   0.138697E-05
  1564   0.471189E-04   0.137934E-05
  1565   0.468300E-04   0.137175E-05
  1566   0.465429E-04   0.136420E-05
  1567   0.462576E-04   0.135669E-05
  1568   0.459740E-04   0.134922E-05
  1569   0.456922E-04   0.134179E-05
  1570   0.454120E-04   0.133440E-05
  1571   0.451336E-04   0.132705E-05
  1572   0.448569E-04   0.131974E-05
  1573   0.445819E-04   0.131247E-05
  1574   0.443086E-04   0.130524E-05
  1575   0.440370E-04   0.129805E-05
  1576   0.437670E-04   0.129090E-05
  1577   0.434987E-04   0.128379E-05
  1578   0.432320E-04   0.127672E-05
  1579   0.429670E-04   0.126968E-05
  1580   0.427036E-04   0.126268E-05
  1581   0.424418E-04   0.125573E-05
  1582   0.421816E-04   0.124881E-05
  1583   0.419230E-04   0.124192E-05
  1584   0.416659E-04   0.123508E-05
  1585   0.414105E-04   0.122827E-05
  1586   0.411566E-04   0.122150E-05
  1587   0.409043E-04   0.121476E-05
  1588   0.406535E-04   0.120806E-05
  1589   0.404043E-04   0.120140E-05
  1590   0.401566E-04   0.119478E-05
  1591   0.399104E-04   0.118819E-05
  1592   0.396657E-04   0.118163E-05
  1593   0.394226E-04   0.117512E-05
  1594   0.391809E-04   0.116864E-05
  1595   0.389407E-04   0.116219E-05
  1596   0.387020E-04   0.115578E-05
  1597   0.384647E-04   0.114940E-05
  1598   0.382289E-04   0.114306E-05
  1599   0.379945E-04   0.113675E-05
  1600   0.377616E-04   0.113048E-05
  1601   0.375301E-04   0.112424E-05
  1602   0.373000E-04   0.111803E-05
  1603   0.370713E-04   0.111186E-05
  1604   0.368440E-04   0.110572E-05
  1605   0.366182E-04   0.109962E-05
  1606   0.363937E-04   0.109355E-05
  1607   0.361706E-04   0.108751E-05
  1608   0.359488E-04   0.108151E-05
  1609   0.357284E-04   0.107554E-05
  1610   0.355094E-04   0.106960E-05
  1611   0.352917E-04   0.106369E-05
  1612   0.350753E-04   0.105781E-05
  1613   0.348603E-04   0.105197E-05
  1614   0.346466E-04   0.104616E-05
  1615   0.344342E-04   0.104038E-05
  1616   0.342231E-04   0.103463E-05
  1617   0.340133E-04   0.102892E-05
  1618   0.338047E-04   0.102323E-05
  1619   0.335975E-04   0.101758E-05
  1620   0.333915E-04   0.101195E-05
  1621   0.331868E-04   0.100636E-05
  1622   0.329833E-04   0.100080E-05
  1623   0.327811E-04   0.995268E-06
  1624   0.325802E-04   0.989766E-06
  1625   0.323804E-04   0.984295E-06
  1626   0.321819E-04   0.978853E-06
  1627   0.319846E-04   0.973441E-06
  1628   0.317885E-04   0.968059E-06
  1629   0.315937E-04   0.962706E-06
  1630   0.314000E-04   0.957382E-06
  1631   0.312075E-04   0.952088E-06
  1632   0.310161E-04   0.946822E-06
  1633   0.308260E-04   0.941585E-06
  1634   0.306370E-04   0.936377E-06
  1635   0.304492E-04   0.931197E-06
  1636   0.302625E-04   0.926045E-06
  1637   0.300770E-04   0.920922E-06
  1638   0.298926E-04   0.915827E-06
  1639   0.297093E-04   0.910759E-06
  1640   0.295272E-04   0.905719E-06
  1641   0.293462E-04   0.900707E-06
  1642   0.291663E-04   0.895722E-06
  1643   0.289875E-04   0.890765E-06
  1644   0.288097E-04   0.885834E-06
  1645   0.286331E-04   0.880930E-06
  1646   0.284576E-04   0.876054E-06
  1647   0.282831E-04   0.871204E-06
  1648   0.281097E-04   0.866380E-06
  1649   0.279374E-04   0.861583E-06
  1650   0.277661E-04   0.856812E-06
  1651   0.275959E-04   0.852067E-06
  1652   0.274267E-04   0.847349E-06
  1653   0.272586E-04   0.842656E-06
  1654   0.270915E-04   0.837988E-06
  1655   0.269254E-04   0.833347E-06
  1656   0.267603E-04   0.828730E-06
  1657   0.265962E-04   0.824139E-06
  1658   0.264332E-04   0.819573E-06
  1659   0.262711E-04   0.815032E-06
  1660   0.261101E-04   0.810516E-06
  1661   0.259500E-04   0.806025E-06
  1662   0.257909E-04   0.801558E-06
  1663   0.256328E-04   0.797116E-06
  1664   0.254757E-04   0.792698E-06
  1665   0.253195E-04   0.788304E-06
  1666   0.251643E-04   0.783935E-06
  1667   0.250100E-04   0.779589E-06
  1668   0.248567E-04   0.775267E-06
  1669   0.247043E-04   0.770969E-06
  1670   0.245528E-04   0.766694E-06
  1671   0.244023E-04   0.762443E-06
  1672   0.242527E-04   0.758215E-06
  1673   0.241040E-04   0.754010E-06
  1674   0.239562E-04   0.749828E-06
  1675   0.238094E-04   0.745670E-06
  1676   0.236634E-04   0.741534E-06
  1677   0.235183E-04   0.737420E-06
  1678   0.233741E-04   0.733330E-06
  1679   0.232308E-04   0.729261E-06
  1680   0.230884E-04   0.725215E-06
  1681   0.229469E-04   0.721191E-06
  1682   0.228062E-04   0.717190E-06
  1683   0.226664E-04   0.713210E-06
  1684   0.225274E-04   0.709252E-06
  1685   0.223893E-04   0.705316E-06
  1686   0.222521E-04   0.701401E-06
  1687   0.221156E-04   0.697508E-06
  1688   0.219801E-04   0.693636E-06
  1689   0.218453E-04   0.689786E-06
  1690   0.217114E-04   0.685956E-06
  1691   0.215783E-04   0.682148E-06
  1692   0.214460E-04   0.678360E-06
  1693   0.213145E-04   0.674594E-06
  1694   0.211838E-04   0.670848E-06
  1695   0.210540E-04   0.667122E-06
  1696   0.209249E-04   0.663417E-06
  1697   0.207966E-04   0.659733E-06
  1698   0.206691E-04   0.656068E-06
  1699   0.205424E-04   0.652424E-06
  1700   0.204165E-04   0.648800E-06
  1701   0.202913E-04   0.645195E-06
  1702   0.201669E-04   0.641611E-06
  1703   0.200433E-04   0.638046E-06
  1704   0.199204E-04   0.634501E-06
  1705   0.197983E-04   0.630975E-06
  1706   0.196769E-04   0.627468E-06
  1707   0.195562E-04   0.623981E-06
  1708   0.194364E-04   0.620513E-06
  1709   0.193172E-04   0.617064E-06
  1710   0.191988E-04   0.613634E-06
  1711   0.190811E-04   0.610223E-06
  1712   0.189641E-04   0.606831E-06
  1713   0.188478E-04   0.603457E-06
  1714   0.187323E-04   0.600102E-06
  1715   0.186174E-04   0.596766E-06
  1716   0.185033E-04   0.593447E-06
  1717   0.183899E-04   0.590147E-06
  1718   0.182771E-04   0.586865E-06
  1719   0.181651E-04   0.583601E-06
  1720   0.180537E-04   0.580355E-06
  1721   0.179430E-04   0.577127E-06
  1722   0.178330E-04   0.573917E-06
  1723   0.177237E-04   0.570724E-06
  1724   0.176150E-04   0.567549E-06
  1725   0.175071E-04   0.564392E-06
  1726   0.173997E-04   0.561252E-06
  1727   0.172931E-04   0.558129E-06
  1728   0.171870E-04   0.555023E-06
  1729   0.170817E-04   0.551934E-06
  1730   0.169769E-04   0.548863E-06
  1731   0.168729E-04   0.545808E-06
  1732   0.167694E-04   0.542770E-06
  1733   0.166666E-04   0.539749E-06
  1734   0.165644E-04   0.536744E-06
  1735   0.164629E-04   0.533756E-06
  1736   0.163620E-04   0.530785E-06
  1737   0.162617E-04   0.527830E-06
  1738   0.161620E-04   0.524891E-06
  1739   0.160629E-04   0.521968E-06
  1740   0.159644E-04   0.519062E-06
  1741   0.158665E-04   0.516171E-06
  1742   0.157693E-04   0.513296E-06
  1743   0.156726E-04   0.510437E-06
  1744   0.155765E-04   0.507594E-06
  1745   0.154810E-04   0.504767E-06
  1746   0.153861E-04   0.501955E-06
  1747   0.152918E-04   0.499159E-06
  1748   0.151980E-04   0.496378E-06
  1749   0.151048E-04   0.493613E-06
  1750   0.150122E-04   0.490862E-06
  1751   0.149202E-04   0.488127E-06
  1752   0.148287E-04   0.485407E-06
  1753   0.147378E-04   0.482702E-06
  1754   0.146475E-04   0.480012E-06
  1755   0.145577E-04   0.477337E-06
  1756   0.144684E-04   0.474676E-06
  1757   0.143797E-04   0.472030E-06
  1758   0.142916E-04   0.469399E-06
  1759   0.142040E-04   0.466782E-06
  1760   0.141169E-04   0.464180E-06
  1761   0.140303E-04   0.461592E-06
  1762   0.139443E-04   0.459018E-06
  1763   0.138588E-04   0.456459E-06
  1764   0.137739E-04   0.453913E-06
  1765   0.136894E-04   0.451382E-06
  1766   0.136055E-04   0.448865E-06
  1767   0.135221E-04   0.446361E-06
  1768   0.134392E-04   0.443872E-06
  1769   0.133568E-04   0.441396E-06
  1770   0.132749E-04   0.438934E-06
  1771   0.131935E-04   0.436485E-06
  1772   0.131126E-04   0.434050E-06
  1773   0.130323E-04   0.431628E-06
  1774   0.129524E-04   0.429220E-06
  1775   0.128730E-04   0.426825E-06
  1776   0.127940E-04   0.424443E-06
  1777   0.127156E-04   0.422075E-06
  1778   0.126376E-04   0.419719E-06
  1779   0.125602E-04   0.417377E-06
  1780   0.124832E-04   0.415047E-06
  1781   0.124066E-04   0.412731E-06
  1782   0.123306E-04   0.410427E-06
  1783   0.122550E-04   0.408136E-06
  1784   0.121798E-04   0.405857E-06
  1785   0.121052E-04   0.403591E-06
  1786   0.120310E-04   0.401338E-06
  1787   0.119572E-04   0.399097E-06
  1788   0.118839E-04   0.396868E-06
  1789   0.118110E-04   0.394652E-06
  1790   0.117386E-04   0.392448E-06
  1791   0.116667E-04   0.390257E-06
  1792   0.115951E-04   0.388077E-06
  1793   0.115241E-04   0.385909E-06
  1794   0.114534E-04   0.383754E-06
  1795   0.113832E-04   0.381610E-06
  1796   0.113134E-04   0.379478E-06
  1797   0.112441E-04   0.377358E-06
  1798   0.111751E-04   0.375250E-06
  1799   0.111066E-04   0.373153E-06
  1800   0.110385E-04   0.371068E-06
  1801   0.109708E-04   0.368995E-06
  1802   0.109036E-04   0.366933E-06
  1803   0.108367E-04   0.364882E-06
  1804   0.107703E-04   0.362843E-06
  1805   0.107043E-04   0.360815E-06
  1806   0.106387E-04   0.358798E-06
  1807   0.105734E-04   0.356793E-06
  1808   0.105086E-04   0.354798E-06
  1809   0.104442E-04   0.352815E-06
  1810   0.103802E-04   0.350842E-06
  1811   0.103165E-04   0.348881E-06
  1812   0.102533E-04   0.346930E-06
  1813   0.101904E-04   0.344990E-06
  1814   0.101279E-04   0.343061E-06
  1815   0.100658E-04   0.341143E-06
  1816   0.100041E-04   0.339235E-06
  1817   0.994280E-05   0.337338E-06
  1818   0.988185E-05   0.335451E-06
  1819   0.982127E-05   0.333575E-06
  1820   0.976106E-05   0.331709E-06
  1821   0.970121E-05   0.329853E-06
  1822   0.964174E-05   0.328008E-06
  1823   0.958263E-05   0.326173E-06
  1824   0.952388E-05   0.324348E-06
  1825   0.946550E-05   0.322533E-06
  1826   0.940747E-05   0.320728E-06
  1827   0.934979E-05   0.318934E-06
  1828   0.929247E-05   0.317149E-06
  1829   0.923550E-05   0.315374E-06
  1830   0.917888E-05   0.313609E-06
  1831   0.912261E-05   0.311854E-06
  1832   0.906668E-05   0.310108E-06
  1833   0.901110E-05   0.308372E-06
  1834   0.895586E-05   0.306646E-06
  1835   0.890095E-05   0.304930E-06
  1836   0.884638E-05   0.303222E-06
  1837   0.879215E-05   0.301525E-06
  1838   0.873825E-05   0.299836E-06
  1839   0.868468E-05   0.298158E-06
  1840   0.863143E-05   0.296488E-06
  1841   0.857852E-05   0.294828E-06
  1842   0.852592E-05   0.293177E-06
  1843   0.847366E-05   0.291535E-06
  1844   0.842171E-05   0.289902E-06
  1845   0.837008E-05   0.288278E-06
  1846   0.831876E-05   0.286663E-06
  1847   0.826776E-05   0.285058E-06
  1848   0.821708E-05   0.283461E-06
  1849   0.816670E-05   0.281873E-06
  1850   0.811663E-05   0.280294E-06
  1851   0.806687E-05   0.278723E-06
  1852   0.801742E-05   0.277161E-06
  1853   0.796827E-05   0.275608E-06
  1854   0.791942E-05   0.274064E-06
  1855   0.787086E-05   0.272528E-06
  1856   0.782261E-05   0.271001E-06
  1857   0.777465E-05   0.269482E-06
  1858   0.772699E-05   0.267972E-06
  1859   0.767962E-05   0.266469E-06
  1860   0.763254E-05   0.264976E-06
  1861   0.758575E-05   0.263490E-06
  1862   0.753924E-05   0.262013E-06
  1863   0.749302E-05   0.260544E-06
  1864   0.744708E-05   0.259084E-06
  1865   0.740143E-05   0.257631E-06
  1866   0.735605E-05   0.256186E-06
  1867   0.731095E-05   0.254750E-06
  1868   0.726613E-05   0.253321E-06
  1869   0.722159E-05   0.251901E-06
  1870   0.717731E-05   0.250488E-06
  1871   0.713331E-05   0.249083E-06
  1872   0.708958E-05   0.247686E-06
  1873   0.704612E-05   0.246297E-06
  1874   0.700292E-05   0.244915E-06
  1875   0.695999E-05   0.243541E-06
  1876   0.691732E-05   0.242175E-06
  1877   0.687491E-05   0.240816E-06
  1878   0.683276E-05   0.239465E-06
  1879   0.679087E-05   0.238122E-06
  1880   0.674924E-05   0.236785E-06
  1881   0.670786E-05   0.235457E-06
  1882   0.666674E-05   0.234135E-06
  1883   0.662587E-05   0.232822E-06
  1884   0.658525E-05   0.231515E-06
  1885   0.654488E-05   0.230216E-06
  1886   0.650475E-05   0.228923E-06
  1887   0.646487E-05   0.227638E-06
  1888   0.642524E-05   0.226361E-06
  1889   0.638585E-05   0.225090E-06
  1890   0.634670E-05   0.223826E-06
  1891   0.630779E-05   0.222570E-06
  1892   0.626912E-05   0.221320E-06
  1893   0.623069E-05   0.220077E-06
  1894   0.619249E-05   0.218842E-06
  1895   0.615453E-05   0.217613E-06
  1896   0.611679E-05   0.216391E-06
  1897   0.607929E-05   0.215176E-06
  1898   0.604202E-05   0.213967E-06
  1899   0.600498E-05   0.212765E-06
  1900   0.596817E-05   0.211570E-06
  1901   0.593158E-05   0.210382E-06
  1902   0.589522E-05   0.209200E-06
  1903   0.585907E-05   0.208025E-06
  1904   0.582315E-05   0.206856E-06
  1905   0.578745E-05   0.205694E-06
  1906   0.575197E-05   0.204539E-06
  1907   0.571671E-05   0.203389E-06
  1908   0.568166E-05   0.202247E-06
  1909   0.564683E-05   0.201110E-06
  1910   0.561221E-05   0.199980E-06
  1911   0.557781E-05   0.198856E-06
  1912   0.554361E-05   0.197739E-06
  1913   0.550962E-05   0.196627E-06
  1914   0.547585E-05   0.195522E-06
  1915   0.544228E-05   0.194423E-06
  1916   0.540891E-05   0.193330E-06
  1917   0.537575E-05   0.192243E-06
  1918   0.534280E-05   0.191163E-06
  1919   0.531004E-05   0.190088E-06
  1920   0.527749E-05   0.189019E-06
  1921   0.524513E-05   0.187957E-06
  1922   0.521298E-05   0.186900E-06
  1923   0.518102E-05   0.185849E-06
  1924   0.514925E-05   0.184804E-06
  1925   0.511769E-05   0.183765E-06
  1926   0.508631E-05   0.182731E-06
  1927   0.505513E-05   0.181703E-06
  1928   0.502414E-05   0.180682E-06
  1929   0.499334E-05   0.179665E-06
  1930   0.496272E-05   0.178655E-06
  1931   0.493230E-05   0.177650E-06
  1932   0.490206E-05   0.176650E-06
  1933   0.487201E-05   0.175657E-06
  1934   0.484214E-05   0.174668E-06
  1935   0.481245E-05   0.173686E-06
  1936   0.478295E-05   0.172708E-06
  1937   0.475363E-05   0.171737E-06
  1938   0.472449E-05   0.170770E-06
  1939   0.469552E-05   0.169809E-06
  1940   0.466674E-05   0.168854E-06
  1941   0.463813E-05   0.167903E-06
  1942   0.460969E-05   0.166959E-06
  1943   0.458143E-05   0.166019E-06
  1944   0.455334E-05   0.165084E-06
  1945   0.452543E-05   0.164155E-06
  1946   0.449768E-05   0.163231E-06
  1947   0.447011E-05   0.162312E-06
  1948   0.444271E-05   0.161399E-06
  1949   0.441547E-05   0.160490E-06
  1950   0.438840E-05   0.159586E-06
  1951   0.436150E-05   0.158688E-06
  1952   0.433476E-05   0.157794E-06
  1953   0.430818E-05   0.156906E-06
  1954   0.428177E-05   0.156022E-06
  1955   0.425552E-05   0.155144E-06
  1956   0.422943E-05   0.154270E-06
  1957   0.420350E-05   0.153401E-06
  1958   0.417773E-05   0.152537E-06
  1959   0.415212E-05   0.151678E-06
  1960   0.412667E-05   0.150823E-06
  1961   0.410137E-05   0.149974E-06
  1962   0.407622E-05   0.149129E-06
  1963   0.405123E-05   0.148289E-06
  1964   0.402640E-05   0.147454E-06
  1965   0.400171E-05   0.146623E-06
  1966   0.397718E-05   0.145797E-06
  1967   0.395280E-05   0.144975E-06
  1968   0.392856E-05   0.144158E-06
  1969   0.390448E-05   0.143346E-06
  1970   0.388054E-05   0.142538E-06
  1971   0.385675E-05   0.141735E-06
  1972   0.383311E-05   0.140936E-06
  1973   0.380961E-05   0.140142E-06
  1974   0.378625E-05   0.139352E-06
  1975   0.376304E-05   0.138566E-06
  1976   0.373997E-05   0.137785E-06
  1977   0.371704E-05   0.137009E-06
  1978   0.369425E-05   0.136236E-06
  1979   0.367161E-05   0.135468E-06
  1980   0.364910E-05   0.134704E-06
  1981   0.362672E-05   0.133945E-06
  1982   0.360449E-05   0.133190E-06
  1983   0.358239E-05   0.132439E-06
  1984   0.356043E-05   0.131692E-06
  1985   0.353860E-05   0.130949E-06
  1986   0.351691E-05   0.130211E-06
  1987   0.349535E-05   0.129477E-06
  1988   0.347392E-05   0.128746E-06
  1989   0.345262E-05   0.128020E-06
  1990   0.343146E-05   0.127298E-06
  1991   0.341042E-05   0.126580E-06
  1992   0.338951E-05   0.125866E-06
  1993   0.336873E-05   0.125156E-06
  1994   0.334808E-05   0.124450E-06
  1995   0.332755E-05   0.123748E-06
  1996   0.330715E-05   0.123050E-06
  1997   0.328688E-05   0.122355E-06
  1998   0.326673E-05   0.121665E-06
  1999   0.324670E-05   0.120979E-06
  2000   0.322679E-05   0.120296E-06
  2001   0.320701E-05   0.119617E-06
  2002   0.318735E-05   0.118942E-06
  2003   0.316781E-05   0.118271E-06
  2004   0.314839E-05   0.117603E-06
  2005   0.312909E-05   0.116939E-06
  2006   0.310991E-05   0.116279E-06
  2007   0.309084E-05   0.115623E-06
  2008   0.307189E-05   0.114970E-06
  2009   0.305306E-05   0.114321E-06
  2010   0.303434E-05   0.113676E-06
  2011   0.301574E-05   0.113034E-06
  2012   0.299725E-05   0.112396E-06
  2013   0.297888E-05   0.111761E-06
  2014   0.296061E-05   0.111130E-06
  2015   0.294246E-05   0.110503E-06
  2016   0.292442E-05   0.109879E-06
  2017   0.290649E-05   0.109258E-06
  2018   0.288868E-05   0.108641E-06
  2019   0.287097E-05   0.108028E-06
  2020   0.285337E-05   0.107418E-06
  2021   0.283587E-05   0.106811E-06
  2022   0.281849E-05   0.106208E-06
  2023   0.280121E-05   0.105608E-06
  2024   0.278403E-05   0.105011E-06
  2025   0.276697E-05   0.104418E-06
  2026   0.275000E-05   0.103828E-06
  2027   0.273314E-05   0.103242E-06
  2028   0.271639E-05   0.102658E-06
  2029   0.269974E-05   0.102078E-06
  2030   0.268318E-05   0.101501E-06
  2031   0.266673E-05   0.100928E-06
  2032   0.265039E-05   0.100358E-06
  2033   0.263414E-05   0.997905E-07
  2034   0.261799E-05   0.992266E-07
  2035   0.260194E-05   0.986658E-07
  2036   0.258599E-05   0.981082E-07
  2037   0.257013E-05   0.975537E-07
  2038   0.255438E-05   0.970023E-07
  2039   0.253872E-05   0.964540E-07
  2040   0.252315E-05   0.959088E-07
  2041   0.250768E-05   0.953666E-07
  2042   0.249231E-05   0.948275E-07
  2043   0.247703E-05   0.942914E-07
  2044   0.246184E-05   0.937583E-07
  2045   0.244675E-05   0.932282E-07
  2046   0.243175E-05   0.927011E-07
  2047   0.241684E-05   0.921770E-07
  2048   0.240203E-05   0.916558E-07
  2049   0.238730E-05   0.911375E-07
  2050   0.237267E-05   0.906221E-07
  2051   0.235812E-05   0.901096E-07
  2052   0.234366E-05   0.896000E-07
  2053   0.232929E-05   0.890932E-07
  2054   0.231501E-05   0.885893E-07
  2055   0.230082E-05   0.880882E-07
  2056   0.228672E-05   0.875900E-07
  2057   0.227270E-05   0.870945E-07
  2058   0.225876E-05   0.866018E-07
  2059   0.224492E-05   0.861119E-07
  2060   0.223115E-05   0.856247E-07
  2061   0.221748E-05   0.851403E-07
  2062   0.220388E-05   0.846586E-07
  2063   0.219037E-05   0.841796E-07
  2064   0.217694E-05   0.837033E-07
  2065   0.216360E-05   0.832296E-07
  2066   0.215033E-05   0.827587E-07
  2067   0.213715E-05   0.822903E-07
  2068   0.212405E-05   0.818246E-07
  2069   0.211102E-05   0.813615E-07
  2070   0.209808E-05   0.809011E-07
  2071   0.208522E-05   0.804432E-07
  2072   0.207244E-05   0.799879E-07
  2073   0.205973E-05   0.795351E-07
  2074   0.204710E-05   0.790849E-07
  2075   0.203455E-05   0.786372E-07
  2076   0.202208E-05   0.781920E-07
  2077   0.200968E-05   0.777493E-07
  2078   0.199736E-05   0.773092E-07
  2079   0.198512E-05   0.768714E-07
  2080   0.197295E-05   0.764362E-07
  2081   0.196085E-05   0.760034E-07
  2082   0.194883E-05   0.755730E-07
  2083   0.193688E-05   0.751451E-07
  2084   0.192501E-05   0.747195E-07
  2085   0.191321E-05   0.742964E-07
  2086   0.190148E-05   0.738756E-07
  2087   0.188982E-05   0.734572E-07
  2088   0.187824E-05   0.730412E-07
  2089   0.186672E-05   0.726275E-07
  2090   0.185528E-05   0.722161E-07
  2091   0.184390E-05   0.718070E-07
  2092   0.183260E-05   0.714002E-07
  2093   0.182136E-05   0.709958E-07
  2094   0.181020E-05   0.705936E-07
  2095   0.179910E-05   0.701936E-07
  2096   0.178807E-05   0.697959E-07
  2097   0.177711E-05   0.694005E-07
  2098   0.176621E-05   0.690072E-07
  2099   0.175538E-05   0.686162E-07
  2100   0.174462E-05   0.682274E-07
  2101   0.173393E-05   0.678408E-07
  2102   0.172330E-05   0.674563E-07
  2103   0.171273E-05   0.670740E-07
  2104   0.170223E-05   0.666939E-07
  2105   0.169180E-05   0.663159E-07
  2106   0.168142E-05   0.659400E-07
  2107   0.167112E-05   0.655662E-07
  2108   0.166087E-05   0.651946E-07
  2109   0.165069E-05   0.648250E-07
  2110   0.164057E-05   0.644575E-07
  2111   0.163051E-05   0.640921E-07
  2112   0.162052E-05   0.637288E-07
  2113   0.161058E-05   0.633675E-07
  2114   0.160071E-05   0.630082E-07
  2115   0.159089E-05   0.626509E-07
  2116   0.158114E-05   0.622957E-07
  2117   0.157145E-05   0.619425E-07
  2118   0.156181E-05   0.615912E-07
  2119   0.155224E-05   0.612419E-07
  2120   0.154272E-05   0.608946E-07
  2121   0.153326E-05   0.605493E-07
  2122   0.152386E-05   0.602059E-07
  2123   0.151452E-05   0.598644E-07
  2124   0.150524E-05   0.595249E-07
  2125   0.149601E-05   0.591872E-07
  2126   0.148684E-05   0.588515E-07
  2127   0.147772E-05   0.585176E-07
  2128   0.146866E-05   0.581857E-07
  2129   0.145966E-05   0.578556E-07
  2130   0.145071E-05   0.575274E-07
  2131   0.144182E-05   0.572010E-07
  2132   0.143298E-05   0.568765E-07
  2133   0.142419E-05   0.565537E-07
  2134   0.141546E-05   0.562328E-07
  2135   0.140678E-05   0.559138E-07
  2136   0.139816E-05   0.555965E-07
  2137   0.138959E-05   0.552810E-07
  2138   0.138107E-05   0.549673E-07
  2139   0.137260E-05   0.546553E-07
  2140   0.136419E-05   0.543451E-07
  2141   0.135582E-05   0.540367E-07
  2142   0.134751E-05   0.537300E-07
  2143   0.133925E-05   0.534250E-07
  2144   0.133104E-05   0.531217E-07
  2145   0.132288E-05   0.528202E-07
  2146   0.131477E-05   0.525203E-07
  2147   0.130671E-05   0.522222E-07
  2148   0.129870E-05   0.519257E-07
  2149   0.129074E-05   0.516309E-07
  2150   0.128282E-05   0.513378E-07
  2151   0.127496E-05   0.510463E-07
  2152   0.126714E-05   0.507564E-07
  2153   0.125937E-05   0.504682E-07
  2154   0.125165E-05   0.501816E-07
  2155   0.124398E-05   0.498967E-07
  2156   0.123635E-05   0.496133E-07
  2157   0.122877E-05   0.493316E-07
  2158   0.122124E-05   0.490514E-07
  2159   0.121375E-05   0.487728E-07
  2160   0.120631E-05   0.484958E-07
  2161   0.119892E-05   0.482203E-07
  2162   0.119157E-05   0.479464E-07
  2163   0.118426E-05   0.476741E-07
  2164   0.117700E-05   0.474033E-07
  2165   0.116979E-05   0.471340E-07
  2166   0.116261E-05   0.468662E-07
  2167   0.115549E-05   0.465999E-07
  2168   0.114840E-05   0.463352E-07
  2169   0.114136E-05   0.460719E-07
  2170   0.113436E-05   0.458102E-07
  2171   0.112741E-05   0.455499E-07
  2172   0.112050E-05   0.452910E-07
  2173   0.111363E-05   0.450337E-07
  2174   0.110680E-05   0.447777E-07
  2175   0.110002E-05   0.445233E-07
  2176   0.109327E-05   0.442702E-07
  2177   0.108657E-05   0.440186E-07
  2178   0.107991E-05   0.437685E-07
  2179   0.107329E-05   0.435197E-07
  2180   0.106671E-05   0.432723E-07
  2181   0.106017E-05   0.430264E-07
  2182   0.105367E-05   0.427818E-07
  2183   0.104721E-05   0.425386E-07
  2184   0.104079E-05   0.422968E-07
  2185   0.103441E-05   0.420563E-07
  2186   0.102807E-05   0.418172E-07
  2187   0.102176E-05   0.415794E-07
  2188   0.101550E-05   0.413430E-07
  2189   0.100928E-05   0.411080E-07
  2190   0.100309E-05   0.408742E-07
  2191   0.996938E-06   0.406418E-07
  2192   0.990826E-06   0.404107E-07
  2193   0.984752E-06   0.401809E-07
  2194   0.978715E-06   0.399524E-07
  2195   0.972714E-06   0.397252E-07
  2196   0.966751E-06   0.394992E-07
  2197   0.960824E-06   0.392746E-07
  2198   0.954934E-06   0.390512E-07
  2199   0.949079E-06   0.388291E-07
  2200   0.943261E-06   0.386082E-07
  2201   0.937478E-06   0.383886E-07
  2202   0.931731E-06   0.381702E-07
  2203   0.926019E-06   0.379531E-07
  2204   0.920342E-06   0.377372E-07
  2205   0.914699E-06   0.375225E-07
  2206   0.909092E-06   0.373090E-07
  2207   0.903518E-06   0.370967E-07
  2208   0.897979E-06   0.368857E-07
  2209   0.892474E-06   0.366758E-07
  2210   0.887003E-06   0.364671E-07
  2211   0.881565E-06   0.362596E-07
  2212   0.876160E-06   0.360532E-07
  2213   0.870789E-06   0.358481E-07
  2214   0.865450E-06   0.356441E-07
  2215   0.860144E-06   0.354412E-07
  2216   0.854871E-06   0.352395E-07
  2217   0.849630E-06   0.350389E-07
  2218   0.844422E-06   0.348395E-07
  2219   0.839245E-06   0.346412E-07
  2220   0.834100E-06   0.344440E-07
  2221   0.828986E-06   0.342479E-07
  2222   0.823904E-06   0.340530E-07
  2223   0.818853E-06   0.338591E-07
  2224   0.813833E-06   0.336663E-07
  2225   0.808843E-06   0.334747E-07
  2226   0.803885E-06   0.332841E-07
  2227   0.798956E-06   0.330946E-07
  2228   0.794058E-06   0.329061E-07
  2229   0.789190E-06   0.327188E-07
  2230   0.784352E-06   0.325325E-07
  2231   0.779543E-06   0.323472E-07
  2232   0.774764E-06   0.321630E-07
  2233   0.770014E-06   0.319798E-07
  2234   0.765294E-06   0.317977E-07
  2235   0.760602E-06   0.316166E-07
  2236   0.755939E-06   0.314365E-07
  2237   0.751305E-06   0.312575E-07
  2238   0.746699E-06   0.310795E-07
  2239   0.742121E-06   0.309024E-07
  2240   0.737571E-06   0.307264E-07
  2241   0.733049E-06   0.305514E-07
  2242   0.728555E-06   0.303773E-07
  2243   0.724089E-06   0.302043E-07
  2244   0.719650E-06   0.300322E-07
  2245   0.715238E-06   0.298611E-07
  2246   0.710853E-06   0.296910E-07
  2247   0.706495E-06   0.295218E-07
  2248   0.702164E-06   0.293536E-07
  2249   0.697859E-06   0.291863E-07
  2250   0.693581E-06   0.290200E-07
  2251   0.689328E-06   0.288547E-07
  2252   0.685102E-06   0.286902E-07
  2253   0.680902E-06   0.285267E-07
  2254   0.676728E-06   0.283642E-07
  2255   0.672579E-06   0.282025E-07
  2256   0.668456E-06   0.280418E-07
  2257   0.664358E-06   0.278819E-07
  2258   0.660285E-06   0.277230E-07
  2259   0.656237E-06   0.275650E-07
  2260   0.652214E-06   0.274079E-07
  2261   0.648215E-06   0.272516E-07
  2262   0.644241E-06   0.270963E-07
  2263   0.640292E-06   0.269418E-07
  2264   0.636366E-06   0.267882E-07
  2265   0.632465E-06   0.266355E-07
  2266   0.628588E-06   0.264836E-07
  2267   0.624734E-06   0.263326E-07
  2268   0.620904E-06   0.261825E-07
  2269   0.617097E-06   0.260332E-07
  2270   0.613314E-06   0.258848E-07
  2271   0.609554E-06   0.257372E-07
  2272   0.605817E-06   0.255904E-07
  2273   0.602103E-06   0.254445E-07
  2274   0.598412E-06   0.252994E-07
  2275   0.594743E-06   0.251551E-07
  2276   0.591097E-06   0.250116E-07
  2277   0.587473E-06   0.248689E-07
  2278   0.583872E-06   0.247271E-07
  2279   0.580292E-06   0.245861E-07
  2280   0.576735E-06   0.244458E-07
  2281   0.573199E-06   0.243064E-07
  2282   0.569685E-06   0.241677E-07
  2283   0.566192E-06   0.240299E-07
  2284   0.562721E-06   0.238928E-07
  2285   0.559271E-06   0.237565E-07
  2286   0.555843E-06   0.236209E-07
  2287   0.552435E-06   0.234862E-07
  2288   0.549048E-06   0.233522E-07
  2289   0.545682E-06   0.232189E-07
  2290   0.542337E-06   0.230864E-07
  2291   0.539012E-06   0.229547E-07
  2292   0.535707E-06   0.228237E-07
  2293   0.532423E-06   0.226935E-07
  2294   0.529159E-06   0.225640E-07
  2295   0.525915E-06   0.224352E-07
  2296   0.522691E-06   0.223071E-07
  2297   0.519486E-06   0.221798E-07
  2298   0.516301E-06   0.220532E-07
  2299   0.513136E-06   0.219274E-07
  2300   0.509990E-06   0.218022E-07
  2301   0.506864E-06   0.216778E-07
  2302   0.503756E-06   0.215540E-07
  2303   0.500668E-06   0.214310E-07
  2304   0.497599E-06   0.213086E-07
  2305   0.494548E-06   0.211870E-07
  2306   0.491516E-06   0.210660E-07
  2307   0.488503E-06   0.209458E-07
  2308   0.485508E-06   0.208262E-07
  2309   0.482531E-06   0.207073E-07
  2310   0.479573E-06   0.205890E-07
  2311   0.476633E-06   0.204715E-07
  2312   0.473711E-06   0.203546E-07
  2313   0.470807E-06   0.202383E-07
  2314   0.467921E-06   0.201228E-07
  2315   0.465052E-06   0.200079E-07
  2316   0.462201E-06   0.198936E-07
  2317   0.459367E-06   0.197800E-07
  2318   0.456551E-06   0.196670E-07
  2319   0.453752E-06   0.195547E-07
  2320   0.450970E-06   0.194430E-07
  2321   0.448206E-06   0.193320E-07
  2322   0.445458E-06   0.192215E-07
  2323   0.442727E-06   0.191117E-07
  2324   0.440013E-06   0.190026E-07
  2325   0.437315E-06   0.188940E-07
  2326   0.434634E-06   0.187861E-07
  2327   0.431969E-06   0.186787E-07
  2328   0.429321E-06   0.185720E-07
  2329   0.426689E-06   0.184659E-07
  2330   0.424073E-06   0.183604E-07
  2331   0.421473E-06   0.182555E-07
  2332   0.418890E-06   0.181512E-07
  2333   0.416322E-06   0.180475E-07
  2334   0.413769E-06   0.179444E-07
  2335   0.411233E-06   0.178418E-07
  2336   0.408711E-06   0.177399E-07
  2337   0.406206E-06   0.176385E-07
  2338   0.403715E-06   0.175377E-07
  2339   0.401240E-06   0.174375E-07
  2340   0.398781E-06   0.173378E-07
  2341   0.396336E-06   0.172387E-07
  2342   0.393906E-06   0.171402E-07
  2343   0.391491E-06   0.170422E-07
  2344   0.389091E-06   0.169448E-07
  2345   0.386706E-06   0.168479E-07
  2346   0.384335E-06   0.167516E-07
  2347   0.381979E-06   0.166559E-07
  2348   0.379637E-06   0.165606E-07
  2349   0.377309E-06   0.164660E-07
  2350   0.374996E-06   0.163718E-07
  2351   0.372697E-06   0.162782E-07
  2352   0.370412E-06   0.161851E-07
  2353   0.368142E-06   0.160926E-07
  2354   0.365885E-06   0.160006E-07
  2355   0.363641E-06   0.159091E-07
  2356   0.361412E-06   0.158181E-07
  2357   0.359196E-06   0.157277E-07
  2358   0.356994E-06   0.156377E-07
  2359   0.354806E-06   0.155483E-07
  2360   0.352631E-06   0.154594E-07
  2361   0.350469E-06   0.153710E-07
  2362   0.348320E-06   0.152831E-07
  2363   0.346185E-06   0.151957E-07
  2364   0.344062E-06   0.151087E-07
  2365   0.341953E-06   0.150223E-07
  2366   0.339857E-06   0.149364E-07
  2367   0.337773E-06   0.148510E-07
  2368   0.335702E-06   0.147660E-07
  2369   0.333644E-06   0.146815E-07
  2370   0.331599E-06   0.145975E-07
  2371   0.329566E-06   0.145140E-07
  2372   0.327545E-06   0.144310E-07
  2373   0.325537E-06   0.143484E-07
  2374   0.323542E-06   0.142663E-07
  2375   0.321558E-06   0.141847E-07
  2376   0.319587E-06   0.141035E-07
  2377   0.317627E-06   0.140228E-07
  2378   0.315680E-06   0.139426E-07
  2379   0.313745E-06   0.138628E-07
  2380   0.311821E-06   0.137835E-07
  2381   0.309910E-06   0.137046E-07
  2382   0.308010E-06   0.136262E-07
  2383   0.306121E-06   0.135482E-07
  2384   0.304245E-06   0.134707E-07
  2385   0.302380E-06   0.133936E-07
  2386   0.300526E-06   0.133169E-07
  2387   0.298683E-06   0.132407E-07
  2388   0.296852E-06   0.131649E-07
  2389   0.295032E-06   0.130895E-07
  2390   0.293224E-06   0.130146E-07
  2391   0.291426E-06   0.129401E-07
  2392   0.289639E-06   0.128660E-07
  2393   0.287864E-06   0.127924E-07
  2394   0.286099E-06   0.127191E-07
  2395   0.284345E-06   0.126463E-07
  2396   0.282602E-06   0.125739E-07
  2397   0.280869E-06   0.125019E-07
  2398   0.279147E-06   0.124303E-07
  2399   0.277436E-06   0.123592E-07
  2400   0.275735E-06   0.122884E-07
  2401   0.274045E-06   0.122180E-07
  2402   0.272364E-06   0.121481E-07
  2403   0.270695E-06   0.120785E-07
  2404   0.269035E-06   0.120093E-07
  2405   0.267386E-06   0.119406E-07
  2406   0.265747E-06   0.118722E-07
  2407   0.264117E-06   0.118042E-07
  2408   0.262498E-06   0.117366E-07
  2409   0.260889E-06   0.116694E-07
  2410   0.259289E-06   0.116025E-07
  2411   0.257700E-06   0.115361E-07
  2412   0.256120E-06   0.114700E-07
  2413   0.254550E-06   0.114043E-07
  2414   0.252989E-06   0.113389E-07
  2415   0.251438E-06   0.112740E-07
  2416   0.249897E-06   0.112094E-07
  2417   0.248365E-06   0.111452E-07
  2418   0.246842E-06   0.110813E-07
  2419   0.245329E-06   0.110178E-07
  2420   0.243825E-06   0.109547E-07
  2421   0.242330E-06   0.108920E-07
  2422   0.240844E-06   0.108295E-07
  2423   0.239368E-06   0.107675E-07
  2424   0.237900E-06   0.107058E-07
  2425   0.236442E-06   0.106444E-07
  2426   0.234992E-06   0.105834E-07
  2427   0.233552E-06   0.105228E-07
  2428   0.232120E-06   0.104625E-07
  2429   0.230697E-06   0.104025E-07
  2430   0.229282E-06   0.103429E-07
  2431   0.227877E-06   0.102836E-07
  2432   0.226480E-06   0.102247E-07
  2433   0.225091E-06   0.101661E-07
  2434   0.223711E-06   0.101078E-07
  2435   0.222340E-06   0.100499E-07
  2436   0.220977E-06   0.999227E-08
  2437   0.219622E-06   0.993499E-08
  2438   0.218276E-06   0.987804E-08
  2439   0.216937E-06   0.982141E-08
  2440   0.215607E-06   0.976511E-08
  2441   0.214286E-06   0.970912E-08
  2442   0.212972E-06   0.965346E-08
  2443   0.211666E-06   0.959811E-08
  2444   0.210369E-06   0.954308E-08
  2445   0.209079E-06   0.948836E-08
  2446   0.207797E-06   0.943396E-08
  2447   0.206523E-06   0.937986E-08
  2448   0.205257E-06   0.932608E-08
  2449   0.203999E-06   0.927260E-08
  2450   0.202748E-06   0.921942E-08
  2451   0.201505E-06   0.916655E-08
  2452   0.200270E-06   0.911398E-08
  2453   0.199042E-06   0.906171E-08
  2454   0.197822E-06   0.900974E-08
  2455   0.196609E-06   0.895807E-08
  2456   0.195404E-06   0.890669E-08
  2457   0.194206E-06   0.885560E-08
  2458   0.193015E-06   0.880481E-08
  2459   0.191832E-06   0.875430E-08
  2460   0.190656E-06   0.870409E-08
  2461   0.189487E-06   0.865416E-08
  2462   0.188325E-06   0.860451E-08
  2463   0.187171E-06   0.855515E-08
  2464   0.186023E-06   0.850607E-08
  2465   0.184883E-06   0.845727E-08
  2466   0.183749E-06   0.840875E-08
  2467   0.182623E-06   0.836050E-08
  2468   0.181503E-06   0.831254E-08
  2469   0.180390E-06   0.826484E-08
  2470   0.179284E-06   0.821742E-08
  2471   0.178185E-06   0.817027E-08
  2472   0.177093E-06   0.812338E-08
  2473   0.176007E-06   0.807677E-08
  2474   0.174928E-06   0.803042E-08
  2475   0.173856E-06   0.798433E-08
  2476   0.172790E-06   0.793851E-08
  2477   0.171731E-06   0.789295E-08
  2478   0.170678E-06   0.784765E-08
  2479   0.169631E-06   0.780261E-08
  2480   0.168591E-06   0.775783E-08
  2481   0.167558E-06   0.771330E-08
  2482   0.166531E-06   0.766903E-08
  2483   0.165510E-06   0.762501E-08
  2484   0.164495E-06   0.758124E-08
  2485   0.163487E-06   0.753772E-08
  2486   0.162484E-06   0.749445E-08
  2487   0.161488E-06   0.745143E-08
  2488   0.160498E-06   0.740865E-08
  2489   0.159514E-06   0.736612E-08
  2490   0.158536E-06   0.732383E-08
  2491   0.157564E-06   0.728178E-08
  2492   0.156598E-06   0.723997E-08
  2493   0.155638E-06   0.719840E-08
  2494   0.154684E-06   0.715707E-08
  2495   0.153736E-06   0.711597E-08
  2496   0.152793E-06   0.707511E-08
  2497   0.151857E-06   0.703448E-08
  2498   0.150926E-06   0.699409E-08
  2499   0.150000E-06   0.695392E-08
  2500   0.149081E-06   0.691399E-08
  2501   0.148167E-06   0.687428E-08
  2502   0.147258E-06   0.683480E-08
  2503   0.146356E-06   0.679555E-08
  2504   0.145458E-06   0.675652E-08
  2505   0.144567E-06   0.671771E-08
  2506   0.143680E-06   0.667913E-08
  2507   0.142799E-06   0.664076E-08
  2508   0.141924E-06   0.660262E-08
  2509   0.141054E-06   0.656469E-08
  2510   0.140189E-06   0.652698E-08
  2511   0.139330E-06   0.648949E-08
  2512   0.138475E-06   0.645221E-08
  2513   0.137627E-06   0.641514E-08
  2514   0.136783E-06   0.637828E-08
  2515   0.135944E-06   0.634164E-08
  2516   0.135111E-06   0.630520E-08
  2517   0.134282E-06   0.626898E-08
  2518   0.133459E-06   0.623296E-08
  2519   0.132641E-06   0.619714E-08
  2520   0.131828E-06   0.616153E-08
  2521   0.131020E-06   0.612613E-08
  2522   0.130216E-06   0.609093E-08
  2523   0.129418E-06   0.605592E-08
  2524   0.128625E-06   0.602112E-08
  2525   0.127836E-06   0.598652E-08
  2526   0.127052E-06   0.595212E-08
  2527   0.126274E-06   0.591791E-08
  2528   0.125499E-06   0.588390E-08
  2529   0.124730E-06   0.585008E-08
  2530   0.123965E-06   0.581646E-08
  2531   0.123205E-06   0.578302E-08
  2532   0.122450E-06   0.574978E-08
  2533   0.121699E-06   0.571673E-08
  2534   0.120953E-06   0.568387E-08
  2535   0.120212E-06   0.565120E-08
  2536   0.119475E-06   0.561871E-08
  2537   0.118742E-06   0.558641E-08
  2538   0.118014E-06   0.555430E-08
  2539   0.117291E-06   0.552236E-08
  2540   0.116572E-06   0.549062E-08
  2541   0.115857E-06   0.545905E-08
  2542   0.115147E-06   0.542766E-08
  2543   0.114441E-06   0.539645E-08
  2544   0.113739E-06   0.536543E-08
  2545   0.113042E-06   0.533457E-08
  2546   0.112349E-06   0.530390E-08
  2547   0.111660E-06   0.527340E-08
  2548   0.110976E-06   0.524308E-08
  2549   0.110295E-06   0.521293E-08
  2550   0.109619E-06   0.518295E-08
  2551   0.108947E-06   0.515314E-08
  2552   0.108279E-06   0.512350E-08
  2553   0.107615E-06   0.509404E-08
  2554   0.106955E-06   0.506474E-08
  2555   0.106300E-06   0.503561E-08
  2556   0.105648E-06   0.500665E-08
  2557   0.105000E-06   0.497785E-08
  2558   0.104357E-06   0.494922E-08
  2559   0.103717E-06   0.492075E-08
  2560   0.103081E-06   0.489244E-08
  2561   0.102449E-06   0.486430E-08
  2562   0.101821E-06   0.483632E-08
  2563   0.101197E-06   0.480849E-08
  2564   0.100576E-06   0.478083E-08
  2565   0.999598E-07   0.475333E-08
